Obj: 1.9740125698506237
SolTime: 2.488924026489258
Upper level solution: [ 2.04374295e-02  4.76179754e-09  7.77776151e-02  1.00666976e-08
 -7.09496366e-10 -6.69409673e-10  1.70000817e-09  4.35469658e-09
  4.74655621e-02  3.26256546e-09  2.31540362e-09  1.70342645e-02
  1.69620725e-09  6.09169405e-03  4.34100638e-08  4.14760449e-10
  8.19908500e-02  6.92950331e-02  3.88530181e-09  3.35963193e-02
  2.99828478e-09  2.06568749e-11  2.27141229e-02  3.33684558e-02
  1.24651864e-09  1.27454416e-08  5.63429251e-09  4.81139105e-02
  2.12045436e-10  7.90876815e-02  1.72097363e-09  6.93925909e-09
  1.27814635e-01  5.68290948e-10  3.63866972e-09 -2.78152027e-10
 -7.85682691e-10  1.98698841e-09  5.15869184e-07 -2.88950581e-10
  1.17694235e-08  2.53814185e-09  1.87367360e-01  1.08780042e-08
  1.43616918e-02  6.35625754e-03 -9.15546425e-10 -3.07975761e-10
  1.27126465e-01]
