-870.5926295584841
-0.6219301357346294
-0.27117249506484253
-0.2083215748886739
-0.17468388249588226
-0.1362676664340488
-0.1136199602093615
-0.10827239760823543
-0.09991315452551475
-0.08946463440632776
-0.08118601305653632
-0.0728071832387229
-0.03901275569440621
-0.031255986231533556
-0.07214741898096493
-0.07143772973094158
-0.06570295265846218
-0.02976980363416959
-0.02744119233558598
-0.01243398874481258
-0.012012758774861881
-0.008492768710469084
-0.008116215747416888
-0.0045601903071395
-0.003212534857963273
-0.002713923260198564
-0.002498958552261954
-0.0066841150957686335
-0.0023672577692781527
-0.0018863799972781148
-0.0018393446611444375
-0.002218908989377044
-0.0010501102318505318
-0.0009994477496046428
-0.001262266252680222
-0.002104781040072806
-0.0008542801499495933
-0.0007631986103899535
-0.000872520685048811
-0.0009515016669133514
-0.000521449571839111
-0.0006704268852285311
-0.0010742338615091218
-0.0007569840334329669
-0.0006675975818557778
-0.0005966225520325774
-0.00047317177374325836
-0.0005778811222750535
-0.0004755764005527352
-0.0003517494789228859
-0.0005475503317914354
-0.00031260603795221775
-0.0003895719685436949
-0.0003775145290529358
-0.0003039186940179406
-0.00031167102998008733
-0.00025915548333843574
-0.0003004555049168911
-0.0002576976604293235
-0.0002490384427038528
-0.0001841884401391769
-0.00028267387967115254
-0.00041058762246137803
-0.00017654169897948768
-0.0002065444436033792
-0.00016605251891421702
-0.00023900143995284062
-0.00014736244896196293
-0.00017634908624844514
-0.0001610622951124796
-0.00015428835681635666
-0.00024194384838635563
-0.00011880797217828087
-0.00013629288263250494
-0.00012528088168128892
-8.745806173288129e-05
-8.292117051439396e-05
-0.00010243557424133298
-0.0001392820582883092
-9.337718140406404e-05
-7.902013569868749e-05
-9.028689108928067e-05
-7.324593582669348e-05
-7.515806178703954e-05
-8.271874821971781e-05
-5.960743533051094e-05
-5.432775686861624e-05
-7.507767469119853e-05
-6.387259439749604e-05
-5.5160925888642076e-05
-4.657474466160383e-05
-4.654744383991716e-05
-4.985002538321348e-05
-4.470976940809668e-05
-4.041000181836951e-05
-3.240558935932447e-05
-4.691975618648092e-05
-3.082147324617868e-05
-2.8454043537268214e-05
-3.3272206391515846e-05
-4.1470840505458684e-05
-2.6740614180814637e-05
-3.6179073464398526e-05
-2.376674837953341e-05
-2.5719766516441034e-05
-2.211073636332328e-05
-1.9519805817047597e-05
-2.0171541196684073e-05
-2.0765532010552645e-05
-1.7495384882465492e-05
-1.4079222858731644e-05
-1.6405248846579346e-05
-2.5299317470972582e-05
-2.1089581496214205e-05
-1.3720573999481678e-05
-1.5043554532995218e-05
-1.7049533034496633e-05
-1.1219755968433498e-05
-1.1139213101113432e-05
-1.6956786322686046e-05
-1.2820727890605621e-05
-9.767215782663374e-06
-1.1607685426573422e-05
-8.497826742864811e-06
-9.809519961351265e-06
-1.0198212822470909e-05
-1.1879319670560218e-05
-8.884846366574717e-06
-7.220297610160964e-06
-6.637734351444546e-06
-7.524704118549996e-06
-7.6610499157026e-06
-6.224993514603039e-06
-7.555510851908753e-06
-5.8328871828938755e-06
-5.487736531140097e-06
-5.616713375899973e-06
-4.848400865425928e-06
