-616.1907400168761
-1.002755913958908
-0.5238877344852029
-0.3632771771779507
-0.3433394060702653
-0.32718922618443397
-0.2988242779371751
-0.25730330655593603
-0.218040730676574
-0.22700975870896462
-0.2585718521158674
-0.1972581990912916
-0.20790351473457114
-0.2503621891164513
-0.19479265303656876
-0.19266540363503856
-0.13821458463885195
-0.15505222004378316
-0.13742786251829858
-0.09250011617321963
-0.07436605039273769
-0.08979250416838697
-0.11577058062637008
-0.10256268152989845
-0.0826384247177604
-0.09009527886221619
-0.06916962872577548
-0.05400457797212571
-0.050977054720264814
-0.06159761411625014
-0.05226017311391118
-0.05438963925130069
-0.04026304378643869
-0.028243490391606785
-0.03131520321718151
-0.03472291864607557
-0.024383216580686817
-0.026087969470663552
-0.02385468312075978
-0.016626793656254246
-0.019793824431562468
-0.017646337688383473
-0.02423615287408165
-0.016164892445201973
-0.017224890728391062
-0.01318757316803576
-0.011514204406299966
-0.013243718834425655
-0.010809379613285375
-0.010106118490147864
-0.01313652265083981
-0.010679680875469166
-0.009398025281581845
-0.016803330450325726
-0.010214777886168647
-0.017771109041884503
-0.009487387351838183
-0.013062067962124335
-0.01228600617807829
-0.012455062192183786
-0.00998255713208801
-0.009737978758798116
-0.01583369619221764
-0.010925579050578171
-0.01061951561834168
-0.0077840617451424565
-0.010310524404174515
-0.009135331396458723
-0.009567992846747864
-0.011365558838757672
-0.008377904885608412
-0.008764770363977215
-0.007184668170142017
-0.008717625075122859
-0.008663259352792996
-0.0076539174641783725
-0.013002399613023907
-0.007485071821437761
-0.007862950942596592
-0.006715203901335121
-0.007981143500778942
-0.009032825156875146
-0.007411327560546244
-0.008673214173785082
-0.0069244028065888474
-0.007149617141958831
-0.008412805090260878
-0.00727244947275546
-0.00980313446236497
-0.006921342163099586
-0.007184822585586115
-0.008220710609746051
-0.006979515515933066
-0.006556740483585177
-0.007647056772377592
-0.005992622637094769
-0.007095163061118903
-0.006113912283986667
-0.005609040186548897
-0.005995710227705897
-0.0054561720608841124
-0.006873281683642818
-0.005784004940088572
-0.006132417293644832
-0.005096802182965043
-0.0046786215380357765
-0.003790406098658383
-0.004832924814030803
-0.004517503858435579
-0.004981552308864268
-0.0037909355286141477
-0.0034785189017588203
-0.004143771782650019
-0.004103392114238047
-0.003314393826873485
-0.00305134803693613
-0.0037832062005074274
-0.0035817980816333916
-0.0030375185361081747
-0.0038289011802154493
-0.003103071793281509
-0.003916480994260785
-0.00607767217088534
-0.003214465057241156
-0.0031300692053723433
-0.003523825999036778
-0.002533111650687647
-0.00315302234855519
-0.0027662457009644537
-0.0029235183553679156
-0.0024000797488826775
-0.004172214747259817
-0.0036518348851811155
-0.0027097333751316954
-0.004342073657292722
-0.004185214622194566
-0.0028930420739387563
-0.0027962732154601655
-0.003016125805444747
-0.003477921067403855
-0.0029683246898821736
-0.003003765491325916
-0.0029385948752216895
-0.0025065900301687316
-0.002197311887356057
-0.0021381065000176114
-0.0026186567265230054
-0.0021558529546866767
-0.0017250280229980097
-0.0018857690971681995
-0.0015297678939893422
-0.0024196344160447025
-0.0028606717972983198
-0.0019342426419959868
-0.0024565016630780923
-0.002476162287621708
-0.0023776832427637173
-0.001854369033080061
-0.0023234678135642395
-0.0018892693661418658
-0.0021834227663378725
-0.0020249881150634086
-0.0020165435738297433
-0.0021496604050248447
-0.001840826388943284
-0.0021655444502529653
-0.0025279691241950064
-0.0018853797816453244
-0.001840306495775823
-0.0019116325910977783
-0.0019022463397599942
-0.0018708314958073013
-0.001847012115342106
-0.0019799529922176484
-0.0014855172578354114
-0.001798141061912062
-0.001325397211606072
-0.0018762289319813608
-0.002027041338794333
-0.001884392958773351
-0.0015637679626175904
-0.001609432093790053
-0.0014208226098189614
-0.0019799507437881503
-0.0018447660584024472
-0.0018051435787609371
-0.001692452471290573
-0.0014572025281513468
-0.001774650365172492
-0.0016271989569073275
-0.0016109605335923316
-0.0016257034057810538
-0.0014486698563744294
-0.0017578958014074497
-0.0014429421196279213
-0.0015524499220146981
-0.0015119776090655734
-0.0015916719981187155
-0.001305211197466738
-0.0019849028399411273
-0.0019568922554345503
-0.0014994571619190156
-0.0013878123671599574
-0.0013403905653898152
-0.001484203262507533
-0.0018445712731888775
-0.00126321085112846
-0.0016952319847348685
-0.0013865990568183162
-0.0017941485936128765
-0.0012775363702445253
-0.0013360486796445414
-0.0014253772420801947
-0.0015169768491852254
-0.0011863555754628163
-0.0011828871956831577
-0.001430605704261012
-0.0014401435518212047
-0.0012407395269158905
-0.001246351219028774
-0.0015283458874073008
-0.0012949757355019131
-0.001149595786597235
-0.0010442977782175178
-0.0010121454806514274
-0.0017433371075569748
-0.0012391247845263131
-0.0015788540856432332
-0.0011343738787987778
-0.001003242603975718
-0.001037886421723977
-0.000868064662285728
-0.0008322631739526298
-0.0009098808468916975
-0.0011845138447464376
-0.0009350249361187446
-0.0008611057504908093
-0.0008212990629277717
-0.001136813811034032
-0.0008718421302162938
-0.0009452089690629162
-0.0010103317144729562
-0.0008717096747580255
-0.0007845933779648262
-0.00107321660342663
-0.0007661888023207108
-0.0008479312773039815
-0.0007883301696559042
-0.0008265066879026284
-0.0007263687998889656
-0.0011075138516186134
-0.0008743750286834273
-0.0009080176539720264
-0.0008975787563141879
-0.0009621073163442184
-0.0007557763667606632
-0.0006743585218273451
-0.0009328087938655361
-0.0009508815847867336
-0.0008729829770925956
-0.0008712626295337977
-0.0009261158800443203
-0.001102312350432344
-0.0010305997905977193
-0.0007589625501107644
-0.000789031132935325
-0.0009541505284372809
-0.0008459795495691647
-0.0008406726239291729
-0.0007558375736056444
-0.0008368393413170083
-0.0006914198489736401
-0.0009063674174983327
-0.0007740268717509879
-0.000842307941638587
-0.0006847660900197727
-0.0007313576636279739
-0.000736560216099913
-0.0008076620081633457
-0.0006260214507513018
-0.0006623351974618386
-0.000553522820085528
-0.0009921194981846737
-0.0008477200422576936
-0.0006556989541961489
-0.0006471228510849247
-0.0006012293173303096
-0.0005407812649236843
-0.000554032599234644
-0.0007430916489175599
-0.0005802935856458191
-0.0007033715112963468
-0.0006317114739056717
-0.0006734953162478297
-0.0006247019391966147
-0.0006900824345798529
-0.0007509818977693983
-0.0007238150028219259
-0.0005190519694018292
-0.0006341874571644257
-0.0005195907488920182
-0.0005856761873272442
-0.0005446673557520931
-0.000706400233907889
-0.0005710380671328785
-0.0005789038343662622
-0.000510418302119342
-0.0005767644961148233
-0.0005718948667040591
-0.0006401055310185089
-0.0006195902879913007
-0.0005489268037446315
-0.0004931110030786945
-0.0006019421795551705
-0.0005443878543199832
-0.0006613850526655529
-0.0005918955658681946
-0.0006159438912907156
-0.0006339753545776539
-0.000494374323944724
-0.00047351732239026
-0.0006720271694719004
-0.0005750372147951821
-0.0005128205260020446
-0.0006190037658060366
-0.0005825508151178771
-0.00044990818718626535
-0.0006103955295385655
-0.0005707836309167824
-0.0005075733672917915
-0.00059214728267587
-0.000536457090240805
-0.00044802647022695874
-0.000440660152200123
-0.0005029002464377319
-0.00048256047257316803
-0.0007294001690047458
-0.0006536513540343902
-0.0004481461825764921
-0.0004729798425484044
-0.0004245350553345739
-0.0004829858827098965
-0.0005477211912667812
-0.0004564363630037982
-0.00045675143467088786
-0.00046286359848962677
-0.00043037890980662796
-0.0003687835065550593
-0.0003853443226903841
-0.00047990463796959704
-0.00039049299274152016
-0.00036823363766497197
-0.0003434970548449878
-0.00038313037429132946
-0.00041411678540020924
-0.00040626442160535126
-0.0005227246834176857
-0.0004097924532406316
-0.00037403303748861916
-0.0003783005924706262
-0.0004235581284255385
-0.0005366455166243012
-0.00043656102259276297
-0.00043262113009151504
-0.00034581318071652545
-0.00032822663456788526
-0.000520236262910867
-0.00046433612688256964
-0.0003455979925816033
-0.00031422287720883624
-0.0003939856060778957
-0.00042120253766869675
-0.00031249451415094054
-0.0004444227098092668
-0.00045003341953486764
-0.0003975047560820788
-0.00042947007279453553
-0.00039169381719861285
-0.000421952883051413
-0.00035010567560056494
-0.00037278594235651275
-0.00032797748342006106
-0.0004391618682167975
-0.0003491933514149226
-0.00032041832404450243
-0.0003490336849353848
-0.00032341415877668034
-0.00039334702513899034
-0.0004159173222487156
-0.0004168098502111417
-0.00033346415769364146
-0.0003910532775884823
-0.0003386309899713891
-0.00040295489581382293
-0.00039529394154536046
-0.0003928655055109864
-0.0003206730082091491
-0.0005609722407980966
-0.0004830776996324615
-0.00039397092536574974
-0.00035369670702656286
-0.00039266590808306745
-0.000363244606272517
-0.0004589851629173136
-0.0003351049564457864
-0.0003101809929253463
-0.00030801427641724555
-0.0002605830520138186
-0.00035602819370711414
-0.00033499496426903086
-0.0002676986134669268
-0.000274148023309162
-0.00033007540739093955
-0.00031985645298371335
-0.00031598451143605155
-0.00028471958886550075
-0.00030339478271423914
-0.000513940340731156
-0.0003318073744215666
-0.0003819544807219799
-0.0003186321848090423
-0.00033264525125248356
-0.0003735600052094945
-0.0003310343024838791
-0.0003058545928034673
-0.0003152918212406264
-0.00030575748719990914
-0.0002965137096705428
-0.0003204401048587102
-0.00027255780791352047
-0.0003133506300221356
-0.00026086680089065784
-0.00025765511462783053
-0.00027730538328768484
-0.00025305952408161136
-0.00030699986361659715
-0.0003352194944286624
-0.0002670446674795657
-0.00024577503871270334
-0.00024144040215001716
-0.0003643031970479993
-0.00026548668502307526
-0.00035051668074104203
-0.00023926898519494033
-0.00030268588537540886
-0.0002464720623981398
-0.00031710823693714696
-0.00044015418639015147
-0.0002654218018818266
-0.0002676235330467125
-0.0002973200574852841
-0.00028827306999062996
-0.00023805250992942062
-0.00023333994320601237
-0.00030051088902499634
-0.000212908439402415
-0.00020469351788993118
-0.00029818985586055335
-0.0003478898598637814
-0.00025920669507289995
-0.00019964966888597058
-0.0002680881101380095
-0.00029378286907044693
-0.00025895812619225467
-0.00027008284178242636
-0.00030804039221554724
-0.00028764264095842984
-0.0002415205759759842
-0.00024940831715586365
-0.00034859039446039075
-0.0002534339708629707
-0.00022979831564012843
-0.000319779593908609
-0.00022933075088493737
-0.000245419374442446
-0.00023856522916121392
-0.00020905715811758707
-0.0001741440023939611
-0.00021497588053082106
-0.0002599123468686737
-0.0002620347674269219
-0.00021952723016022135
-0.00022515026387420756
-0.000260464977153263
-0.00023667051294157249
-0.00023566873024444268
-0.00019707893273801513
-0.0002650485700323446
-0.00025270716590825026
-0.00021673984252112977
-0.00025932560590230525
-0.00019131166287206236
-0.00021980903531221285
-0.00026031446214097587
-0.00021089110675986955
-0.000252511614297124
-0.0002377558467300811
-0.00022271678102758763
-0.0002473012584284229
-0.00019860096013746276
-0.00020791588490781665
-0.0001893565314574075
-0.00020392673411595563
-0.00021476814548704315
-0.00021521673175078915
-0.0002050877020952635
-0.0001693656244285413
-0.00021995148005238274
-0.00024060087758637216
-0.00020559494255201205
-0.00023615342672039796
-0.00020154864243804305
-0.00018157685528913392
-0.00016224273955683932
-0.0002228329761320147
-0.00020951520064055318
-0.00025107443367483606
-0.00021738859419118128
-0.00024055994802069103
-0.0001866887667184014
-0.00015468018456443744
-0.00019640251273000953
-0.00021409964173668694
-0.00020401089510463377
-0.0001784822702172173
-0.0001805871335947007
-0.00016859933154728113
-0.000194926719501054
-0.00016665693786710456
-0.000195528485477936
-0.00021418182854832102
-0.00021967017961838087
-0.00015343781543003532
-0.00017161298644730039
-0.00022234304282769957
-0.00020310866738487698
-0.00018010102191423627
-0.00023333803989245006
-0.00018957699401139783
-0.00019683249546825765
-0.0001702054343054038
-0.0001768718809097014
-0.0001659367089700825
-0.00019950249924455266
-0.00016371363642692094
-0.0001859973676517357
-0.00019328049035255424
-0.00018630419458243175
-0.00021615261906449135
-0.00015875992005837114
-0.00016227820012154615
-0.00014509135044743493
-0.00017977392854723329
-0.00015115636361517915
-0.0001696686626487809
-0.00015853719666669708
-0.00016314056302396684
-0.00017123252746614748
-0.00019501538104815808
-0.000168736333970132
-0.00017476333734794958
-0.00015904805073041484
-0.00013800746857289825
-0.00013693998575398103
-0.0001658483645864961
-0.00018852334385249803
-0.00018288275851918723
-0.00016844920854475198
-0.00015585344730117967
-0.0001677301112437135
-0.00016739933709741806
-0.0001680315531311094
-0.0001557241696087397
-0.00018636960468254582
-0.00016112986998734202
-0.00017786668815100715
-0.00018378944156399735
-0.00015101514640725178
-0.0001710912719273261
-0.0001389677482088736
-0.00022834773577190548
-0.00019488290785724116
-0.0001509470965300741
-0.00019548905014715734
-0.00013617843909252692
-0.00018402491858576786
-0.00023217945370423987
-0.00018553730798614998
-0.00018336858648781984
-0.0001784906125283925
-0.0001575089881610814
-0.00016519470103826261
-0.00014092767810741647
-0.00015818798080913243
-0.0001532445248159653
-0.00015731180855266258
-0.0001686223390856001
-0.00015713856808252658
-0.000175198034261137
-0.00016572578037177266
-0.00013539777900856143
-0.00016850233189091846
-0.00015009157301493214
-0.0001689353462777654
-0.00016494877422001952
-0.0001308177505364161
-0.00014399023008154765
-0.00015320866779389153
-0.00015153992273442274
-0.00013371843397991245
-0.0001948082078268576
-0.00014883410041344192
-0.00012463264689427378
-0.00015923236833931265
-0.00015772319250850764
-0.00012209995959117093
-0.00017682487363962496
-0.0001479269609933609
-0.0001560048012188009
-0.00014858027454028866
-0.00014763631182346248
-0.00014077797020589644
-0.00016312274518176517
-0.00015770215599020254
-0.0001592155489579805
-0.00013912298749707563
-0.00015425851127465195
-0.000115586750806973
-0.00017196803369973201
-0.00017888099529989043
-0.00015808703309438954
-0.00015848415006264327
-0.00016516326387416846
-0.00016966638384330324
-0.00014067471695877742
-0.00012685993434696785
-0.00012659702712874976
-0.00016561321223357295
-0.00014706342987569343
-0.00015059840262976465
-0.0001326823801831023
-0.00015187383522013986
-0.0001252587532730165
-0.00013473233870198165
-0.00013338546736851864
-0.0001187427951360176
-0.0001408962070020836
-0.00013812040013400084
-0.0001440433444577227
-0.0001353929551645705
-0.00012070968557426065
-0.00014400287748567164
-0.00011311292330545841
-0.00011759879063255596
-0.0001252392990779283
-0.00010011196596060312
-0.00012919870051442128
-0.00011224239090107391
-0.00013839120740893884
-0.00014494311915164149
-0.00012816309291485695
-0.00011094715768572572
-0.00012366719876844012
-9.528718515611212e-05
-0.0001251618762194151
-0.00012030452726358165
-0.0001269524920154974
-0.00010939738802767662
-0.0001470809959087105
-0.00010152232459009758
-0.00016999782259141671
-0.00011717004931915964
-0.0001155738125106498
-0.00013505232875354878
-0.0001010165718753342
-9.99304515772459e-05
-0.0001538807760809724
-0.00012303182625650333
-0.00012395269945347787
-0.0001366081349338799
-0.00011944440233341291
-0.00010950883317922822
-9.797416745499499e-05
-0.00011274108971803809
-0.00011007202782592485
-0.00010768115222342667
-0.0001233693632038957
-0.00012791720772925563
-0.0001614188513869852
-0.00012716492698805482
-0.00012133038678113772
-0.00011807071053249185
-0.00010846759340110701
-0.00012385130874281725
-0.00011266672486553997
-0.00012994903778079658
-0.00010951687507615437
-0.00011788681254215616
-0.00013343970333729027
-0.00012999826631010514
-0.00015158515165125674
-0.0001184020948502007
-0.00011218108647348402
-9.933146146734462e-05
-9.783801145551996e-05
-0.00012415414220107168
-9.130248063671242e-05
-9.385831583269555e-05
-0.00010230973135910704
-0.0001244098110627645
-9.627588003618959e-05
-0.00013158859298251224
-0.00010535735156086412
-0.00012037932296399267
-0.00010100002989710255
-0.0001002736480310018
-0.00011727924198756678
-0.00010086981000351214
-0.00012274290654273878
-0.0001315551355506872
-0.00010509079203596672
-9.38571863326465e-05
-0.0001145787215895977
-0.0001018973881790064
-0.00011054282999051201
-0.00010481964098163488
-0.00011957128806816542
-0.00011312920986911168
-8.777312737018317e-05
-0.00011336886272744762
-8.982033574228554e-05
-9.629365280811042e-05
-8.374070585509541e-05
-7.76079039460642e-05
-9.304838874574228e-05
-8.205086060358857e-05
-9.426819835550715e-05
-8.2606832189136e-05
-0.00011372282407384748
-7.549836687964495e-05
-7.774160401524677e-05
-0.00010533408407525924
-9.362774936116924e-05
-8.04231892136964e-05
-9.048097103653285e-05
-0.0001116067157752032
-0.0001117556722998736
-9.24184415221907e-05
-9.219513522618072e-05
-0.00010149020958921673
-0.00010436061208535241
-8.468538061562336e-05
-8.863525633961977e-05
-7.532078387484376e-05
-8.754244060965588e-05
-7.553891086348186e-05
-9.371531969210034e-05
-7.369875777990531e-05
-7.405077091593437e-05
-8.687620146508035e-05
-8.597685867051119e-05
-7.875242690091877e-05
-9.021896758176773e-05
-6.900246315066916e-05
-9.164293702296211e-05
-6.846730586179683e-05
-7.057268790378046e-05
-8.715724539520853e-05
-8.950562010057173e-05
-8.95775440371005e-05
-7.52310329131256e-05
-7.912999821707567e-05
-7.469473258597814e-05
-8.6667728871892e-05
-8.368069062847372e-05
-8.123154404687805e-05
-9.853733702402945e-05
-7.70920986967738e-05
-8.914428332446045e-05
-7.981630504333426e-05
-8.085142618585728e-05
-6.74530754838365e-05
-7.946044870543734e-05
-7.804990601106843e-05
-7.008369189298591e-05
-6.199107462590003e-05
-6.18404268610262e-05
-6.089774737344511e-05
-7.668723385512166e-05
-8.051512307738484e-05
-8.246572358056037e-05
-8.919580623334422e-05
-6.893069003915953e-05
-7.036123046710863e-05
-0.00010470375033355683
-9.494796556758223e-05
-6.828126935104484e-05
-8.632501806710158e-05
-7.91623333333824e-05
-9.452703909396121e-05
-8.126230739674556e-05
-8.8999066133022e-05
-6.876136404332378e-05
-6.706948731088902e-05
-7.809385601614816e-05
-9.469734072425906e-05
-7.840158896044169e-05
-7.791128129946978e-05
-6.119074668581304e-05
-6.508072279109989e-05
-7.493808879976971e-05
-6.16748881209217e-05
-7.577001918973592e-05
-6.150064786869525e-05
-9.255509705213827e-05
-8.462822955435101e-05
-8.54245105256779e-05
-6.927967443765004e-05
-8.215477772227642e-05
-7.796392661924001e-05
-8.235146417784334e-05
-7.346571791821965e-05
-7.377010381071081e-05
-7.325287058340679e-05
-8.11540468303451e-05
-7.534699630751263e-05
-7.968017426507323e-05
-7.543115826696978e-05
-7.584126513654477e-05
-7.601671712514912e-05
-6.232936984357229e-05
-6.989303385213086e-05
-6.548610966383706e-05
-6.8472625727789e-05
-6.513100453092724e-05
-8.162785048748677e-05
-9.380685676574352e-05
-6.196344151931932e-05
-6.751064225274384e-05
-7.870201324999826e-05
-8.271157998945844e-05
-6.656280007244497e-05
-7.036877333077562e-05
-6.051998739581288e-05
-4.571543357179131e-05
-6.741442886532001e-05
-7.831978372152548e-05
-6.779811326851348e-05
-6.761961108947556e-05
-7.040086627224662e-05
-6.649683249115856e-05
-7.480355837891084e-05
-7.431076568042982e-05
-6.705027677011977e-05
-6.066533015164355e-05
-6.846642288993454e-05
-6.852596717138448e-05
-5.9908313636558574e-05
-6.407101291833195e-05
-6.960533307198702e-05
-6.878377358504606e-05
-6.396491382237857e-05
-5.385532975815677e-05
-7.22852326339174e-05
-5.957644753140645e-05
-7.78646269251615e-05
-5.8776780917479954e-05
-6.39740930753474e-05
-6.43474136436395e-05
-5.231754775808506e-05
-4.921350064363006e-05
-4.963145970532379e-05
-9.408363823942834e-05
-6.621836562897832e-05
-6.790385988358905e-05
-5.850846878152627e-05
-6.534414849873604e-05
-5.7475681418783786e-05
-8.463123373264603e-05
-7.970059193418422e-05
-8.812751317532896e-05
-8.282817960880706e-05
-6.482497738569126e-05
-6.068354959681832e-05
-6.252929334910062e-05
-8.037528322812904e-05
-7.176494050786797e-05
-8.376044726615683e-05
-7.597281585913773e-05
-7.099583253983299e-05
-5.7364128658699e-05
-6.61711836133505e-05
-6.116804037303858e-05
-5.31267584607531e-05
-6.171502257812378e-05
-6.28670646203866e-05
-6.777237263755342e-05
-5.987362565118559e-05
-4.397694362473503e-05
-5.023446226143369e-05
-7.180448198973455e-05
-6.0018200224054574e-05
-6.0336342102451646e-05
-5.236738051889178e-05
-6.51027268316895e-05
-5.31634248249202e-05
-6.509419258649007e-05
-6.21001310985303e-05
-5.312603311158348e-05
-5.658873802777409e-05
-6.12283322831697e-05
-5.5983337474085904e-05
-4.676976560602508e-05
-5.2525187150542774e-05
-6.441992292449683e-05
-5.4134842034925246e-05
-4.1535431363148856e-05
-7.445123904198381e-05
-4.6541290742274644e-05
-7.27297113866654e-05
-5.431248289600177e-05
-5.897327403758812e-05
-6.732634964073947e-05
-5.9801260719971605e-05
-6.82667029658357e-05
-5.7598545956050184e-05
-5.1475699223535454e-05
-5.233387891095953e-05
-5.0779551043156346e-05
-4.9754609290242335e-05
-5.3001043603839726e-05
-5.202812087495845e-05
-5.008351101215558e-05
-5.029650579330136e-05
-4.978320666071401e-05
-4.532282190666814e-05
-4.80156258937936e-05
-5.219880241258412e-05
-5.2796277385802615e-05
-4.417267176554107e-05
-4.8356716523756393e-05
-5.0771415078143534e-05
-6.426422627753281e-05
-5.142622398396357e-05
-5.1269904422390766e-05
-4.676172494905151e-05
-4.633596915282201e-05
-5.1593600465305034e-05
-4.718573674983295e-05
-4.5211993251359495e-05
-4.809171806291479e-05
-4.1014081537615876e-05
-4.294777574914699e-05
-4.809757775864343e-05
-4.441985157099815e-05
-4.3950141870974235e-05
-4.765507230819477e-05
-4.8659157597663594e-05
-5.2375018506189974e-05
-3.666945831765078e-05
-4.549873801412696e-05
-3.533345509149077e-05
-4.704975375824372e-05
-5.288655705704137e-05
-4.239646645404216e-05
-4.9284676648164716e-05
-4.991932514830655e-05
-5.1687431630920155e-05
-5.4489449370531684e-05
-4.3617862947764596e-05
-5.193678437459548e-05
-4.366192185989437e-05
-5.0247458700636294e-05
-5.152253826240516e-05
-4.790264340587269e-05
-4.745969170544262e-05
-4.833919340641035e-05
-3.905585635338715e-05
-3.964590132726764e-05
-4.87820154475016e-05
-5.199445701525862e-05
-4.555817422341457e-05
-4.14110691144276e-05
-4.7574987013243586e-05
-4.258498028647528e-05
-4.2120879540141765e-05
-4.180612930870797e-05
-3.697048799833347e-05
-6.001695277435548e-05
-4.784167133764505e-05
-4.860621351848726e-05
-5.371122354530522e-05
-4.0466116126569585e-05
-4.367022419743405e-05
-4.320448365208174e-05
-4.414579435207955e-05
-4.224612497510938e-05
-5.3548705054196066e-05
-4.362476193126019e-05
-3.898941364510744e-05
-3.999434672197211e-05
-3.856399544455158e-05
-4.6310663553872367e-05
-4.927301471652212e-05
-4.312251804949874e-05
-4.055340644959493e-05
-3.879418640639898e-05
-3.744326473681392e-05
-4.755055166533184e-05
-3.928274026543388e-05
-4.5002088941314966e-05
-4.24643306172201e-05
-3.8636632503086243e-05
-3.874717810586903e-05
-4.8117287967774924e-05
-3.6968483688670783e-05
-3.8009035895403276e-05
-3.586742497885265e-05
-3.672466376863914e-05
-5.041123903665179e-05
-3.823844887096417e-05
-3.833226347410568e-05
-3.6711160288804834e-05
-4.280350976149094e-05
-3.993850253958264e-05
-3.7892412514284324e-05
-3.527294790994784e-05
-4.035450724709788e-05
-4.052224974310237e-05
-4.4595370013389424e-05
-3.5156598315877474e-05
-3.077730952777413e-05
-3.95174538283527e-05
-4.6201972274340086e-05
-3.99693823436853e-05
-3.1639731219335054e-05
-3.7079515199822666e-05
-4.245789840806591e-05
-4.594774083188646e-05
-3.729195121904283e-05
-3.366049318392905e-05
-3.147721869811715e-05
-5.14207221287144e-05
-3.7470774308878685e-05
-3.3222369852037303e-05
-3.188773050855076e-05
-4.284581965557921e-05
-4.111905941256433e-05
-2.8359099244923414e-05
-4.242062161685656e-05
-4.256435881949683e-05
-3.985731159106276e-05
-4.653232791501649e-05
-4.0970522714789404e-05
-3.1703872054700266e-05
-3.758141919496527e-05
-4.0299043769065346e-05
-3.430287164329915e-05
-4.094091933853905e-05
-3.2604666113156267e-05
-3.368961212690813e-05
-3.1341956466923726e-05
-2.821186487855787e-05
-3.736874525295253e-05
-3.97915344116373e-05
-4.0851009419862194e-05
-3.237708927239513e-05
-3.3309419559979236e-05
-4.293485265099983e-05
-4.713707778652987e-05
-3.5825985728599186e-05
-3.231800688646702e-05
-3.1137559060090414e-05
-2.912921662528989e-05
-3.5941688420582096e-05
-3.4779259985406874e-05
-3.6259597702203994e-05
-3.882092689683203e-05
-3.6415996757854785e-05
-3.619377940156099e-05
-3.5421839450267e-05
-2.921955833856682e-05
-3.170967003418568e-05
-3.417892503881914e-05
-3.0051507173667336e-05
-2.90503010197396e-05
-3.7425187208117716e-05
-3.1495402737335976e-05
-3.0039952513716273e-05
-3.0445592199945803e-05
-2.856311388138577e-05
-2.8474457644922513e-05
-2.978047434532005e-05
-3.223619125969357e-05
-2.711806722888177e-05
-2.7099116957640668e-05
-2.8070104442945443e-05
-4.276563662208854e-05
-2.5459131047289585e-05
-2.9172580807090842e-05
-4.454717779822648e-05
-3.4724451001222345e-05
-3.3432927942167456e-05
-3.577720447794919e-05
-3.0750064035856006e-05
-3.4028272886454936e-05
-3.2869797824353064e-05
-3.244915462197184e-05
-2.789404877473478e-05
-2.8160124219578364e-05
-2.755898265727197e-05
-3.1672006496563654e-05
-3.135104870627403e-05
-2.8335742967677824e-05
-2.6347546209171124e-05
-3.232916435197408e-05
-2.943549863393402e-05
-3.2995476693942205e-05
-3.3646114450447406e-05
-2.954264468391088e-05
-3.1275522763163366e-05
-2.435169334780163e-05
-2.957260729735678e-05
-2.649440242280532e-05
-2.5712754441187258e-05
-2.882750223842656e-05
-3.150598717488462e-05
-2.8684946579871085e-05
-2.680022391116088e-05
-2.473046396411771e-05
-2.5678160224196223e-05
-2.45453057582945e-05
-2.795112189230009e-05
-2.6197700424446246e-05
-2.845120545869051e-05
-2.9622861918265908e-05
-2.5399790822056012e-05
-2.2691183554690575e-05
-2.3912221851274396e-05
-2.359630020415393e-05
-2.96248055258741e-05
-2.9017379752749317e-05
-2.7093432669211825e-05
-2.7363374607514146e-05
-3.183986519006421e-05
-2.954456901366198e-05
-3.291763070711884e-05
-2.6995126552242787e-05
-2.036328777293983e-05
-2.6480816326335255e-05
-2.6644155192101504e-05
-2.7835139396192865e-05
-2.8441240252474742e-05
-2.5060551021083288e-05
-2.7076904471956542e-05
-2.7919096633799434e-05
-2.3718577740583502e-05
-2.7402044502800038e-05
-2.4026642680696764e-05
-2.7308225760858118e-05
-2.4384542810673704e-05
-2.2999721644989535e-05
-2.4888629309993693e-05
-2.4618481442750806e-05
-2.9693086041726602e-05
-2.3531665438503158e-05
-2.156810092446282e-05
-2.7506694211421046e-05
-2.7901887375059164e-05
-2.66127197526278e-05
-3.1795067172712965e-05
-2.860612996807843e-05
-2.2312211350516975e-05
-2.371522585969954e-05
-2.7983552395083322e-05
-2.9063310087507066e-05
-2.505769013738668e-05
-2.531593881049954e-05
-2.4467378139769735e-05
-2.087594291488859e-05
-2.362310243492205e-05
-2.3746518490297408e-05
-2.519553842644795e-05
-2.8398771309667836e-05
-2.41396708038355e-05
-2.2332935570801293e-05
-2.406178424302352e-05
-2.3192478764311186e-05
-2.2048623009918167e-05
-2.518129908357647e-05
-2.6711131026146973e-05
-2.0228053269788493e-05
-2.348588343775715e-05
-2.2402296786294684e-05
-2.454741196983301e-05
-2.0941242133420968e-05
-2.6413517266232756e-05
-2.031967969745585e-05
-2.3265722168930303e-05
-2.4741930068017393e-05
-2.6788038231140288e-05
-2.1607414218915988e-05
-2.308486766594564e-05
-3.0426297333185914e-05
-1.865205322820751e-05
-2.5600202257558546e-05
-2.412513069394162e-05
-3.5410011731629165e-05
-2.2939069761529485e-05
-2.568066035685268e-05
-2.5533991431403447e-05
-2.2406958412324318e-05
-2.4207852832192067e-05
-1.8384493121470502e-05
-2.129938846934243e-05
-1.7458326108388267e-05
-2.2161211540361325e-05
-2.2078426654081884e-05
-2.1069125956063584e-05
-2.894366393457748e-05
-2.834922837252618e-05
-2.763186454302069e-05
-2.3798274147557308e-05
-2.2035285060728604e-05
-2.4452924223927752e-05
-2.2988471836959956e-05
-2.0011897572225212e-05
-2.306298591414624e-05
-1.9284306920719363e-05
-2.018934694991703e-05
-2.363758593820764e-05
-1.7349426736923412e-05
-2.2788675338725195e-05
-2.0428536288474852e-05
-1.8880231307583095e-05
-1.809113106782112e-05
-1.92853689340855e-05
-1.7780123660882108e-05
-2.028651594376818e-05
-2.3215723076008832e-05
-1.6868024297067574e-05
-1.9072475537507128e-05
-2.0954013893625945e-05
-1.939499864728189e-05
-1.8723603333159478e-05
-1.7118385317316243e-05
-1.919912173597993e-05
-2.0439439690544958e-05
-2.0579306756918214e-05
-1.670576262868817e-05
-1.7160245523728523e-05
-2.474841342070544e-05
-2.3244627341600932e-05
-2.1020148871064848e-05
-1.919339510425555e-05
-2.035324747856615e-05
-1.7133017647108506e-05
-1.9927998785751466e-05
-1.5541365215865355e-05
-1.965734909542549e-05
-1.753086743055965e-05
-2.1735222963892298e-05
-1.8910583627851363e-05
-1.5313886705448088e-05
-2.099468228139445e-05
-1.6413897663658528e-05
-1.549254890925722e-05
-1.9474058397417338e-05
-2.2049407017443734e-05
-2.02958033423406e-05
-2.0416781164434017e-05
-1.8375267137160645e-05
-1.947521015127629e-05
-1.8078194563009298e-05
-1.5191395338565172e-05
-1.6421896867957475e-05
-1.8014654075637626e-05
-1.9469568993124575e-05
-1.7132508414952063e-05
-1.9989295246103378e-05
-1.4036167459208215e-05
-1.7157516306265386e-05
-1.7058564989846925e-05
-1.7135359169251352e-05
-1.8558295267312452e-05
-1.566431009969449e-05
-1.5614009350795044e-05
-2.1815654149326402e-05
-1.9425695345964833e-05
-1.6679932328345082e-05
-1.81282960113327e-05
-1.893396625513022e-05
-1.6381323167946604e-05
-1.7174441384826267e-05
-1.8268867669646305e-05
-1.706796845352132e-05
-1.817038520313119e-05
-1.4925397857690204e-05
-2.0271626545331767e-05
-1.8141693224227318e-05
-1.7446179041313847e-05
-1.836050704251413e-05
-1.9616239340880526e-05
-1.6844468218979447e-05
-1.881321249236345e-05
-1.5053460244884853e-05
-1.849911140267002e-05
-1.909180971976232e-05
-1.8175162072031625e-05
-1.9706074684933128e-05
-1.5553961429048968e-05
-2.065925134298041e-05
-1.9116064108148922e-05
-1.5472318707077104e-05
-1.6384129547353243e-05
-1.7664558010943576e-05
-1.7005273975023716e-05
-1.546773653710032e-05
-1.587983749673505e-05
-1.357976574151154e-05
-1.568604550700181e-05
-1.6855332954035518e-05
-1.590831230130485e-05
-1.6086588115415967e-05
-1.6321669904117986e-05
-1.6645553002958557e-05
-1.4848185108884415e-05
-1.042549296159656e-05
-1.4054185807965691e-05
-1.8975113585728565e-05
-1.7748875804635134e-05
-1.8728562738379306e-05
-1.6212779768320917e-05
-1.786473876214112e-05
-1.7294960021896344e-05
-1.650164755923056e-05
-1.78400905095355e-05
-1.8540002477029915e-05
-2.1312246739457752e-05
-1.610979064908813e-05
-1.792181676912863e-05
-2.066442158021875e-05
-1.796260947040107e-05
-1.2755361085581285e-05
-1.679448617736279e-05
-1.88441515807658e-05
-1.5220681223893084e-05
-1.9645498214204693e-05
-1.4440862825204626e-05
-1.5870140567531e-05
-1.883367485633336e-05
-1.5880946770907567e-05
-1.520448660519147e-05
-1.814173285452636e-05
-1.585403078119274e-05
-1.4843763287863965e-05
-1.827710683244277e-05
-1.760281842067002e-05
-1.5121773929038795e-05
-1.5672023413237923e-05
-1.2844747393048195e-05
-1.6661971376064066e-05
-1.4504851350627401e-05
-1.52518294859183e-05
-1.4184674587691681e-05
-1.757085725084817e-05
-1.4147008705556186e-05
-1.636497996115871e-05
-1.2891073559173627e-05
-1.7107819048345352e-05
-1.4069393759419402e-05
-1.4235944514717769e-05
-1.4962082332925508e-05
-1.5210070749005489e-05
-1.4284728842295369e-05
-1.4441045974589173e-05
-1.1697657418430207e-05
-1.4028546193534108e-05
-1.2493978830352415e-05
-1.5540292458093852e-05
-1.442395744966074e-05
-1.3348015085290488e-05
-1.2712971537653939e-05
-1.604639070129643e-05
-1.256620791573182e-05
-1.1680096414334873e-05
-1.416540377435771e-05
-1.4597280590555872e-05
-1.3770178946492795e-05
-1.2535027331117554e-05
-1.4694531854986259e-05
-1.3963672384764703e-05
-1.325819689101948e-05
-1.2861545377496064e-05
-1.4172089905950536e-05
-1.3516647164202311e-05
-1.0509832998051305e-05
-1.3117682849173029e-05
-1.4057827013858049e-05
-1.0465376317547737e-05
-1.1474512422948724e-05
-1.1158735159166877e-05
-1.4406599139815679e-05
-1.3259201196824666e-05
-1.2410972560328304e-05
-1.475448574084215e-05
-1.3041506218003374e-05
-1.4483354995542541e-05
-1.530910163738408e-05
-1.3182417992030349e-05
-1.3227441358176772e-05
-1.3690138467470359e-05
-1.0380742239413099e-05
-1.3247909994518192e-05
-1.3336828799392908e-05
-1.2514869092150605e-05
-1.2762013250899873e-05
-1.10538513220515e-05
-1.290548728788421e-05
-1.3346163408700651e-05
-1.4124823794481323e-05
-1.2191923224658119e-05
-1.2800652983313565e-05
-1.2473650804756264e-05
-1.3235211450079998e-05
-1.0325627638030355e-05
-1.0725555598278813e-05
-1.2585819090360495e-05
-1.3173258540388755e-05
-1.4010168050471172e-05
-1.0963649253181718e-05
-1.315226846371198e-05
-1.1462599511791183e-05
-9.913309184150787e-06
-1.1526155539176575e-05
-1.1520297053368989e-05
-1.138080064683189e-05
-1.3839793373993103e-05
-1.0330995266649712e-05
-1.1018876812318723e-05
-1.0704961593721585e-05
-9.7418064618493e-06
-1.2740432958180392e-05
-9.86534495772684e-06
-1.2565314200019273e-05
-1.3991302076687973e-05
-1.0953065785079819e-05
-1.0623808113008337e-05
-1.0709496014615905e-05
-1.0999556924295995e-05
-1.1000988653309118e-05
-1.2548720002336644e-05
-1.0757656917714797e-05
-1.1120994343416513e-05
-1.0366998481559087e-05
-1.0882076651896888e-05
-9.229382908482187e-06
-1.0931860222884726e-05
-1.1879603725339916e-05
-1.0448492432979517e-05
-8.148522348983e-06
-1.1609404339030238e-05
-1.0188859364268499e-05
-1.2085267698414004e-05
-1.2959615363405952e-05
-9.388276314192812e-06
-1.4668565406605882e-05
-1.2565928573737839e-05
-1.0028229569025715e-05
-1.0228167713621783e-05
-1.0391287973587904e-05
-1.2043370685443922e-05
-1.1186759869774576e-05
-1.2755399591724004e-05
-1.1813498847768056e-05
-1.2977195279817444e-05
-1.157201384383022e-05
-1.2349866596650383e-05
-1.4607064948546356e-05
-1.1809586586752907e-05
-1.0140771094790946e-05
-1.0108736984426603e-05
-1.1627977665851219e-05
-1.3669454995979269e-05
-1.0454056099062914e-05
-1.1662449327709545e-05
-1.008809505148589e-05
-9.938814873766688e-06
-1.0278043516720459e-05
-1.0234033090805728e-05
-8.657524389499294e-06
-1.0665428145650857e-05
-1.1067355973282123e-05
-1.4657025892095277e-05
-1.0709692718158248e-05
-1.3140921320042853e-05
-1.1013536992177109e-05
-1.0751781137796623e-05
-9.94979334623114e-06
-1.0718158915123954e-05
-1.249351336929383e-05
-8.696989829581891e-06
-9.774576162691062e-06
-1.2742081943351025e-05
-1.1749516450720865e-05
-7.572482875695119e-06
-1.0835895419947228e-05
-1.068989248076413e-05
-1.0231998558429822e-05
-1.1047070968162043e-05
-1.0920265781588778e-05
-9.7019762955175e-06
-1.1569874085681775e-05
-1.3010350166431373e-05
-9.636975972893147e-06
-8.772057135675304e-06
-9.638481322127301e-06
-1.0202259133396119e-05
-1.229499917720922e-05
-9.547588075087265e-06
-1.1059518007672242e-05
-1.042354736252582e-05
-1.1090877921782205e-05
-9.72426376905089e-06
-8.577018470456999e-06
-9.802132338199154e-06
-8.880809246492039e-06
-8.714383736063702e-06
-9.550116822520938e-06
-1.0462391779542113e-05
-7.989699166821573e-06
-8.063249351208945e-06
-8.434051075645321e-06
-9.503183066195131e-06
-1.0446685908660491e-05
-9.25226307352256e-06
-8.770884812603352e-06
-9.59628870200735e-06
-9.673191022796512e-06
-9.67629976289519e-06
-9.758085713462705e-06
-9.569647002993786e-06
-7.569692565378983e-06
-8.399201123110434e-06
-1.0961875948900524e-05
-8.652289822941306e-06
-9.447057398248582e-06
-9.263675632809054e-06
-8.556478188370686e-06
-9.091045228337702e-06
-9.465636493732887e-06
-1.1158969689173404e-05
-7.571485498181207e-06
-8.247887785639563e-06
-9.416123681882382e-06
-8.753664387517457e-06
-8.446762787162054e-06
-1.045761965939862e-05
-8.056500337971784e-06
-8.124655690777693e-06
-1.1314490150404755e-05
-8.088150429130803e-06
-7.186732583264188e-06
-9.830321343939907e-06
-1.0005668346413366e-05
-1.0009844811253998e-05
-8.458329858018754e-06
-8.01501261599169e-06
-8.60044390871284e-06
-7.88601680795642e-06
-7.6281762999008684e-06
-1.0696681771393823e-05
-7.630148451009955e-06
-7.918352866564948e-06
-7.965673672061246e-06
-9.389967359774154e-06
-7.134533423103218e-06
-8.760924478268262e-06
-8.201275980390665e-06
-7.095349432550968e-06
-8.046931329386275e-06
-7.797203844306377e-06
-7.642409909858205e-06
-7.666960884056273e-06
-7.703211873599791e-06
-8.315520013513211e-06
-6.827483840732285e-06
-8.940150477643183e-06
-8.02810962946543e-06
-8.089010823442155e-06
-7.329967532332393e-06
-6.964349426985539e-06
-8.1715100266333e-06
-7.927311265809589e-06
-8.786788196935014e-06
-7.302361727246076e-06
-8.714330407832982e-06
-8.144946876065262e-06
-7.214472497130142e-06
-5.9505098964351966e-06
-7.907510950977414e-06
-7.384005229427171e-06
-8.25177364000007e-06
-6.125665476364173e-06
-7.426778317332072e-06
-9.081645912567549e-06
-7.063959309550061e-06
-9.616889077412871e-06
-8.504106705387038e-06
-7.589060944945825e-06
-1.0034344622600333e-05
-8.041369431166512e-06
-6.95699425840024e-06
-7.8810339388391e-06
-7.799071035763383e-06
-7.505399474638796e-06
-7.936899417193555e-06
-1.0427286460279461e-05
-8.51075207541907e-06
-7.751808866973686e-06
-7.931457188359303e-06
-8.034295666536906e-06
-6.537711111143096e-06
-7.0662127835685595e-06
-6.462348677904739e-06
-6.1189944961514975e-06
-7.686796946348995e-06
-9.755180171766575e-06
-8.71097378024599e-06
-7.074367473935972e-06
-7.533351263799837e-06
-7.264167347920125e-06
-7.260034631195733e-06
-8.113671518872323e-06
-1.0275478404375704e-05
-9.524589030640573e-06
-7.817532251097603e-06
-6.299815849930557e-06
-8.394270681499894e-06
-8.908753320824303e-06
-7.559958451308635e-06
-7.943700296386691e-06
-7.802110288723796e-06
-6.3945936511489165e-06
-6.411008965812037e-06
-7.026776261687129e-06
-8.793972313347886e-06
-9.55890260045944e-06
-7.418916739831971e-06
-6.681089551707764e-06
-7.419268637898213e-06
-5.9794580155037025e-06
-8.859734934252295e-06
-8.465160790394055e-06
-7.757215288950459e-06
-8.064837379251344e-06
-8.351617634849706e-06
-8.06649689949479e-06
-7.3085702179120915e-06
-6.186739115510154e-06
-6.479079060206505e-06
-8.25592047992707e-06
-7.075914045806542e-06
-9.088710356097707e-06
-7.396578593443781e-06
-8.159744540714442e-06
-8.61196913420903e-06
-6.806731202568805e-06
-7.034743710054858e-06
-6.959924272631479e-06
-7.137977487303715e-06
-7.2762646553536925e-06
-7.638162311973673e-06
-7.532588564285181e-06
-8.384704355768324e-06
-6.4520545108859295e-06
-5.308362506672992e-06
-7.4415503178992815e-06
-7.126632943887934e-06
-7.436651706549391e-06
-6.306378609155505e-06
-7.333467632264501e-06
-9.066946320412939e-06
-8.56510224872542e-06
-6.626574017287723e-06
-5.655473356402929e-06
-9.134919071007719e-06
-7.72821746425345e-06
-9.276977009975429e-06
-9.605049838101731e-06
-9.785178908539027e-06
-7.63393519842559e-06
-7.317730073896911e-06
-8.124108598628332e-06
-6.884588044264728e-06
-6.798122183793165e-06
-7.116021138120487e-06
-7.1649515542837605e-06
-7.070157995281434e-06
-1.0328516834190449e-05
-7.89662968631033e-06
-8.510025617358696e-06
-6.878841222413001e-06
-7.039193877567129e-06
-7.683820234027916e-06
-6.881739815833843e-06
-7.0084203796505484e-06
-6.577458638801215e-06
-6.231942946577362e-06
-6.795036573303825e-06
-6.904133251661726e-06
-7.1100447129879285e-06
-5.477305037249192e-06
-6.2523343232756545e-06
-6.501053683993785e-06
-6.256459984643747e-06
-7.957756802567939e-06
-7.200292121034568e-06
-5.221883605355249e-06
-7.2632640786829405e-06
-7.80483955375999e-06
-6.874733509076858e-06
-5.725665066125263e-06
-6.595158149547142e-06
-5.973813738568978e-06
-7.667635274544171e-06
-6.950601802446776e-06
-7.7094821112067e-06
-6.061142012292464e-06
-7.529611822598703e-06
-6.076505606189553e-06
-7.372585419607169e-06
-5.982156609241063e-06
-7.76075351333061e-06
-7.261344153630667e-06
-6.7938815883628045e-06
-6.782905508762038e-06
-5.739468501464451e-06
-6.125384558075542e-06
-5.70503066449346e-06
-6.868878743793161e-06
-5.803084986544249e-06
-7.024885577078255e-06
-6.646326463799479e-06
-4.515607169908176e-06
