-637.9422560138995
-0.9611073796668467
-0.8117355476920212
-0.5543911907060217
-0.1456405384362155
-0.08373413114419165
-0.042644000661814174
-0.04493792902302335
-0.03703994733712446
-0.04523888899120715
-0.007669650413738016
-0.016830130362364748
-0.009073641641260288
-0.009162814836102429
-0.0044903961060117625
-0.0032132525195227024
-0.006526202839440998
-0.003522562485934466
-0.001303726436481245
-0.0012268253332848866
-0.0009098866446461962
-0.0005110420562324247
-0.00042734171791369846
-0.0003702114100778142
-0.0003444729981202932
-0.0003298623182607652
-0.00010804231686201149
-9.154565321195518e-05
-7.97680165162129e-05
-6.797666681596093e-05
-4.953358811055075e-05
-0.00015000221714900341
-3.470635283847612e-05
-1.412607649786679e-05
-1.6732889447979016e-05
-1.4344921096198782e-05
-1.476496933361382e-05
-6.61810099944482e-06
-1.8573960924306299e-06
