-779.4170408206869
-1.0777771635180937
-0.5974778983389548
-0.3479306458755015
-0.3079396419342179
-0.20367800561855387
-0.15083062533333816
-0.061112044025665946
-0.04113970670770961
-0.014693147068986834
-0.017561655506752816
-0.006036618902971969
-0.004269087429805307
-0.004870603370433102
-0.0018796266299235254
-0.0013099399310533277
-0.0013768212303908456
-0.0013635604852942351
-0.0003265124113089879
-0.0003301285251502417
-0.00014591129163771255
-0.00011307156826201314
-8.374995239451843e-05
-6.61791038260029e-05
-5.009169083075582e-05
-2.5449220211748447e-05
-1.6695889010986953e-05
-7.3068802872167105e-06
-7.1260925718075185e-06
-1.083157032477633e-05
-4.68686075977276e-06
