-693.4007755491217
-1.0035230679948326
-0.5051166941853372
-0.4556574078605545
-0.3888809922347121
-0.3518581434896524
-0.31683376214658754
-0.2589735541018102
-0.2476717052303714
-0.2776521093934068
-0.25836912773827186
-0.21575200552264678
-0.20769545140004936
-0.1557675835950491
-0.16949755461853072
-0.13921189846359994
-0.16822301353289232
-0.11100215736387853
-0.07507864494462319
-0.10875888525602379
-0.05497130104335052
-0.07677017713202022
-0.036634700046809965
-0.021568641850577663
-0.025844092092549065
-0.021068010361252554
-0.012491438489071416
-0.01651996104226544
-0.011573317303313568
-0.011540030729452921
-0.026068527890207582
-0.0133259574464063
-0.00935225546125601
-0.012567945312413509
-0.012174749818427588
-0.014503285787478115
-0.01132987048046713
-0.010491738141350737
-0.01325374479831215
-0.014878835067036189
-0.009696433871496934
-0.009411792691437548
-0.01155975083155486
-0.010739737677642025
-0.01372952461124044
-0.009892285468160622
-0.008852268203413727
-0.010891764698225725
-0.00694374866535985
-0.00899965652241913
-0.009633765763875923
-0.007724866077292836
-0.010671323886202788
-0.007965956928327078
-0.004838693455849141
-0.004879121817690901
-0.006816970664270838
-0.004564573565089491
-0.0030917809966089504
-0.004435110305718248
-0.0039008567291208274
-0.004042955530250025
-0.003593081960460487
-0.0035336147920086436
-0.0033616794142477535
-0.003008386994878043
-0.004155490768320835
-0.0022947501110446855
-0.0022398648016603295
-0.003042430886055658
-0.003491749555211976
-0.0031813052545687226
-0.0026663151856383682
-0.002471433916502175
-0.0021680462973291403
-0.0031726174344313685
-0.002269419782430837
-0.0026111706143562285
-0.002209030965299452
-0.001900985513517528
-0.0016454278893803242
-0.0017480450856067753
-0.0020014599666097754
-0.0016672885073956145
-0.0017162648022680527
-0.002333580319530071
-0.001909543859558216
-0.0017705047426286313
-0.0017282285896947913
-0.0015022524339764476
-0.001092536771114705
-0.0010661106947148502
-0.0016544112634139796
-0.0017316023829106464
-0.001880624506756412
-0.0012440216584923558
-0.0014630408933941075
-0.001383525338995939
-0.0014483178354578463
-0.0009592591119596539
-0.0012269839300249608
-0.0010994032912212126
-0.0011322421760659451
-0.0012144477750893334
-0.0009649417317998399
-0.0009043932538648769
-0.0012771737809067485
-0.0010715430721947583
-0.0007942566986473554
-0.0009907428371362381
-0.001011474091408393
-0.0010217349231922968
-0.0008200340231417358
-0.0009670883424170995
-0.0010325157290101972
-0.0008894455078190533
-0.0009650377158468282
-0.000702784583184568
-0.00103630871600352
-0.000749933706890693
-0.000537017086784497
-0.0008880038879387486
-0.0009192923277718812
-0.0008178536991105267
-0.0009004416632734102
-0.0006549805072332271
-0.0006453204140195457
-0.0007002335995972553
-0.0007371280634145272
-0.0007680692411765055
-0.0005058558467388452
-0.0005794081597669809
-0.0006190829118249419
-0.000522744487760074
-0.0005111956654560434
-0.0006357296501831033
-0.0005805435396471492
-0.0010326650431893847
-0.0005905461986009941
-0.0007875696847990388
-0.0006294340750060412
-0.0005934579686396879
-0.0005743735226766966
-0.0006450882464293373
-0.0004434505390444321
-0.0004331427999824111
-0.0005923297682411399
-0.00045178826837266595
-0.0005229657494523199
-0.0005185865357199004
-0.0005132437665600897
-0.0005382926006117228
-0.00041360863687511795
-0.0004994518093685008
-0.0004616660819999341
-0.0004151659596781654
-0.00048375680846618474
-0.0003220353150759636
-0.00034077572647944754
-0.0004597950819398289
-0.00036565599744514676
-0.0004638060515852471
-0.0006045200325023314
-0.0003958351352394973
-0.00043502099124642646
-0.00036652062300446264
-0.0004758846698486585
-0.0003328525685317718
-0.00042172150733293945
-0.0003658631341323382
-0.0003316117569553412
-0.0003117566613114464
-0.00038753587471690443
-0.0003231324629174859
-0.0003413574467024949
-0.00028402569660884724
-0.0004580117114602045
-0.0003541948394626959
-0.0003219348951731815
-0.00026089531610801187
-0.00033918652510550595
-0.00033561455583008826
-0.0005055201726336667
-0.00043393914365730257
-0.0003025525003189089
-0.0003803820541318226
-0.00034548067270961935
-0.00021980198639731663
-0.00033286069250743067
-0.00025809796714171274
-0.00025613428349130496
-0.00021838198181467483
-0.0002402287566394823
-0.00029080466596520527
-0.00025914717630448614
-0.00023051890510572548
-0.00019083408673586932
-0.00027344417818153666
-0.00023130745580296486
-0.00028216655861917905
-0.00019910454828331314
-0.00016696255287990125
-0.0002461394906406733
-0.0001938963321306275
-0.00019455046012401
-0.0001902965745052554
-0.000313720949176699
-0.00023429340375019647
-0.0002501992495968497
-0.0003065631071464958
-0.00021785325261380883
-0.00020191360408550185
-0.00022525703979808798
-0.00021972197909769786
-0.00020217951220180552
-0.00016125764514896002
-0.00016843464380295048
-0.0001959137670828337
-0.000141013923565525
-0.00018849923748731623
-0.00018029991694296088
-0.00023927430174697228
-0.000198885891301126
-0.00014170560335030613
-0.0001765360557121065
-0.00014161140323193377
-0.00017893186705758568
-0.00014727575368106427
-0.00017362531895853683
-0.00020090740394762552
-0.00014540463439849383
-0.00016930621079586095
-0.00020629563223945047
-0.0001502184826390196
-0.0001254907879384426
-0.000129352192799026
-0.00016000939930438385
-0.0001358699342791092
-0.00016497797850911766
-0.00012065402231958844
-0.00012387306598804493
-0.00012870745752763257
-0.00010429425351510258
-0.00014290199419131344
-0.00015562852338696365
-0.00013825729468963655
-0.000146519129970768
-0.00012631939056073627
-0.0001020849770980159
-0.00010405723943063272
-0.0001330798270596789
-0.00016586237151261507
-0.0001311631135293978
-0.00011863075784168675
-0.00017288097989892615
-0.00010553259245166258
-0.0001204660928061374
-0.00012074671491618671
-0.00011000269710720323
-0.00015065451116003103
-0.00011841789205474518
-0.0001300090453085767
-0.00010659132985585407
-0.00010183839262084549
-8.620400790021465e-05
-0.0001356965301397839
-0.00010269753773439749
-8.223930806289248e-05
-0.0001190820288766159
-8.884279509946413e-05
-0.00012816976312263195
-0.00010032816749194762
-0.00010324601672856426
-9.093999331455382e-05
-0.00013014323147925166
-9.972765172627795e-05
-9.910186970729651e-05
-7.137124562955899e-05
-0.00011558355988555702
-8.905151782828691e-05
-9.235399291812607e-05
-8.442208251618899e-05
-9.643351202082151e-05
-9.606715550020128e-05
-8.72694042267641e-05
-9.174025115754603e-05
-7.528607419698963e-05
-8.572373277832002e-05
-7.70096063012482e-05
-6.63406575972525e-05
-6.738658702332145e-05
-8.183550214674318e-05
-7.189903399762443e-05
-9.137676260506655e-05
-5.85567459158165e-05
-7.610464688156959e-05
-8.559243853045739e-05
-7.365617337784514e-05
-7.007537631192884e-05
-8.662792174840561e-05
-8.724609370974745e-05
-8.015533433319844e-05
-9.518113421669305e-05
-6.49336544054635e-05
-0.00010601523193914941
-5.877385511648958e-05
-7.160055842825308e-05
-7.385723660602306e-05
-6.803030389385123e-05
-6.702587444051833e-05
-7.730397871491546e-05
-6.206564972621731e-05
-6.94197136597019e-05
-7.299208782779454e-05
-6.960597734795293e-05
-5.04085634148721e-05
-5.672760749608763e-05
-6.780785063770223e-05
-5.894437380155049e-05
-5.664027715407416e-05
-5.5982877552762655e-05
-5.6836492808409744e-05
-5.844404121641e-05
-5.66306813236106e-05
-7.269586797581384e-05
-6.069196568903035e-05
-5.426323313045822e-05
-4.362770811133787e-05
-5.137900867702161e-05
-4.551737248914556e-05
-4.856471986708355e-05
-4.1258597813287334e-05
-4.7267175637299985e-05
-5.670276060654178e-05
-5.2121606121002806e-05
-5.7181901308878125e-05
-4.338176829271623e-05
-5.2804334148170984e-05
-5.533897981646607e-05
-3.1239466347532385e-05
-6.083469843498612e-05
-5.2223581010368836e-05
-5.1618854271240355e-05
-6.574374178330844e-05
-5.414588680952015e-05
-4.5847862600478795e-05
-4.2031785980889413e-05
-4.132819376168051e-05
-7.238834645795222e-05
-5.835642083645842e-05
-5.0652501796089044e-05
-4.5604913475993936e-05
-5.795543874398401e-05
-6.210884750901258e-05
-3.883383654118555e-05
-4.9942634434141375e-05
-5.054828171024983e-05
-5.2002266758000015e-05
-4.211060365072461e-05
-4.434833423810902e-05
-3.7653532647952126e-05
-4.915669154442748e-05
-4.288873997326803e-05
-4.1177577109530183e-05
-3.548593063928962e-05
-3.174895530771993e-05
-4.423638975309396e-05
-3.89014089635098e-05
-3.384802817196775e-05
-3.9168998721028636e-05
-3.1861221076345814e-05
-4.599953085981934e-05
-3.5264262905732036e-05
-3.65440088851976e-05
-3.863873296577891e-05
-3.3739176906744106e-05
-3.153870590821839e-05
-3.347430522793182e-05
-3.345027080431384e-05
-3.561184100209225e-05
-4.171373291894653e-05
-3.428022311879886e-05
-4.120301728904874e-05
-3.07774677194006e-05
-2.4746591666013895e-05
-3.084801800407044e-05
-2.798754411986737e-05
-3.380703669608742e-05
-2.7013541896714344e-05
-2.518153401404044e-05
-2.5037547645045954e-05
-2.8889974573120814e-05
-2.758427954346887e-05
-3.6495510313983015e-05
-3.1087463126300285e-05
-2.57683567803646e-05
-3.153832792446298e-05
-3.339009465985754e-05
-2.7885718481779342e-05
-2.5900110512788732e-05
-2.471183952085232e-05
-2.3643936298667345e-05
-2.6442981333585358e-05
-2.5333619860234968e-05
-2.2796460466378843e-05
-2.4928281903535687e-05
-2.0409826502643114e-05
-2.549892778413998e-05
-2.6067805422858026e-05
-2.0525766306012105e-05
-2.026142762723282e-05
-1.9868221629470995e-05
-2.6187638830665882e-05
-2.0493523985753992e-05
-2.2909146615346376e-05
-2.778966888661305e-05
-2.404027932667585e-05
-2.126283468989465e-05
-2.2191238245317102e-05
-2.4374653504521948e-05
-1.7570953027512548e-05
-2.1991594429060513e-05
-1.9788012079136053e-05
-2.72211604538386e-05
-2.0603796633877902e-05
-1.8688140010936216e-05
-1.9063360027216092e-05
-2.7198705878805907e-05
-1.934501276928957e-05
-1.8385760174155497e-05
-2.0083210930998963e-05
-2.0482986210601517e-05
-2.004243485359547e-05
-1.734001565634191e-05
-1.2349168871217397e-05
-2.17338121955013e-05
-1.9701727163867755e-05
-1.81159958629884e-05
-2.5441290012750972e-05
-1.7523201805647037e-05
-1.809841960076497e-05
-1.6894752507157218e-05
-2.030922109902411e-05
-1.6427898057391754e-05
-2.094465015367586e-05
-1.7520380365898536e-05
-2.356461598990167e-05
-1.9422136315783156e-05
-1.313226687210678e-05
-2.4924957560956695e-05
-1.6355794028477533e-05
-2.0350128898560804e-05
-1.8790885627006926e-05
-1.592716076820322e-05
-1.665977937415075e-05
-1.3850924078628868e-05
-1.669487175315343e-05
-1.2434518823212226e-05
-1.652292521442389e-05
-1.9354998297194115e-05
-1.7532355906291208e-05
-1.5367356112849784e-05
-1.346606926655447e-05
-2.1167261577359486e-05
-1.4627841652126161e-05
-1.878848615527451e-05
-1.8341445442715543e-05
-1.981008296075837e-05
-1.6084457315435063e-05
-1.1709932297876424e-05
-1.6254910795654443e-05
-1.4649101942321163e-05
-1.5741676481995093e-05
-1.5686476385445847e-05
-1.3125077730047341e-05
-1.246256317266603e-05
-1.4790169990452906e-05
-1.1974234281175722e-05
-1.2375342729631367e-05
-1.3966871591830632e-05
-1.3807127809795094e-05
-1.3300764122703423e-05
-1.4395548345036424e-05
-1.213895907153928e-05
-1.2230216830111384e-05
-9.478042147237353e-06
-1.1777692182135535e-05
-1.4251088138073076e-05
-9.544745143530431e-06
-1.2948424366998612e-05
-1.0133885480601013e-05
-1.255988665904706e-05
-1.2487971739527648e-05
-1.150045197040317e-05
-1.0229033858666359e-05
-1.1063829708946038e-05
-1.1059380900679816e-05
-1.1552255824553992e-05
-1.0073395692311582e-05
-1.2042844253212781e-05
-1.0536429975227524e-05
-9.562249601857697e-06
-9.459849215298632e-06
-1.0293059088839485e-05
-1.118576018188655e-05
-8.115757187676653e-06
-1.1797115356537713e-05
-9.740738892982659e-06
-1.00019373164284e-05
-1.130262607229593e-05
-7.974817921863053e-06
-1.0249299927378441e-05
-9.787819441331447e-06
-7.982396402150815e-06
-1.3481359542710791e-05
-9.761745066227956e-06
-9.969349490324131e-06
-7.650450240981321e-06
-1.0391210398419393e-05
-8.567892106736696e-06
-1.0722887090530708e-05
-7.300815619226686e-06
-7.262357628823324e-06
-1.0166779666420656e-05
-8.144173838264823e-06
-8.362897705949113e-06
-9.222195678726397e-06
-7.93195426179727e-06
-7.046021600176644e-06
-8.344558050654705e-06
-7.354095416856055e-06
-7.997675668003357e-06
-6.464843980924506e-06
-7.76361042531537e-06
-6.547894095321194e-06
-8.012688743785912e-06
-6.681812183162439e-06
-6.199957814756463e-06
-7.591367447323805e-06
-7.235568303676221e-06
-6.367706067766932e-06
-7.1693431993313794e-06
-7.206865790809758e-06
-6.272708327592635e-06
-8.983110044602505e-06
-8.448465924515425e-06
-8.447208581119359e-06
-5.946909380993848e-06
-6.544927174223503e-06
-7.323768341949144e-06
-7.204817106643002e-06
-6.841409068147897e-06
-9.020652798508166e-06
-7.439913767726125e-06
-5.142465672791641e-06
-7.102672968439805e-06
-6.669490734190209e-06
-8.44272187583428e-06
-4.9553571055960255e-06
