-823.1935417982631
-1.0056580840196816
-0.9142324714854472
-0.5160636746521525
-0.4772298727109182
-0.44120140052734447
-0.428282280340201
-0.19741144985040127
-0.2618736695853514
-0.2874140064223337
-0.2917406993477964
-0.21923660187875638
-0.1671395727483423
-0.19038494103032338
-0.14534935090506002
-0.058161307612528135
-0.0373936034537693
-0.0326476014184261
-0.010182113409562321
-0.03050791775139028
-0.030225114987391888
-0.013943258217213927
-0.014830227367937987
-0.009864288082940209
-0.00938995720713437
-0.010497354847527951
-0.009376500818124134
-0.009036520907062917
-0.008861416225716234
-0.009799199936808833
-0.00820731104674255
-0.007782715467566426
-0.006550844286512758
-0.00786694887102557
-0.006146562354095719
-0.007883241547108233
-0.006698430613539974
-0.006288308052591118
-0.008061898378303567
-0.003917442048945841
-0.004774783041673503
-0.003296557143392942
-0.0024729552106297348
-0.0036787371481096787
-0.003223342046848876
-0.0024997703753067424
-0.0030884032581089405
-0.003042590714318949
-0.0023878818695968196
-0.002604145775817135
-0.0016646949858975524
-0.0016798738512218692
-0.001883159468872575
-0.002278188761807909
-0.0018014191701456461
-0.00206508502299918
-0.0015960270006398214
-0.0019161367512015026
-0.0014995897626048915
-0.00245818215455601
-0.001746586704503339
-0.0015742896388906136
-0.0015831419195511676
-0.0013418785038752379
-0.0017620526055019403
-0.0012303875833889477
-0.0013337588250983967
-0.0011857860408804877
-0.0011876636070523028
-0.0010536303155703197
-0.0009582698225648612
-0.0007740203250211075
-0.0008259581296407026
-0.0011302776733935205
-0.0008696933289552011
-0.0008652921311153028
-0.0006480877351032199
-0.0009923485239943797
-0.0008600188313225843
-0.0010046258790917806
-0.0007322087708570013
-0.000703376542750267
-0.0006913109373389292
-0.0004899686821061011
-0.0007872791445033278
-0.0005393679922732209
-0.0006937716006643613
-0.0008034045265596368
-0.000608243674817488
-0.0005012779850310234
-0.000628315740534513
-0.0005298441922917396
-0.00041557244287654393
-0.0008591955479120283
-0.000526069378101679
-0.0005788393614638565
-0.0005319172167119746
-0.0004967287476044802
-0.00043362233326305066
-0.0004268508067616361
-0.0007373304854292329
-0.0005197244380999444
-0.0003373599303838626
-0.0003418386371418225
-0.0004211129113553258
-0.00035111520897773696
-0.000481903717489518
-0.00030741599559225286
-0.0004083559775361345
-0.0005572602604992927
-0.00026644579684265146
-0.0003341838601230718
-0.0003687489778644304
-0.00032311508133953115
-0.00030176837408790735
-0.0003712505346211148
-0.0003353475420327934
-0.0002674536756242518
-0.00025227133417621284
-0.00025836191993772184
-0.00030189298749433435
-0.00027398059374816874
-0.0002999865952326708
-0.0002708465480755762
-0.00023205361248018752
-0.00020393643806237982
-0.00019654725291551323
-0.00026795802530171775
-0.00026094123949405024
-0.00023242712487053785
-0.00018432127357176364
-0.00026271239907110777
-0.00029664214288799284
-0.00022106194763338305
-0.00017596954160520317
-0.00019058165655699844
-0.00024511081243133725
-0.00024338243352350908
-0.00021155654556354042
-0.00017924330133073374
-0.00018023237584741114
-0.000259912973165799
-0.00018662272185365758
-0.00014235893736352923
-0.00017576124429846685
-0.00018538754390867718
-0.000156036227528078
-0.0001620867941931614
-0.00015398750998307786
-0.00012057468870030341
-0.00017737463949735188
-0.00017240528887091378
-0.0001474866274641662
-0.0001601150795961237
-0.00015007292077867662
-0.0001423513530138809
-0.00011668126444880356
-0.00012506279002494347
-0.0001429902550936779
-0.00012315442200222515
-0.00011720590142222376
-0.00011560246128777818
-0.00010997474545776376
-0.00011099870413605606
-8.722371491626246e-05
-0.000110110725880741
-9.88657056289477e-05
-9.333218504137264e-05
-8.793565099973755e-05
-0.00012435112203984522
-9.471175191516634e-05
-9.364298671382665e-05
-0.00010897524187003516
-8.862330031389476e-05
-8.109399204597745e-05
-0.00010057199439383879
-8.861233008561342e-05
-7.380606153967184e-05
-8.027112071040676e-05
-7.774701613233459e-05
-5.826821036758467e-05
-7.405262560855608e-05
-7.782240015480335e-05
-8.164227193591111e-05
-8.373086428786758e-05
-9.265205169228796e-05
-6.803929263721198e-05
-6.326111443250015e-05
-7.199807894353594e-05
-5.352228673011217e-05
-5.531235587413752e-05
-6.892735885238865e-05
-6.467451941427615e-05
-5.9003545327340756e-05
-6.090947559478366e-05
-6.93395267586383e-05
-6.48522316778477e-05
-6.0194839754168505e-05
-4.643311922808424e-05
-6.855488156420897e-05
-5.825556008065558e-05
-5.110876511277285e-05
-5.5650886109370745e-05
-7.082833519822529e-05
-4.60783281454602e-05
-5.1164951244242474e-05
-3.7169984760720975e-05
-5.241498721975102e-05
-3.665100400562782e-05
-5.0301385572937285e-05
-4.7517149293185845e-05
-5.0723048327094844e-05
-4.1263146621839386e-05
-5.0638136396941036e-05
-3.757431865186733e-05
-4.340037851757739e-05
-4.215143097707763e-05
-3.527415744775109e-05
-3.097113888794745e-05
-3.641932687437066e-05
-3.247658879262927e-05
-3.6986710790998245e-05
-3.625177340127461e-05
-3.8179272414451404e-05
-3.091163645452255e-05
-3.65295621570505e-05
-2.529224821984366e-05
-3.2036808162050345e-05
-2.8047279675980086e-05
-3.0503662098668727e-05
-3.789415724014811e-05
-3.075004616803767e-05
-3.410505642237327e-05
-2.472415614945822e-05
-2.5259542191846673e-05
-2.8263196987232675e-05
-2.6086467727448603e-05
-3.495800155667306e-05
-2.8717770594433034e-05
-3.1867728978507426e-05
-2.182406907808021e-05
-2.01338689062025e-05
-2.332304937857632e-05
-2.3779353832964478e-05
-2.5823759835286175e-05
-2.3485208238971378e-05
-2.570723797612473e-05
-1.9205217314188783e-05
-2.0948819585031586e-05
-1.9466864820127938e-05
-2.7321753632292278e-05
-1.8572830361163195e-05
-1.8615476747585458e-05
-2.356917342849485e-05
-1.7951909383584486e-05
-1.9853043994322306e-05
-1.8672849167233885e-05
-1.9605312490234006e-05
-1.6489275940834158e-05
-1.750445424991698e-05
-1.3639996273961952e-05
-1.5103959823903335e-05
-1.4525348535576743e-05
-1.9716651060763812e-05
-1.8146649952810456e-05
-1.4436420646302128e-05
-1.4912360642160838e-05
-1.416749001553752e-05
-1.4349892003162612e-05
-1.405325897430032e-05
-1.417993288654884e-05
-1.4441922331076551e-05
-1.4504305318518984e-05
-1.485598986056269e-05
-1.2373245158459056e-05
-8.75209872924776e-06
-1.1082873131285087e-05
-1.7802656835319564e-05
-1.793022541757283e-05
-1.7998100573624054e-05
-1.2198045650668732e-05
-1.2797116547114129e-05
-1.1750004630439737e-05
-1.4057355409380357e-05
-1.1611615674311793e-05
-1.2112520164975216e-05
-1.2792464381183866e-05
-1.131366937895395e-05
-1.0326295665052942e-05
-7.998263221897783e-06
-9.318823692983091e-06
-1.0338055622116649e-05
-1.08133348420969e-05
-1.4744402518418465e-05
-1.0199467166238652e-05
-9.156332565207759e-06
-1.1109657458152622e-05
-1.2650751029519292e-05
-9.215706833543003e-06
-7.680419233324631e-06
-8.444480546765387e-06
-7.477993527627014e-06
-1.0693703623276818e-05
-7.070727306712765e-06
-7.893033279859907e-06
-9.000856167784566e-06
-7.44338959796087e-06
-6.783826567213769e-06
-8.618829788087368e-06
-1.0125069721145241e-05
-8.53590772587065e-06
-6.1888083497385615e-06
-6.712433128774897e-06
-6.913535428809681e-06
-7.588055494722745e-06
-6.404105712787267e-06
-9.336576375806871e-06
-5.884422205448825e-06
-6.108830873652327e-06
-8.273070343345346e-06
-8.112779281421734e-06
-6.229530754964241e-06
-4.962945712005951e-06
