-634.9927923904359
-1.0018801944801472
-0.5331694227745505
-0.42895970376727666
-0.3497460717960157
-0.32397624465134317
-0.3098102539559552
-0.30444977749553964
-0.30052483369675204
-0.2336621971093594
-0.2805305547668883
-0.1772924076344225
-0.1695862608924433
-0.19691480863119523
-0.2576919172924965
-0.22896199831842332
-0.1760936264795
-0.15816528430541657
-0.14581507766514915
-0.16207877340916862
-0.13240328407378335
-0.17086616270988517
-0.16595790173551891
-0.13041113216370565
-0.1253525984669904
-0.08898897899847913
-0.08591793009362847
-0.0847534175328199
-0.12333690450446078
-0.08512365926133003
-0.10131866990280353
-0.07487851342802343
-0.06315623174847873
-0.05459259446221221
-0.04793820858516157
-0.048299601326524055
-0.05871143269940504
-0.037291752019049884
-0.046723216245420196
-0.04329106904756663
-0.04053553470887733
-0.048711280524107836
-0.03496713802028867
-0.05035358391069539
-0.034346323073414176
-0.025303325513689745
-0.024115456993798356
-0.022069879031485495
-0.02916891521029752
-0.025306873872184
-0.01893365957520221
-0.022798843741860864
-0.022192022961018132
-0.0202900480858218
-0.015313062754567341
-0.01725307917722635
-0.016984492421761033
-0.018532017844744175
-0.013503543983728883
-0.02312235351683939
-0.014377189571321114
-0.014649965919954877
-0.011120014176720316
-0.012288004755426574
-0.012939394596079401
-0.01549293103509336
-0.010789023377534734
-0.011487496423620347
-0.013243832133743583
-0.011371733842355847
-0.012887121889655018
-0.012333542390249308
-0.010982733320018478
-0.011466463156142914
-0.011220240636318601
-0.012661196482661341
-0.012442961536524577
-0.010482966588556852
-0.010319547385710004
-0.0168941480328737
-0.015714518165931668
-0.01843735655129808
-0.012254688527299662
-0.011620063352049292
-0.010306963877978803
-0.01344811954372005
-0.014487888271433769
-0.011983136561314167
-0.010180269520646712
-0.01266500075257887
-0.012664967394797944
-0.012103152284786478
-0.010274877644702363
-0.01135551299998716
-0.011522783997873653
-0.012002653430196908
-0.011982260003391143
-0.010873348874012423
-0.010488117221267579
-0.011125112985608587
-0.014920463219224966
-0.01207987100992608
-0.011241596964037703
-0.01261348892066222
-0.009430613498762563
-0.01333550979930831
-0.010361277453627693
-0.010957967738712493
-0.010442044380251647
-0.009448441499219029
-0.00995015551060452
-0.0109681995856864
-0.009937012072912865
-0.009803572910676739
-0.009335517801716653
-0.011142191380210498
-0.008737347248395588
-0.01212100157485535
-0.01079144146070643
-0.00885539391501583
-0.009091086863546372
-0.009125138980838943
-0.010298752897017982
-0.009947944577848034
-0.007757937849789676
-0.0077921323151557975
-0.00684710715807163
-0.009640351165414063
-0.007553888862570912
-0.007296078274214246
-0.007327711943837245
-0.006862190353148778
-0.006479808081406191
-0.008361393291915376
-0.00883216747903709
-0.008524402611084614
-0.006435365970141438
-0.007402664110426116
-0.00682764854828577
-0.009077483283793542
-0.006819525116051828
-0.00844563404812948
-0.006513991328943369
-0.008441651122702176
-0.008200860128543264
-0.007490427144080214
-0.005945172547227484
-0.006938306620904389
-0.006745219770776634
-0.005482781202421294
-0.006655613693139939
-0.006307269218254807
-0.005842744168503056
-0.006452110909454967
-0.005968808211341936
-0.007439666049155691
-0.005175201317607847
-0.006118644459874034
-0.0056327679563217825
-0.005678879569436857
-0.0059866768842565254
-0.005218245409367328
-0.004414320725309895
-0.0050429956040489166
-0.004836147085676534
-0.004147742759550099
-0.004054358070963715
-0.004151842474874157
-0.003873926269990946
-0.004556691132436785
-0.0053967142314254035
-0.0038145404942497296
-0.0041405003639540805
-0.004304704657896508
-0.003368767856602173
-0.004026479271598049
-0.003741386768355559
-0.005161056492835492
-0.003997404879655386
-0.0037805450443634814
-0.004746114343781027
-0.006408375289180257
-0.004148287549641749
-0.004792961321669287
-0.0043012280979761175
-0.003732554479451644
-0.0033925334948562424
-0.0033281218851192174
-0.0035153636286924805
-0.0036195045418590532
-0.0035011392728970248
-0.003242334153583548
-0.0034763400494596808
-0.0034933533753292445
-0.00325410009335636
-0.0032098390634883733
-0.0030361032989520975
-0.0034761431384867647
-0.0037287130638375965
-0.00343381714077301
-0.003019233042132141
-0.0029565629555608486
-0.003513670808034941
-0.002760620190662366
-0.0037087894714865066
-0.003729975645095529
-0.0037972546686175224
-0.003429845222562511
-0.002767386281978479
-0.0030634900606014703
-0.00352781861289142
-0.0035880619990085183
-0.002916245886206925
-0.0026936769081932765
-0.002768508838820405
-0.002696419111735515
-0.00324572878645224
-0.003022660381840514
-0.00287573832599447
-0.0036297285324990436
-0.003284562909338762
-0.002898805850792885
-0.0029967652997516803
-0.0024324535193087637
-0.0031454972443030194
-0.0034333052140193
-0.0033570981379543174
-0.0031011620666880346
-0.0032350598729178337
-0.002468812170983048
-0.0025466449759151133
-0.002538780820110831
-0.003057906387017195
-0.0031241481451121933
-0.0027653779227970188
-0.0026363382051144413
-0.0024073880026665995
-0.0021315103652495004
-0.0024658760160825577
-0.0027146145076450967
-0.0023774024854713027
-0.002348841351481834
-0.002129473251200442
-0.0022441072523696204
-0.002032551680277328
-0.002220490762061711
-0.002407073622269662
-0.002379569177824503
-0.002701829506464748
-0.0024056176122190798
-0.002921588831823918
-0.002798267692889156
-0.0026375638715290806
-0.0020615983243171265
-0.002727995038908859
-0.0023400567423417784
-0.0020578429606418758
-0.002309615577418378
-0.0022606210756100364
-0.00221821755155599
-0.0018403432921099139
-0.0020003634936169856
-0.0019330401442927414
-0.002161082606368603
-0.002411599150817678
-0.001937082111660604
-0.002946510818766346
-0.0021769120779954187
-0.0023358549988160004
-0.0020993233485465668
-0.0018047489727305854
-0.0021505819913272828
-0.0017797829158890943
-0.00235731176215348
-0.0020492162887725263
-0.0018665783902255817
-0.0020130650131323646
-0.001763075995980412
-0.0019484219804217218
-0.0021481008053942374
-0.0018434380625346192
-0.001568481670349231
-0.0015175568598738143
-0.0017562376975369665
-0.0018164703042658492
-0.0023905259981410465
-0.001867297280952418
-0.0016666685109664736
-0.0020622793410459694
-0.0019963270347230777
-0.0018481302825526513
-0.0021078567998009667
-0.0019264335018568945
-0.0019785552727190625
-0.0020655362309309755
-0.0018604342583160571
-0.002480047775412886
-0.0018583950175662944
-0.0016803345371403378
-0.0026112571670870444
-0.0019508794237735327
-0.001913998330507316
-0.001790435966667392
-0.0018575781384504442
-0.0015824089263798413
-0.0017179116615950174
-0.0023497383337856004
-0.0019188946227164383
-0.001742592615071481
-0.002253311414325776
-0.0019087376654257082
-0.0017557589970592646
-0.0019659324989410587
-0.0015418162330719798
-0.0014922270539615146
-0.0015800261474290256
-0.0013302629029863788
-0.0017687917108520912
-0.0016479883672605444
-0.0016901534239958105
-0.0016496850819285314
-0.0016833200143778204
-0.001703722700908239
-0.0016965603044377109
-0.0017239915909247339
-0.0013622963344296357
-0.0015333360430802578
-0.0014036955792516848
-0.0016385193956514055
-0.0017965651245165914
-0.0016725315225299409
-0.001615079459000246
-0.0017867489438738726
-0.001487919881234756
-0.0016360820338038873
-0.0014194365235346007
-0.0019661254802776362
-0.0016845172814400344
-0.001668195982635401
-0.001635651304044139
-0.0016677245585301481
-0.0013564663821789558
-0.0015669296283755685
-0.0016033466813765718
-0.001380027915423243
-0.001288550853082604
-0.0015556968058947906
-0.0012924673104893203
-0.001467887518785349
-0.0015347986592222362
-0.0013946933755394353
-0.0017688264837626422
-0.0016317765267223061
-0.001168023363111781
-0.001639220790328133
-0.0013179858008864342
-0.001384703534674847
-0.0013143971495489515
-0.0012661416444711415
-0.0011564261219688121
-0.0012254276203489955
-0.0011553648440802977
-0.0011505959150256428
-0.0014185988624731416
-0.0013526348562861168
-0.001264071128583677
-0.001441544113514548
-0.0014901604589533934
-0.0013407150549028524
-0.0016719636021560458
-0.0015060890476067956
-0.0013946041466899595
-0.0012814299750579239
-0.0012658289401107359
-0.0012647811984495272
-0.0015835501429342091
-0.001169126307167201
-0.0012369356228444928
-0.0014077764675362592
-0.0013298609121926153
-0.0014185516773655427
-0.0012150716212764312
-0.0015275642683124646
-0.0011290706711971632
-0.001313743534237577
-0.0011686725067356352
-0.0011512508215130723
-0.0011926144163669772
-0.0014690065296470989
-0.0012122910462026848
-0.0010710102288036816
-0.000936236572853244
-0.0010381306254562128
-0.0010769028254602464
-0.001101959572213429
-0.001209089916586359
-0.0010531688188198385
-0.0009446826758172655
-0.0010133897066689768
-0.0009181021405673118
-0.0009231153262712066
-0.0009454312299950751
-0.0011372707313960229
-0.001068512346605044
-0.0010441026101598583
-0.0010946316752451501
-0.001010510038457757
-0.0010608612258175554
-0.0008440699499915882
-0.001195788037114287
-0.0010573765861566775
-0.0009928938573666723
-0.0009430846709065355
-0.0012944528937858246
-0.00123627945449023
-0.001051988049802055
-0.0009569001200505634
-0.0012848624577250223
-0.000951160223727987
-0.0009193075432514797
-0.0011019713594883074
-0.0010064352508380447
-0.0009229685540818044
-0.0010405504136886679
-0.0011284857759801814
-0.001038415138886195
-0.0011543319933416951
-0.0009976375966914697
-0.0009668091299407378
-0.0009011078089417035
-0.0008447502398434836
-0.0009763366582746791
-0.0009604393254131205
-0.000787681739381707
-0.0009685352970317251
-0.0009145524454294285
-0.0009706343537171369
-0.0009040304378641895
-0.0008395054340058494
-0.0010692851021820715
-0.0009309529205848155
-0.0007778383937597777
-0.0009720265997726907
-0.000818777241943347
-0.0007764227243209354
-0.0008146694053866588
-0.0010438965208052764
-0.000922547141882335
-0.0008496160814524534
-0.0008861891400003263
-0.0007546403327506335
-0.0008425177588114452
-0.000984640840139106
-0.0008280694228641194
-0.0008341360163999223
-0.0008819933678584357
-0.000908160369059996
-0.0010118036068318403
-0.0009025233570083557
-0.0008869306174343339
-0.000951563051668991
-0.0011707581800911582
-0.0010053614815658252
-0.0010332692472282967
-0.0009495688120279566
-0.0008585854770160606
-0.0009536327017581891
-0.0009774576343759556
-0.0008841372847466222
-0.0008250944514038294
-0.0008391675064118309
-0.0007990997950148016
-0.0007608739124674302
-0.0007898484667577255
-0.0010183588664622878
-0.0008102615123939394
-0.0008275256702967027
-0.0009435779526292265
-0.0008039498604400785
-0.0006999176985725275
-0.0006818145791481212
-0.0007206627361041051
-0.0008816332950212225
-0.0007274680428571156
-0.0007755801465622603
-0.0007974243619400245
-0.0007584573063886269
-0.00083504762801484
-0.0009633062970292872
-0.0007722358113163019
-0.0007910227435064532
-0.0008061563729327426
-0.0007503488870753694
-0.0006039934741601249
-0.0006307132251863745
-0.0006707213349365637
-0.0008335810425451062
-0.0006494937389704414
-0.0006823480188541398
-0.0007329492502088364
-0.0008763953757970344
-0.0008574861112219945
-0.000729369345046027
-0.0006693391051561526
-0.0006694408014900066
-0.0008358794647926326
-0.0006749781455453463
-0.0006123528066344641
-0.0007970059054435708
-0.0006213798007888016
-0.0006845147407844032
-0.0006015297861301505
-0.0007015993078635097
-0.0007626762854091029
-0.0008893353393455983
-0.000617311639155238
-0.000683489186155406
-0.0006470462035750857
-0.0006657406076877037
-0.0006289744031344746
-0.0011176113590801173
-0.0007270257842499905
-0.0005687599636231
-0.0007462565439439461
-0.0008273282797283676
-0.0007256897686018782
-0.0006955992719973603
-0.0006140425939182292
-0.000670348652279884
-0.0006016481789175576
-0.0007095445990183413
-0.0008667873058458841
-0.0006339385573149725
-0.0007220241051389409
-0.0007490223914065619
-0.0007456343830535839
-0.0007792380883343553
-0.0007508808269626743
-0.0007768364305014153
-0.0006568459865283205
-0.0006816306586793774
-0.0006036183709310361
-0.0006951201497930048
-0.000598665088453465
-0.0006164657385535066
-0.0006128586689070903
-0.0006177996642505179
-0.0006744731831116457
-0.0005170979563113853
-0.0007564087129521835
-0.0007100559778639992
-0.0006089693102708793
-0.000707912425393975
-0.000665005036012245
-0.0006346049281634736
-0.0005724152686357731
-0.0005404163945648688
-0.000517385404413373
-0.0005674731678335654
-0.0006271256393903246
-0.0006174236934020638
-0.0004991215860756792
-0.0006046035165179209
-0.0006971312081334724
-0.0006272158250963389
-0.0006235371743487095
-0.0006361009848570021
-0.000622049401135083
-0.0006737408013911539
-0.0005307283642005944
-0.0006379774227153745
-0.0006585047343480865
-0.0006592572596568202
-0.000479783622866492
-0.0005796424869319861
-0.0006459638068016527
-0.0005310662886567341
-0.000536595710971699
-0.0006695390248751543
-0.0005670107201750096
-0.0006171190246384017
-0.0006629539090618475
-0.00068097474729506
-0.0006327092775213483
-0.0008203829711673216
-0.0005382218652088544
-0.0006422071176586108
-0.0006889798524312152
-0.0005731946221296247
-0.0005696569319943445
-0.0006181177132122406
-0.0006195492659663571
-0.0005771959245967073
-0.0005228700045253332
-0.0006326640991762278
-0.0006319249002159077
-0.0005541967553295835
-0.0006073012857745197
-0.0005738945383668703
-0.0006538242750001588
-0.0005715520646918382
-0.0005143878912486355
-0.0005431927197480646
-0.0005006114299719866
-0.0005657953003195271
-0.0005739816998028835
-0.0006520952429820426
-0.0005629028857334628
-0.0006081808957045798
-0.0005098345135161053
-0.0006643043307743013
-0.0005348708354733778
-0.0004925310121270399
-0.0005131921362329095
-0.0005381258364780539
-0.0005177562247674072
-0.0005616785903444499
-0.0005611436692970484
-0.000545739664253031
-0.0004901801145977269
-0.00043606186674183256
-0.000499811070035383
-0.0005391840211433352
-0.0005839481880298147
-0.0005271495179569596
-0.0005676628423259555
-0.000584777124297442
-0.00041847681542789283
-0.00041896446709255297
-0.0005059281740816823
-0.0004851094188050298
-0.00048014422379111243
-0.0005204775560166963
-0.00046329786227083947
-0.00048637521074740286
-0.0005223334005762803
-0.00042894900206769115
-0.0005826274047127655
-0.0005241811504958505
-0.000454699581429574
-0.0004936149639592768
-0.0004765571329497509
-0.0005387452437857765
-0.00046458655500886126
-0.000577297793980025
-0.0005114292574693868
-0.0005153515885979454
-0.0003912310609306413
-0.0005064624935343098
-0.0005408392130205608
-0.0004176123131620635
-0.0004372149907352907
-0.0005134287502223112
-0.0004343281917854047
-0.0005643135730750704
-0.0004774674327531758
-0.00037359614129189866
-0.00048310027916870224
-0.0005085063158190573
-0.0006065130239297223
-0.0004951392166626656
-0.0005193038458755073
-0.000524203271940249
-0.00044278313357343224
-0.0005825970862947116
-0.0005188689694524129
-0.0005452723503462376
-0.0005459381879834857
-0.0004140941705760848
-0.0005388806468746288
-0.00048209954316735804
-0.00043428461357913895
-0.0004331389498840599
-0.0004831779713780904
-0.0004215907511246342
-0.0005006986292965809
-0.0004868040281162389
-0.00043482711263920226
-0.0005143715230195856
-0.0005201876008668616
-0.00042535030262058626
-0.00041472351014248954
-0.000459525880769307
-0.0004550494450791809
-0.00037180213797710637
-0.0004940969507409854
-0.0003630709549123923
-0.00042719180844891236
-0.0004268030464972816
-0.00042844193934277186
-0.0005207551954621303
-0.0004511600764693924
-0.000515511622114051
-0.00041843816601916384
-0.00042963082256652907
-0.0003683983886375586
-0.00047507997763346355
-0.0004727725661458626
-0.0004613226012206706
-0.00046531743080668875
-0.00043325236452551596
-0.0004073507916946273
-0.0004384621119148946
-0.00039000755709872603
-0.0003956283217467216
-0.00034133779368134
-0.0004073560499508466
-0.0003939857881234965
-0.00046602562814324067
-0.0004883722496131226
-0.0004605884918710279
-0.00046656648604198603
-0.0004062725604522255
-0.000554910477985282
-0.0004592403853148075
-0.0005205312728364109
-0.0005289681879241948
-0.00038919756999961086
-0.0003669232135833367
-0.0003591600122922478
-0.00043118306312150967
-0.0004636699038846892
-0.00045261826003295536
-0.00044282234448350666
-0.00038101829786346686
-0.00034135862937278993
-0.0003667021566490236
-0.00040779796310430605
-0.0003875713922295021
-0.0004190292916870231
-0.0004713704788217865
-0.0004235802493305907
-0.00043930900205541024
-0.0004413012053525178
-0.0004026840326629699
-0.00039898143237315775
-0.00028351600641696173
-0.0004004762850710053
-0.00042261425112261053
-0.00038321548273118067
-0.0004188830645359687
-0.0003471834800265472
-0.0004219448082863897
-0.0003949500634589098
-0.00040102690464044466
-0.0004000652541398253
-0.0003397763758807293
-0.00031894111281088877
-0.00034119874486304713
-0.0002943109010808964
-0.00029284725824962887
-0.00038985244135458785
-0.00038896731753218505
-0.0004258110148078753
-0.00032164596239392385
-0.0003955813573722211
-0.00043019883841904916
-0.00033152332080271796
-0.00042020906175704864
-0.0004392657573360492
-0.0003361084167136652
-0.00040628670544595735
-0.0004496036773772305
-0.0003873568591536425
-0.0003765666971595194
-0.00034926375356558736
-0.0003134218197230476
-0.00033300346826214966
-0.0003990151485476767
-0.0004239055352555643
-0.00042702742458355925
-0.00040783668850624677
-0.0003217964736191292
-0.00043283197594279343
-0.0004469663704704252
-0.00040142306889295876
-0.000349796043832562
-0.0003368473404991579
-0.00031995514391314206
-0.00033298924550884124
-0.00035733794395143015
-0.0003857799404237139
-0.000411925803204205
-0.00034614402623306395
-0.0003259976030533518
-0.0003419768466383921
-0.0003044397288789469
-0.0003182873142860698
-0.0003710592838522264
-0.0003165562947781697
-0.0003289898408362357
-0.0003303473105573107
-0.0003457407797743395
-0.00036684167241524124
-0.0003386838423193872
-0.000330579070336956
-0.00036416932797889157
-0.00034407766072808155
-0.0003017317988586732
-0.0003485477905982859
-0.00034619623521908727
-0.0002677206494080542
-0.0003514828582776852
-0.0003478872681151324
-0.00033188935434813605
-0.00028070930928020266
-0.0002964910204546478
-0.0002834069808386186
-0.00028034531838272425
-0.0003464355785047779
-0.00029032760954322834
-0.00031558973914191935
-0.0002714251848755511
-0.0003090796535112905
-0.00034619250584161376
-0.0003023321188884709
-0.00031455558680160145
-0.00032552538801688957
-0.00033655355757628014
-0.0003422199981786833
-0.00033634805653859345
-0.0002893610083198883
-0.0003333024409021279
-0.00036357613974741243
-0.0003533361961937098
-0.0002970469031428058
-0.0003045576385313775
-0.0003425391245768239
-0.0003131854582503202
-0.000375008331023885
-0.00032108424341642516
-0.0003223627921194461
-0.0002934520106253613
-0.0003064345469948049
-0.0002679600373372004
-0.0002674973094909383
-0.00033250168956705517
-0.00032214307487743454
-0.0002817939590841756
-0.0003856312823118935
-0.00035160641837017614
-0.0002884873674710575
-0.00028333505731581443
-0.0003388116233113414
-0.00030887456824857384
-0.0002641868437843198
-0.00029823887689794937
-0.00031984341446772424
-0.00029919954965951234
-0.000256020688255143
-0.0002934221764132605
-0.00026461086675350076
-0.0003357141241014938
-0.00029869422696027215
-0.0003359455457573879
-0.0002650419556541328
-0.0002908543690763321
-0.000254670872385232
-0.00030716005516928657
-0.0002643725049493728
-0.000274706199753727
-0.0002215221386475119
-0.0002980266803422893
-0.00023478417221650671
-0.0003086089566700645
-0.0002352355589360089
-0.000228072881623409
-0.0002904863867406182
-0.0002731068950852511
-0.0003131341139969157
-0.0003927978099080298
-0.000307024959096458
-0.00031167466323128723
-0.00027779769329916437
-0.0002998105878222468
-0.00034254765104446694
-0.00029067602285437477
-0.00033515918828869173
-0.00031253642084627664
-0.00023890168132467693
-0.00023317774182102236
-0.0002788942716356879
-0.0003096390647506775
-0.0002967898835394833
-0.00026209598909315845
-0.0002622686606306157
-0.0002612164372134962
-0.00023279350262234155
-0.00028929561024865214
-0.00023627616430876852
-0.00031291845930514484
-0.00031089152178970236
-0.0003977052896009803
-0.00026066347165842885
-0.000340666158366032
-0.0002592152548958615
-0.0003207587968392378
-0.00028607699549310084
-0.000279937380802342
-0.00024016048225944386
-0.00028744794819962616
-0.00027481607860457835
-0.0002488316356489828
-0.00024041797964174938
-0.00023664841336096254
-0.0003565140858232674
-0.0003038756683104715
-0.0002799103443943962
-0.00024143231485768135
-0.00022408883534141832
-0.00024599833675087446
-0.00031049078091249793
-0.0003050562854916561
-0.000225675963605787
-0.00026813779376627656
-0.0002663124847880338
-0.00022138999843729357
-0.00023092050393186403
-0.000258126802599401
-0.0002863312556322106
-0.0002307964052514766
-0.0002335823605245646
-0.0002494564244134856
-0.00024374765812629207
-0.00022559566662316843
-0.0002294271763269018
-0.00020842938035631198
-0.0002157709883278125
-0.00020962004739100148
-0.00024867459290095484
-0.0002341931147776255
-0.00021455716306445494
-0.0002307331122949341
-0.00023570740486722475
-0.00030489697254310055
-0.00035188022701226895
-0.00027675067244298246
-0.00022175811044822247
-0.0002684238512164483
-0.0002568985375837052
-0.0003137654014840341
-0.00029794911966085635
-0.000262496961038583
-0.00021342486777092828
-0.00025809124221909396
-0.0002327410771362226
-0.0002800268793209937
-0.00025783800057072037
-0.0002828282067817711
-0.0002494487821519398
-0.00022789124836603003
-0.00024793256068983416
-0.0002500580467583169
-0.00028189294222202843
-0.00023969848873311994
-0.0002311032958209891
-0.000241147812192255
-0.0002707539808614601
-0.00021160296810313062
-0.00022148855718445715
-0.00025903474824917616
-0.0002632159488509811
-0.0002661560770206295
-0.00026066019988479905
-0.0002455476683067559
-0.00023455954822521052
-0.0002467345845996727
-0.00028366898313869626
-0.00021677305598266638
-0.0002476723456207308
-0.00023855554117729882
-0.0002123960127369262
-0.00023741691860623693
-0.0002656092415883049
-0.0002177549664711398
-0.0002072272687556609
-0.0002865760687736918
-0.00023071287188780598
-0.0002470999235041349
-0.00021022961871208778
-0.0002357127479914456
-0.00026991708900842015
-0.00022849828716980936
-0.00018028093948652124
-0.00021860003659723848
-0.00025748858336605007
-0.00021850580272636533
-0.0002181963326392533
-0.0002060148639543291
-0.0002654465872758971
-0.0002177360718852439
-0.00023020533126943965
-0.00020254545050291117
-0.0002131153390722007
-0.00019278862036087308
-0.00020309416204034036
-0.00022521145680493015
-0.00022072344793094834
-0.00023994451582332044
-0.0002151179060316255
-0.0002561379642426198
-0.00016521825016990732
-0.00025832771784572994
-0.0002273668821867192
-0.0002385516015671607
-0.00020306086062316098
-0.0001690592258042911
-0.00022112432344084665
-0.00021839750972990624
-0.000225480903730646
-0.00021610350158102198
-0.000190868598738958
-0.00021923352377190009
-0.0002145141069047063
-0.00020756501575053266
-0.0002041317094553241
-0.00022063609508921056
-0.0001889200806852731
-0.00018611109971006234
-0.00017709747181460234
-0.00019989470525572095
-0.00019353892093165737
-0.0002557690436046922
-0.00021516044728836503
-0.0001860977206847858
-0.000176076961914573
-0.000165831211324019
-0.00021443399177201172
-0.0002094984683590484
-0.0001935636582466871
-0.0001735805264300727
-0.00019429439025098194
-0.0002112465125181373
-0.00017145310032112837
-0.0002485624147166021
-0.0001937576467470059
-0.00018527869010087628
-0.00017909940697125037
-0.00018073299714682634
-0.00018235849644965274
-0.00022092891787356406
-0.00018068614255933868
-0.00023261981711708568
-0.00022178083080554023
-0.0001850574115127568
-0.00022300885541670645
-0.0002064520743159104
-0.00020747915174157416
-0.00020984839319454496
-0.00019897906643784324
-0.00017377812596985898
-0.00018278145274436275
-0.00026908395014119124
-0.0002548915617520131
-0.00023259591314478412
-0.00023568266278983785
-0.00017867889393452518
-0.0002114949250394127
-0.0002187383664755682
-0.00020946566380070086
-0.00019667977735676745
-0.0002208055432393885
-0.00018416855295294576
-0.00016202987986735362
-0.0002236928092913537
-0.0002067826868672462
-0.00019821031604638772
-0.00018339743770273698
-0.00015631465662646615
-0.00017163670424835686
-0.00019089325140808633
-0.00019912645235908855
-0.0001766041385538597
-0.0001792839362978471
-0.000194677215787753
-0.00017240828999187663
-0.0002254510408241095
-0.00018766560144056754
-0.0001807593668458618
-0.00015623792364266587
-0.00015458697962761336
-0.000155782590328446
-0.00014817511414588758
-0.00017650582220646305
-0.00021616376037048024
-0.000189472204057739
-0.00016366096969444577
-0.00020693165032087402
-0.0002164212834441237
-0.00020153435061315284
-0.00018093595772716853
-0.00018990995284268175
-0.0001927735953511922
-0.0001672521627745227
-0.0002334871584870335
-0.00019158590749912552
-0.00020666183008732908
-0.0001599930426427476
-0.00017063289330854214
-0.00017447860576541574
-0.00019360640860766054
-0.00018123281773346767
-0.00018704417137005436
-0.0002059465833194607
-0.00019635310790266924
-0.00019243104619681706
-0.00017583203477178344
-0.00014392485647929387
-0.00017318768582030852
-0.0001597353536910151
-0.00017037793892665798
-0.000211822271386497
-0.0002021760559144936
-0.00021355356760727195
-0.00018498334549477136
-0.00018456331286559324
-0.00017262858614774945
-0.0001680573090941384
-0.000197974902271969
-0.00018843009579239123
-0.0002273920846322941
-0.0001845696137078856
-0.0001592063580764247
-0.00015129324746449013
-0.0001998049078942854
-0.00018672124680590985
-0.00019849534998045426
-0.0002243059639598921
-0.00015664764849115942
-0.0001599192792736126
-0.00013900942875311184
-0.00015964538564622321
-0.00018154516690621625
-0.0001998874739666534
-0.00017469221455307382
-0.00020340440833332973
-0.00019379954314152625
-0.00019765589358283764
-0.0001753932640567446
-0.00018319745593775583
-0.000176217778006027
-0.00017098212997290752
-0.00016930443952961616
-0.00018878406185740548
-0.00017592823560369508
-0.00016177064875783076
-0.0001655544570174361
-0.00019975369101737916
-0.00020110376547022302
-0.00017585287313776066
-0.00017079054768276425
-0.00015984388310813502
-0.00015105743641918856
-0.0001374822659751529
-0.00019743889852030794
-0.00018859447191837964
-0.00021942149582215853
-0.00021256662302737706
-0.00018342389645392698
-0.00017127088595320084
-0.00014163068338202134
-0.00017679538095294323
-0.00015973054113516127
-0.00015969793218584272
-0.00014291463597071452
-0.00017349612992884067
-0.00015523575081627383
-0.0001575668692774812
-0.00014808078549960468
-0.00018364810829529787
-0.0001563815588502826
-0.00021097295719235687
-0.00017643817569423792
-0.0002104152596144604
-0.00018765213332166963
-0.00017860758828092127
-0.00019304691564375753
-0.00016179907345509337
-0.00014839784014464286
-0.00014986987123055684
-0.00017206727348084705
-0.00022777540329560475
-0.00017479285290983304
-0.00014940789503997687
-0.00014304753266708436
-0.00015978704648400566
-0.00014971304631788973
-0.00021749093083939242
-0.00019397111539454226
-0.0001618372526040468
-0.00018252730526646666
-0.00017011977928138577
-0.00019152758018781135
-0.00015386031124264843
-0.00015802927206859385
-0.0001621947764660625
-0.0001905303334156505
-0.00014386120057641172
-0.00015600986317348964
-0.00016793434656819928
-0.00014978781196728352
-0.00016663450791770673
-0.00015238412902413012
-0.00013723888002115103
-0.00018518672944517478
-0.00018968646488520813
-0.0001497220183839798
-0.0001273142331664201
-0.00015070976448566809
-0.00014905760638289633
-0.00018510467016036314
-0.0001565715664242906
-0.00015269763671993397
-0.00013144155173644423
-0.00014118741471397245
-0.00014842894579847332
-0.00012834048571358503
-0.00012710486444328373
-0.00015156720078396413
-0.00016233736535925525
-0.0001473345042630192
-0.00012976259937619306
-0.00015606786307925669
-0.0001881611608131606
-0.00014244049645878443
-0.0001626362991795638
-0.00021474135732968413
-0.0001646970718825469
-0.00016723661207862506
-0.00013837288963153282
-0.00013954088456641367
-0.00017479331928560438
-0.0001681704303913567
-0.00016110637529670457
-0.00015416161828119002
-0.0001512090836224833
-0.0001330568174163771
-0.00013644211472035872
-0.00016176112370919205
-0.000158588906695456
-0.0001833109908204178
-0.00016677055784292127
-0.00016076271991294355
-0.00015752318349054883
-0.00014840185380088355
-0.00017167621648933595
-0.0001503599342191908
-0.0001417336337954933
-0.00014443286337956218
-0.0001711133340137061
-0.0001580243154634675
-0.0001537993359188583
-0.0001467456438837833
-0.00014890825732527535
-0.00014392082151287733
-0.00012274052046035155
-0.00014746602050624835
-0.00017879619709787464
-0.0001693831369474208
-0.000163191430577192
-0.00016613275364601998
-0.00014679740049122758
-0.000155122824958831
-0.00018261439032368765
-0.00013861656611047213
-0.00017804332472259876
-0.00015443553623595285
-0.00014096750058817387
-0.00012598298581106837
-0.0001621554386381785
-0.00018498589144227973
-0.0001536153068619206
-0.00017254223323009965
-0.00013893547308829746
-0.00016517977417151997
-0.00014388425558947704
-0.0001492207173172111
-0.0001687985567809802
-0.00016038933025036561
-0.00014626710029197465
-0.00016510516623724492
-0.00015932067319729404
-0.0001378713722454683
-0.0001345696340565028
-0.00015640374769726462
-0.00014464900043636986
-0.00014400085824917142
-0.00012765879649551115
-0.00016840892002911723
-0.0001399427585918045
-0.0001670019279043089
-0.00015152489469849595
-0.0001856847389895555
-0.00013576822594424387
-0.0001387786325184881
-0.0001451706145183529
-0.00016373061422336743
-0.0001235235325238171
-0.00016532565803156762
-0.00015466933508545555
-0.00014351659769579195
-0.00013595175177122387
-0.0001366542917362601
-0.00016867356981598025
-0.00015279451705985103
-0.00012060785400008767
-0.00013940015995450583
-0.0001232791344711881
-0.000132127095897272
-0.00013486584069205554
-0.00016671888186436945
-0.00013145851621482185
-0.00012734136445019528
-0.00010989313408332757
-0.00014572123847056417
-0.00014256239627863376
-0.0001589457776342562
-0.00011928919799603088
-0.00012670176585577453
-0.0001241884497262813
-0.0001414685920531067
-0.00013451156755073246
-0.0001324774484979807
-0.00011114286470359502
-0.00011550647547386994
-0.0001313722437533138
-0.00013136817709741289
-0.00012328211929024668
-0.0001378992228311393
-0.00011977391542028482
-0.0001318508145498054
-0.0001262532902729374
-0.0001337469630178778
-0.00012623313228238286
-0.00011194678386333701
-0.00011471174149352281
-0.00014254317416922957
-0.0001181965500859361
-0.0001522976217291916
-0.00011219539215490126
-0.00014032383995804532
-0.00014103742784671303
-0.00012415500255819056
-0.00011184616694881466
-0.00012632838174203576
-0.00012245386626108523
-0.00013252481868558652
-0.00013241791032997385
-0.00014774365948810875
-0.00012969874696983075
-0.00013841010009724153
-0.0001237884666770439
-0.00011639790741468925
-0.00014032958943760443
-0.00012992530178734807
-0.00012760347915952153
-0.00012207957645271605
-0.00011117058377624334
-0.00013275950541402626
-0.00012474546368873574
-0.0001110244576634778
-0.0001473339220497416
-0.00012941491875173572
-0.0001569646419626869
-0.00011987440414051864
-0.00011779883545781633
-0.0001152752344284469
-0.00015146304807084343
-0.0001309944641608718
-0.00014120985342769288
-0.00016613390522579596
-0.00012215569062484777
-0.00013456003931622273
-0.00012370004464345996
-0.00011503678167917863
-0.00010794934105756715
-0.00010923204659152308
-0.00012661904392857748
-0.00012823494660468837
-0.00014277940900897512
-0.00010651445025722239
-0.00012268287630479158
-0.0001254067269382264
-0.00013518365351644634
-0.00011602312584507724
-8.48694492679436e-05
-0.00012652961427117582
-0.00013317957685027304
-0.00010503394674965527
-0.00012187811100544677
-0.00015862205771222104
-0.00013736553048604438
-0.00012029854121331507
-0.00012325432731830066
-0.00012014418428191176
-0.00011583729400799214
-0.0001367354995848724
-0.00014133082184941692
-0.00012586753394733252
-0.00011276330986464966
-0.00010116043421198873
-0.00010516166264612492
-0.00011905120839184047
-0.00011702945282904276
-0.00010358208757571541
-0.0001356275836573717
-0.00011306814269868015
-0.00012234389372739463
-0.0001436707919961755
-0.00013011816352193062
-0.00011657198362530208
-0.00013619308577628164
-0.00011093942211087837
-0.00010481290244418462
-0.00010268630898180309
-0.0001273080951553207
-0.0001207000850769746
-0.00011493894342851085
-0.00011512277077274646
-0.00011247842983735934
-0.00012347580841698402
-0.00012545532250524127
-0.0001350119599615729
-0.0001036206670202433
-0.0001097602300307865
-0.00010863934351562632
-0.00012077284564887547
-0.00018156734410068598
-0.0001257746962394224
-0.00013426609904598763
-0.00011185651017886489
-0.0001014859202814189
-0.00010734345203705642
-0.00011993346274347116
-0.00010049991611749132
-0.00012936981234951128
-0.00010489494498172602
-0.00010614344868165038
-0.00011876375631320046
-0.00013246347691853178
-0.00011527745819339685
-0.0001118219827204725
-9.243716182188999e-05
-0.00010227427932540945
-0.00012038905602185235
-0.00010760481978550063
-0.00010436553527165549
-0.00011723716646239168
-0.00010878564473576491
-0.00012715082775349718
-0.00013681654311337166
-9.685316156737844e-05
-0.00012319723050380205
-0.00010774584962786049
-0.00010331082230979893
-0.00012540564173918467
-0.00013740270081263883
-0.00013435101041370245
-0.00011921926751873313
-0.00012162377574914673
-0.00011576070810287442
-8.537724299351179e-05
-9.007784857950618e-05
-9.434211374659274e-05
-0.00010351152482207526
-0.00012086629388990966
-0.00010821149463313695
-0.00011024963858596859
-0.00011969481249701763
-9.453111356511057e-05
-0.0001034568960184834
-0.00012324422380488587
-0.00010709727018670678
-0.0001022748868069745
-0.00011236454790936046
-0.0001000813668234346
-0.00012205010938043381
-9.886512953083404e-05
-9.034308974326111e-05
-0.00011705854600896348
-0.00011702650633604872
-8.97099507707333e-05
-0.0001036573726102552
-0.00010261062223787532
-0.00012426485212591043
-9.708166706323684e-05
-9.825001178476178e-05
-0.00011443705009434035
-0.00010311663754192235
-0.00010117026618688962
-0.00010425409072978287
-0.00013413758033814505
-0.00010085001241716407
-0.0001246047829382424
-9.895683890470686e-05
-0.00011494707091341816
-0.000106753365648804
-7.583994363691282e-05
-9.485022767141693e-05
-0.00012581575068115747
-9.262326324216419e-05
-0.00012889074748262397
-9.777353727807858e-05
-8.427873459521118e-05
-9.251157730172377e-05
-0.00010857545862147377
-9.687952634590546e-05
-0.00010568503773999982
-8.137666739183036e-05
-0.00011363655849555565
-0.00011837729834218713
-0.00010528503040935222
-0.00010881375320032083
-9.520822714215171e-05
-0.00011398818241364905
-0.00010652562241597607
-9.638987737381477e-05
-9.443588443003303e-05
-9.328011080933507e-05
-9.192984969663698e-05
-8.46427216104062e-05
-0.00012554657129260072
-0.00011408585194366827
-0.00010177584573040077
-9.935662495103026e-05
-0.00010105687936118324
-0.0001225680519498229
-0.00010051802131960663
-0.00013690850314146408
-0.00011713469997010062
-0.00010841436541553229
-0.0001047353111330307
-9.966031943098308e-05
-0.00011124820098562527
-0.0001222807456860986
-0.00011106117583492559
-0.00010001773594026098
-9.30323968783564e-05
-8.626247859566671e-05
-0.00010249849579291315
-0.00011715258151673291
-9.766539968225629e-05
-9.798494372686983e-05
-0.00010277861301083435
-9.263234350809224e-05
-9.664127325020866e-05
-9.243612593701211e-05
-0.00012469142072418782
-0.00011539386320841283
-0.00012565949542076016
-0.00011602056458315246
-9.551318044453971e-05
-9.518686859238956e-05
-0.00010007228703945437
-9.460778201036968e-05
-9.000793567914833e-05
-8.213110191734874e-05
-9.957040264763073e-05
-9.750262945645849e-05
-0.0001098821116627402
-9.775381830784413e-05
-8.57653708307704e-05
-9.15343203310992e-05
-8.615056369409846e-05
-9.776968661134866e-05
-0.00013294017206588737
-0.00011168929794141969
-9.062750968535926e-05
-0.00011040391085481716
-0.0001023171456684957
-0.00012352369833318333
-9.058020559898905e-05
-8.873520465157991e-05
-8.516144152265204e-05
-0.00010363749630976082
-0.00010483672233940755
-8.854583796680249e-05
-7.597227802191853e-05
-0.00010459116260785883
-9.972271988895054e-05
-8.855409235752898e-05
-8.572384586785775e-05
-9.095592046043377e-05
-8.553289818613585e-05
-0.00011462889567737111
-0.00010038478938784179
-0.00010469822739228585
-0.00011805044528645503
-9.707816440734929e-05
-9.476280072928667e-05
-0.0001056250502328715
-9.797585762166827e-05
-9.895620015937245e-05
-0.00010804242451090129
-8.891809262540074e-05
-0.00012411679664242614
-0.00011722889241566614
-9.685825427330208e-05
-9.512373346343139e-05
-0.0001139669944753563
-9.602791547602685e-05
-0.00011146527897987202
-0.0001062490004306027
-0.00011507241656755207
-9.482638802266186e-05
-9.289316633331879e-05
-9.633994760277487e-05
-8.942602569245173e-05
-0.00012096580772025245
-9.0278071067873e-05
-9.955683796469827e-05
-8.506237209904288e-05
-0.00011211327189797338
-9.157394302072852e-05
-9.997185153542976e-05
-0.00010134263684830058
-0.00011827035263944907
-9.291405442196643e-05
-9.513863771248854e-05
-8.537643477979362e-05
-7.561969406782998e-05
-9.232208667186992e-05
-8.878939504447514e-05
-8.565763690110417e-05
-7.998191161023849e-05
-8.579632796185122e-05
-8.76658492455773e-05
-9.367223113093681e-05
-0.00010060794746069579
-8.712300948926499e-05
-9.244164421623458e-05
-9.386464584543175e-05
-8.235508853488005e-05
-8.849158916707234e-05
-8.857644354764993e-05
-8.647057420868576e-05
-7.26783784233409e-05
-9.136518146496408e-05
-8.013871514067628e-05
-8.344834352763675e-05
-9.8424951025744e-05
-8.877050342709358e-05
-8.739957845671498e-05
-8.160250412253545e-05
-9.870407228801392e-05
-9.451348456812614e-05
-8.533962977302911e-05
-6.907614123813355e-05
-8.48151036587641e-05
-7.723195270326055e-05
-8.266932033024199e-05
-7.852459572615933e-05
-9.972995430496123e-05
-7.893857135327087e-05
-7.612545590929276e-05
-9.973252276940237e-05
-7.978011705150889e-05
-0.00011247162502237007
-8.584176921228037e-05
-0.00010700510406635999
-9.077607322438563e-05
-0.00010936889144386175
-8.997094967738706e-05
-8.006367254598246e-05
-9.302301444891192e-05
-8.881171594665727e-05
-8.227028620799715e-05
-7.9420670126229e-05
-7.906733296147994e-05
-9.197361672863558e-05
-7.766716347279434e-05
-7.007917021495391e-05
-8.288514844512207e-05
-0.00010277884080461819
-7.387091459037931e-05
-7.828633961393106e-05
-7.446381317677275e-05
-7.32018483615704e-05
-8.111440013403026e-05
-8.485960593773711e-05
-8.537559970034359e-05
-8.497009999475225e-05
-8.373933753486051e-05
-7.9956625202382e-05
-6.933251388085981e-05
-9.074487160348754e-05
-7.220793701107064e-05
-9.003075545638284e-05
-8.801457724494366e-05
-7.79129871431028e-05
-8.680550970568968e-05
-9.319099138932474e-05
-8.465431348464447e-05
-6.852068171442349e-05
-6.410914650673005e-05
-0.0001042623533688003
-8.544413993616384e-05
-9.003769144755314e-05
-0.0001182016619570847
-9.723913607645462e-05
-9.30671283702611e-05
-0.00011568718952481571
-8.677877481183538e-05
-9.673828157885644e-05
-9.877364517407727e-05
-9.466575078398431e-05
-8.366527961406467e-05
-8.979222668187292e-05
-7.559705971627029e-05
-9.22144193403196e-05
-8.428654409936565e-05
-7.564413793909042e-05
-8.298969990910843e-05
-8.085500320031969e-05
-7.665134435524967e-05
-6.882249073147939e-05
-7.084394429351937e-05
-9.317008617920619e-05
-8.36297902681582e-05
-0.00010095055577546974
-8.53118308453138e-05
-9.34822802038382e-05
-7.53722521865674e-05
-8.600496607857888e-05
-8.115056653529296e-05
-7.518960327029811e-05
-6.694628263764768e-05
-7.024334520910891e-05
-8.469634148683403e-05
-7.694578848371769e-05
-7.53147810044208e-05
-9.15797575246069e-05
-8.516684831522126e-05
-7.760185126209906e-05
-7.23536918251777e-05
-6.88566287364023e-05
-8.392090369091498e-05
-6.951371048685706e-05
-8.055849662302883e-05
-7.668958365503187e-05
-5.8666935447315716e-05
-7.356240712602657e-05
-8.41628976474551e-05
-9.04373731083763e-05
-7.852888653114842e-05
-7.701815633021081e-05
-8.030858020130482e-05
-7.21929406878874e-05
-8.35179018012222e-05
-8.142679334555147e-05
-7.03651235533509e-05
-7.60077608923937e-05
-9.054143173797824e-05
-8.517622103143552e-05
-7.265196861633294e-05
-8.24918906890959e-05
-8.638381973236076e-05
-7.318462403838044e-05
-7.745338728731843e-05
-6.287196533089068e-05
-7.475170961113164e-05
-8.990490244176197e-05
-6.043832329477583e-05
-9.65800993312782e-05
-7.123815799908728e-05
-6.82861039159599e-05
-7.141058811410694e-05
-6.461800091256409e-05
-6.892482296316782e-05
-7.607211362420374e-05
-6.316405584266827e-05
-7.423840961628958e-05
-7.530915575748587e-05
-6.838199680514467e-05
-7.428263958114689e-05
-7.818504435719298e-05
-6.526362218323145e-05
-6.792584032450089e-05
-7.08195931184985e-05
-6.488437342727638e-05
-8.610160718197646e-05
-7.635421139490228e-05
-9.193862557277388e-05
-7.808128992170538e-05
-7.060897704846969e-05
-6.885792226335452e-05
-7.50498036942715e-05
-7.73802475341756e-05
-7.879537090416111e-05
-5.976873116286807e-05
-7.919458300492677e-05
-9.327955303384261e-05
-8.35009688706645e-05
-9.015247995008968e-05
-7.670125586661802e-05
-6.632813933282744e-05
-6.713441172312429e-05
-7.116762264941512e-05
-7.755277426568785e-05
-7.675708909998802e-05
-6.245462438708715e-05
-5.877607110177374e-05
-8.616302382336016e-05
-7.074390942241049e-05
-5.6567808249918805e-05
-6.12464933307244e-05
-8.866800615942028e-05
-6.742971192380542e-05
-5.687000342913251e-05
-6.385393556895824e-05
-7.690396519471898e-05
-8.762927528255249e-05
-6.634915808156894e-05
-7.052157543074866e-05
-7.072069440261508e-05
-7.676967536879298e-05
-7.624245068793556e-05
-7.245041967546273e-05
-6.587418618697605e-05
-5.743265260038655e-05
-8.48249939657264e-05
-9.420782167635089e-05
-0.00010841778700726445
-8.358880036124505e-05
-8.792885312958187e-05
-0.00010064462392006535
-7.179366129961284e-05
-8.720352831059763e-05
-8.921553510560232e-05
-7.704844227646168e-05
-9.271867475463269e-05
-7.766747754783809e-05
-7.687113603482842e-05
-0.00010146787395970414
-8.130773977094163e-05
-8.02197896527801e-05
-8.107413406110986e-05
-8.957438601753243e-05
-7.901557584777397e-05
-8.298927655742139e-05
-6.650945472347347e-05
-8.245117101624011e-05
-7.221241257615585e-05
-8.541139095585848e-05
-7.728054666072959e-05
-7.43565812219571e-05
-6.531165897460944e-05
-6.852726405709442e-05
-7.86900049841166e-05
-8.347568832783869e-05
-8.261208732041059e-05
-7.526219584247373e-05
-6.985959091981853e-05
-7.593911245068474e-05
-6.650654069234596e-05
-7.37637296407967e-05
-8.82448436649863e-05
-8.878610673007659e-05
-7.730605120037648e-05
-7.343346755983582e-05
-6.360709488362204e-05
-6.011215167600614e-05
-6.161387549286079e-05
-7.335336430458472e-05
-6.251551065866723e-05
-6.885568335884829e-05
-6.38166730886347e-05
-6.0661646932302915e-05
-7.1917221258877e-05
-8.067575910619684e-05
-8.369371094357758e-05
-7.163669197818301e-05
-7.73750699246123e-05
-6.426548813787125e-05
-6.683497188891829e-05
-6.945834767180248e-05
-8.092128353215378e-05
-6.742296676054416e-05
-6.205362191907815e-05
-8.133609302690692e-05
-7.372518880671697e-05
-6.560502763625076e-05
-6.259649229423125e-05
-5.1057883936334036e-05
-0.00010626768044086354
-9.592931077456734e-05
-9.11895373970073e-05
-7.354403750642335e-05
-8.334542622340235e-05
-8.027864878834556e-05
-6.28119299637131e-05
-7.29252922961332e-05
-6.73072701385391e-05
-6.983373803925996e-05
-7.403296380220636e-05
-7.58482615272893e-05
-8.044203438317687e-05
-6.750733859745006e-05
-6.708653693238142e-05
-6.635008922628582e-05
-6.669902090195023e-05
-9.394437357296281e-05
-7.511567412843423e-05
-7.343122788716627e-05
-6.57869050533777e-05
-6.586880551767704e-05
-6.568545139379323e-05
-6.285809645983909e-05
-6.6319064408904e-05
-7.082981360201357e-05
-6.827508865919762e-05
-6.202667199123324e-05
-6.711958411026453e-05
-7.781433621784073e-05
-6.585045979035087e-05
-6.939657315629955e-05
-5.058680667130444e-05
-6.14910401213753e-05
-5.360645354707261e-05
-5.958424256363726e-05
-6.307399324406715e-05
-5.1355223613158696e-05
-5.7742842612729106e-05
-6.096682262801689e-05
-5.2075014668362396e-05
-5.8375975242830336e-05
-6.0164546654362105e-05
-5.705102377040472e-05
-6.547488295438608e-05
-5.667830279282304e-05
-5.9198471858090684e-05
-5.761565656675627e-05
-6.172012373573121e-05
-5.803745864429999e-05
-6.146315269750513e-05
-7.067284489836734e-05
-6.0270442743204367e-05
-6.329275725447392e-05
-6.607077642861725e-05
-6.821971068221577e-05
-5.220985006371137e-05
-7.351996668325533e-05
-5.483083346602413e-05
-7.046340595195932e-05
-6.600916220039776e-05
-6.45157609403535e-05
-5.3753192490457735e-05
-5.1617222429412024e-05
-5.071108163917648e-05
-6.159734500921221e-05
-6.0547426569190765e-05
-6.978762755932566e-05
-6.126475658280173e-05
-6.272899556347689e-05
-6.435551015931962e-05
-5.527391638587842e-05
-5.6394334042086935e-05
-5.955416852704287e-05
-5.840675823437502e-05
-5.657106847783977e-05
-5.783529546288246e-05
-5.678584313201229e-05
-6.352552539662382e-05
-5.9078588693251e-05
-5.42168409452537e-05
-6.700315618468622e-05
-6.139358550427687e-05
-5.5115358398860614e-05
-6.723186673279757e-05
-5.356504458814415e-05
-4.902798525607821e-05
-5.953397605912292e-05
-6.937148049163122e-05
-7.249546956283881e-05
-5.548861571585961e-05
-7.239374342649096e-05
-8.512337333677067e-05
-7.33033030497765e-05
-6.736392175415995e-05
-5.93935304742943e-05
-5.602630635676009e-05
-6.182408207860979e-05
-6.775192695496202e-05
-5.604117790286578e-05
-6.493400051799103e-05
