-809.1070251116718
-1.0025920000000001
-0.5975070752416838
-0.4580169318536941
-0.22989529058724453
-0.16177512450352122
-0.10543529618066283
-0.08913831899972846
-0.05430236894206064
-0.028086663080517937
-0.008938263366732646
-0.006627107539130761
-0.004468861014581327
-0.00328591291085778
-0.0016881013713558324
-0.0012061144313128547
-0.0006073753272083926
-0.00038916010428741155
-0.00020149741346853212
-0.00019791433691362936
-0.0001639649485348782
-0.0001485692212973011
-8.473786210827505e-05
-7.774952021177839e-05
-2.4030615728976024e-05
-3.5989820751758383e-05
-1.9685352226406216e-05
-1.3976562684703264e-05
-4.697702924438829e-06
