-5.363365278231802
-1.9561080795379695
-1.6740039766291273
-1.2417223443972982
-1.225367121064448
-0.3944309406619239
-0.4450238646245677
-0.3873098522512602
-0.3353394321545388
-0.2869874141083939
-0.31520046727928835
-0.22055275910761013
-0.17311915217485127
-0.14405871719305957
-0.1161295532355262
-0.08460213356357034
-0.07008102342271333
-0.055935619352347345
-0.04633100541433202
-0.044863005661594096
-0.03359003746603189
-0.02663945973792968
-0.024606714320905297
-0.015097194098619995
-0.017461274693943672
-0.009393746938969907
-0.006958875500972468
-0.007292355089700525
-0.006393038540939894
-0.005020167658769368
-0.0025761335690239985
-0.0022224225696400902
-0.0019238993509230508
-0.001945465367455889
-0.0020773581241757544
-0.0017243244789307277
-0.001581551298660569
-0.0011659773553910902
-0.0007490026897989968
-0.0006057577815832271
-0.0005094925358539899
-0.00046553088005389653
-0.00042189045765372163
-0.0004076066083948393
-0.00041526347867618324
-0.0001450554417109732
-0.00012142349047458353
-9.744453674598308e-05
-6.562491445137077e-05
-8.596102230956984e-05
-6.831281388082477e-05
-4.76934823251951e-05
-4.0635545805915024e-05
-3.801755087476377e-05
-3.484935015835022e-05
-3.141869641527448e-05
-3.088162918252202e-05
-2.727107272778445e-05
-2.5395746414386133e-05
-1.8789230006963087e-05
-1.8787334536547913e-05
-1.865749453149653e-05
-1.3382132806299962e-05
-1.2470092104714149e-05
-1.1797197168567086e-05
-9.190669498448933e-06
-7.376680676851599e-06
-4.875602428434933e-06
