-6.1446690305760505
-2.829428722034706
-1.982346026077589
-1.5062556812212045
-0.6882877286780191
-0.4960835333600486
-0.5473297390030548
-0.4325778900740739
-0.3235234464316845
-0.22452360039364694
-0.16290163552252973
-0.11526177417040911
-0.09290564848924415
-0.09000587802434667
-0.08517386958423107
-0.034642355228691635
-0.035077991268475495
-0.028859973237430198
-0.02732146254190726
-0.020474936827442614
-0.01754038198236685
-0.014597405189158585
-0.011658612402695057
-0.019466328917023483
-0.01009262639580566
-0.0077809888645530845
-0.003905633003197767
-0.006221940048595803
-0.00332331248658016
-0.002035591253489455
-0.0015298142174093865
-0.0019477150477842653
-0.001320400182034831
-0.0009134888924802187
-0.000749759318315904
-0.0006840083929889884
-0.0007106688291706464
-0.00044295315841758054
-0.0003903369711789062
-0.00034661147547376814
-0.000248757328306759
-0.0002953516295934877
-0.00023706195260092544
-9.983194951379559e-05
-6.035972220247432e-05
-5.918918061686984e-05
-4.3026518274091874e-05
-4.294043866209796e-05
-4.525048160404499e-05
-1.7345862086293184e-05
-1.626301680401898e-05
-1.550085115908928e-05
-7.811039368199602e-06
-6.1109956271399035e-06
-7.653084390060738e-06
-7.742381085251715e-06
-4.755133324929606e-06
