-3.017236236920497
-1.9419843045832819
-0.5712111468239858
-0.31230160313829525
-0.28401186821201874
-0.15137685276990476
-0.09400824402998453
-0.04090297463698889
-0.03497426181012264
-0.03064852026542786
-0.02767368572304918
-0.013016700956382299
-0.010327237953388746
-0.0038975142227347104
-0.00383910541301552
-0.0032882165546234132
-0.0024552080048150238
-0.0018118362757473805
-0.0007651067593260619
-0.0007656159381034255
-0.0006955269498041261
-0.0004681278426609814
-0.00030565554290618024
-0.00022440066126078184
-0.00019732752009393728
-0.0002995950075468934
-0.00013629006827564627
-0.00011056257636754552
-6.994797495318839e-05
-5.393431760269962e-05
-3.6428906114882587e-05
-4.694093412249689e-05
-1.684608274210575e-05
-1.5612709179657625e-05
-1.4175103862257288e-05
-1.466357095425419e-05
-4.703917528936508e-06
