-593.7411028184996
-0.9045466581152066
-0.672915183463353
-0.2979332758198402
-0.22096426954309595
-0.16958430377278544
-0.11535311395448178
-0.10763133459648394
-0.07071182094054451
-0.06565548173280883
-0.07037176416052893
-0.02437411008893553
-0.016865633007804248
-0.01786605659818985
-0.006256574335901266
-0.00810494761561048
-0.007074980011664456
-0.004592879642672132
-0.0026476516923046867
-0.0024505869288907745
-0.001987004776052459
-0.0017094760267824527
-0.0011061779154106222
-0.0007120737032644264
-0.0003449181784490052
-0.0002800920294761533
-0.00021946091970792558
-9.049370036773308e-05
-6.848699972705763e-05
-0.00010077294000243597
-5.465878740412711e-05
-2.7801268205729368e-05
-4.666195507058157e-05
-2.2342972898159452e-05
-1.9368503682171134e-05
-1.8394966284585035e-05
-1.6963804126912674e-05
-1.439160498445391e-05
-6.995166635492822e-06
-4.359652929109004e-06
