-862.0238197450823
-0.998600198194878
-0.48749070706094355
-0.3965541231293908
-0.3592622167068815
-0.3413706816454012
-0.33955922484711626
-0.3278545015113425
-0.3205199642440285
-0.30760013894608884
-0.23778673865752747
-0.2555955410578755
-0.24247211198958094
-0.2593046572759351
-0.24233993960882877
-0.2254813037646448
-0.17190995542439086
-0.1615193909435073
-0.2613553304910713
-0.21927280146657968
-0.13615523100847232
-0.16088873676783577
-0.16153555573910194
-0.15794464372432593
-0.16159245076999085
-0.13987519611827437
-0.14632662629453647
-0.13382129337895377
-0.17253941165518402
-0.1534846372738219
-0.15458722230520022
-0.11035953927911996
-0.13959740196413173
-0.11622673539936518
-0.15732724106729057
-0.1037864238886469
-0.13745235519699223
-0.12546738023065446
-0.09605414308508503
-0.08330451119745991
-0.09705055454554473
-0.10343561208747848
-0.11189918994571568
-0.095307444120586
-0.06402823448119094
-0.10012413244715984
-0.09035561195801944
-0.07344656183035031
-0.05991961680563784
-0.07566103484325665
-0.07270932175458583
-0.06658238591257543
-0.06160497590175307
-0.0571740379780859
-0.07347555956386315
-0.07885104567292522
-0.07296606326789795
-0.06671369470547917
-0.06336034730479756
-0.055367346534594075
-0.08054557922247257
-0.060792057655483955
-0.048162043625140205
-0.0517846952795839
-0.04250371190088997
-0.06889757726988971
-0.02808610525137073
-0.024810989836380026
-0.03716038239498237
-0.023982089747842328
-0.02400798837469842
-0.022259375761453537
-0.021272022648728017
-0.02211123089121958
-0.02050413162489123
-0.018121257112828137
-0.01752649402672385
-0.020778532494153512
-0.016728399721389897
-0.014403564666003121
-0.013566697338049438
-0.01370237858432477
-0.022209402648859233
-0.013624339822203457
-0.015809861380874424
-0.011696770794065892
-0.011249587804615269
-0.018760207374555637
-0.017773021760590535
-0.011962137995668476
-0.010180288382413083
-0.023277096205365833
-0.019048770734695242
-0.012865546505648695
-0.018278138353709172
-0.011780032844427635
-0.013579312302929858
-0.01695819544134558
-0.009491005131165686
-0.019082540259384995
-0.014646845440131728
-0.028572773846526678
-0.016665415657954707
-0.01298798819732444
-0.01818174865964778
-0.019475355057972876
-0.011201846104791302
-0.013959265453315606
-0.009982362028641223
-0.010190891408179303
-0.012685768685411103
-0.009508784226821998
-0.011929191901982217
-0.016769941395740784
-0.01196138498857835
-0.009110035701268782
-0.008921772981965448
-0.00993988615340774
-0.009781443068901052
-0.010050629616294993
-0.009749096702565518
-0.010441518692718976
-0.009946249390933248
-0.00955675215242352
-0.009285225859610002
-0.009136141091481365
-0.008038380916774446
-0.008578570078432046
-0.010447235514496056
-0.008775511030258976
-0.009920388644218514
-0.008630239765687553
-0.009933866328557028
-0.010417781954937755
-0.008327924289785571
-0.008562041705941548
-0.008059521971900407
-0.00885314281263977
-0.0081263774683204
-0.008142071567170672
-0.007665946218553377
-0.00861721975196078
-0.0064133542454430925
-0.008464682675292934
-0.009059374043402124
-0.009282888718364357
-0.010749618792243065
-0.008240897763496291
-0.008020073455496879
-0.007576014322542068
-0.007488284667791889
-0.007550938607337243
-0.006724650099681095
-0.006917810784044742
-0.006638864066017269
-0.0069412348262541945
-0.0064503102908280985
-0.00696975002730249
-0.008089695821907494
-0.007057267015872615
-0.006807505274716963
-0.008463357461572063
-0.006772503028528332
-0.006350710340066623
-0.006208678235855358
-0.00572354354667115
-0.005561855951409123
-0.005289720712443324
-0.006190961632621672
-0.006128533072761733
-0.00582523758206871
-0.004609477247522642
-0.004937008101491336
-0.005263810569130722
-0.006380400837685429
-0.00465727855489001
-0.004753397168253515
-0.007001328008879537
-0.006567672501056776
-0.005476014366207704
-0.0047177212974842675
-0.005020321005083872
-0.006670022486522209
-0.0038440591687133874
-0.005175573387747545
-0.004586236358176066
-0.003371414147850804
-0.0045438821315141875
-0.006146431601622704
-0.0042805694274093975
-0.004911914612170498
-0.004656311132919866
-0.0038807554960227364
-0.0037174122395062237
-0.003425698207028094
-0.003802704356107467
-0.0038064557461319204
-0.0034374181029154793
-0.005306120044547835
-0.004094779685875682
-0.003459208988639495
-0.0036158027627735123
-0.004506225283875898
-0.004376612008845426
-0.003828659317737182
-0.0041611401792012725
-0.0038153462790470605
-0.003905354999040045
-0.002877106968094789
-0.0039021526001770668
-0.0033803358438285747
-0.0032843292645990396
-0.00295377560777782
-0.003105854660169216
-0.0031547434542156805
-0.003765797650834235
-0.003769872589975909
-0.003517561086723797
-0.0028888876832972588
-0.0033166757593764418
-0.0030047845719096133
-0.0031486271368601493
-0.0029204483085130684
-0.002059147413340956
-0.002799616471696964
-0.002856381808255981
-0.0022049739001459012
-0.002921787910952378
-0.003591830058484735
-0.0029490681469122038
-0.0028354908115976185
-0.003185308521736485
-0.002475576436001936
-0.0028150156170466123
-0.002837510930525644
-0.0025700462001525537
-0.0027572314291242628
-0.0022703868369921554
-0.001724408102467212
-0.0022881563959417095
-0.003148197366315275
-0.002178554927583287
-0.002648991874854345
-0.002405691875761118
-0.002094131584136627
-0.0023764083783046064
-0.002301198006810168
-0.002139451240341317
-0.0020281670948967823
-0.0022098293254846357
-0.00215856563296557
-0.002793474730525325
-0.0021630000479904155
-0.002294645377806437
-0.002611067260161193
-0.002131467644371332
-0.002132518594790467
-0.0020246045828118397
-0.002245144396319454
-0.002101882338418015
-0.0017982234710380296
-0.002085828953515667
-0.001919244569730194
-0.002298166048722128
-0.0024122141201295966
-0.0017313104496547438
-0.0021993029603969427
-0.002152469230008447
-0.001955114022193283
-0.002031622180631576
-0.002155297353161112
-0.0024788831537688183
-0.0020232120699362754
-0.0018397025103160103
-0.0017586219941996828
-0.0018762936847473988
-0.0019860011681797074
-0.001771802782964016
-0.0019828186894134125
-0.0018664149806332242
-0.0017275065148175117
-0.0017880259445823832
-0.0020521295527875516
-0.0017881652381016022
-0.0018362023582881304
-0.0017717063162825952
-0.0018218548448435956
-0.001867415610351919
-0.001720000443770353
-0.0014337325196949746
-0.0016688016010295015
-0.0014053059011105984
-0.0020101869955951313
-0.001728382526870298
-0.0018225650084062184
-0.0016138331291340458
-0.0018771612570084861
-0.0020768685328557135
-0.0013816630048396061
-0.0016602071751249392
-0.0016069815742445481
-0.001635908966961086
-0.0012296485076403463
-0.0013832709698706758
-0.001445918076253938
-0.0015726262549444758
-0.0017159174997001259
-0.0014303517688417644
-0.0015312496806406672
-0.0013570471158661501
-0.0020143116716332954
-0.0014698899675727461
-0.0019573303732754455
-0.0015564862603045793
-0.0016113936322440514
-0.001578509017837404
-0.0018884869098851897
-0.0018117559826470453
-0.0014001769679223286
-0.001264751365440242
-0.001500023657908689
-0.0011283305039734848
-0.0013281083519930403
-0.0012318957034931355
-0.001483398073201414
-0.0016185546863783373
-0.0014708537240050723
-0.0012483708827917273
-0.0014435868759082315
-0.001469291450871879
-0.0013143172125811842
-0.001370456107635809
-0.001496421515489288
-0.0013000600239658766
-0.0014608761370898393
-0.00121974420299098
-0.0013055039670122337
-0.0014014831020601748
-0.001103230877797623
-0.0010144313464436339
-0.0014186579799810306
-0.0014864556016938035
-0.0009153145289103048
-0.0011983011831070978
-0.0009652511950660192
-0.001124296287174198
-0.0012792178505293128
-0.0010112752372289924
-0.001144427469747189
-0.0009339837418734787
-0.0012918169357654108
-0.00130081102286711
-0.0012289676696044527
-0.0010915603281035913
-0.0010814867616533719
-0.001388434824503959
-0.0010466296363403904
-0.0009714842904424148
-0.0009281138701853764
-0.001221538859494442
-0.0009116724228117046
-0.0012241263043373252
-0.00103266087052023
-0.0011429567548345565
-0.0009410098539736067
-0.0013569317598614572
-0.00116183223242744
-0.0009894230134824822
-0.0009116922889443324
-0.001100071492423027
-0.0009543228955778971
-0.0010522897857760394
-0.0009421381270474094
-0.0011430049898293326
-0.0008396586076275803
-0.0009327898028287929
-0.0010263582524911996
-0.001270906182053888
-0.000947130932799578
-0.0011103756281551913
-0.0008898079057469421
-0.0008196728161343758
-0.0008008405484520309
-0.0009396180197043802
-0.0010524758921621746
-0.000890902474641353
-0.0008096988098384994
-0.0008151440519427178
-0.0010794154610818119
-0.0008508650050527145
-0.0009498886535971862
-0.0008953448345545012
-0.000753761385401619
-0.0007738181585960069
-0.0009889451035803853
-0.0008563740213154425
-0.0008150724305469592
-0.00105939383071324
-0.000803391625077865
-0.0008977408858419356
-0.0008952117932684578
-0.0011483584803544389
-0.0008138900193915277
-0.0009888016546592548
-0.000797545649545095
-0.0007822508354899393
-0.0008434481513287517
-0.000869332110855936
-0.0007848236509729878
-0.0006910821704810832
-0.00091555881031119
-0.0007940506334782049
-0.0008407102215794438
-0.0009640233668986586
-0.0008787181437424629
-0.0008324309825821774
-0.0008300723874010152
-0.000598538123027681
-0.0007432318245843561
-0.0008737667920334924
-0.0009667726428728152
-0.0008775213722450048
-0.0007013602403041497
-0.0007665149917427949
-0.0008248784523915975
-0.0007012361629989972
-0.0009039983201533652
-0.0010050766871201877
-0.0008062489323523714
-0.0009070135776478305
-0.0008757377529798327
-0.0007610988355782888
-0.0008515142173850521
-0.0008799927153774756
-0.0008695526042100665
-0.0007547086362064137
-0.0008091691899781428
-0.0007621239068090202
-0.000822663907418919
-0.0008319083584676368
-0.0006591968627948086
-0.0006994344514770767
-0.00059254051221036
-0.0006280902471591521
-0.000840768829176608
-0.0007920184770624505
-0.0008469913647982663
-0.0006915720276522985
-0.0006965624957850913
-0.0007080202902477462
-0.0008407649060328537
-0.0007426758358115015
-0.0007069862322050535
-0.000848802306495422
-0.000758151968362375
-0.0006800313040642436
-0.0007616453154190017
-0.0007172213180700049
-0.0006778462235180194
-0.0006545363058506615
-0.0007136774669593282
-0.0006514826518785877
-0.0006344524267828944
-0.0007279120681986107
-0.0005810210469430754
-0.0007879524785358027
-0.0007657807705179764
-0.000698793455809088
-0.0006937554948209246
-0.0007256383019709767
-0.0006619398582512481
-0.0005846148821188613
-0.0005844358655782145
-0.0006748857778265394
-0.0006009602373656109
-0.0006236876804973646
-0.0005830865041743793
-0.0005783238065026897
-0.0005941943541757366
-0.0005418344484314219
-0.0005942089180900334
-0.0007371403543243171
-0.0006394358862926719
-0.0005845718960696966
-0.0005671222299902801
-0.000583677971036145
-0.0005831880486386609
-0.0005664211878327885
-0.0005527412097545703
-0.0005072260304245235
-0.0005822858055974378
-0.0006533329421532508
-0.0006698555429296982
-0.0006192908839867672
-0.000491884003539389
-0.0005983587271561341
-0.0004748009944725573
-0.0005432109412550901
-0.0005612431456726297
-0.0005614046566284059
-0.0007313736016383854
-0.0005762742195773995
-0.000500637860063935
-0.0006594639361628407
-0.0005729341384334008
-0.000557938457025231
-0.0005657347528187917
-0.0005003245146923407
-0.00046164022107114677
-0.0006044755169135607
-0.0005674602878729118
-0.0004844851697479169
-0.0004982944306397563
-0.0006510275959248912
-0.0004842830869847825
-0.0006271173740343139
-0.0004810111658581362
-0.0004930948549338177
-0.0004591791236012721
-0.0005921327765214812
-0.0005098334228328394
-0.0004789567167411968
-0.0004826716313266477
-0.0004666840139490036
-0.0004622561336504738
-0.0005382476811644499
-0.00046248503755019765
-0.0005018656362734686
-0.0006353238195931921
-0.0005611057461477609
-0.0005010788175143777
-0.0004952842857267048
-0.0005260603207163927
-0.0004304055250884953
-0.0004717215746002368
-0.0005286290971885932
-0.0005293120840111354
-0.0004609217722070791
-0.0005018143755216031
-0.0004679330566791928
-0.0004956931657429386
-0.0004703701142176331
-0.0003898472080720583
-0.00041973289833041605
-0.0005316021362561374
-0.0004124524225804782
-0.0004832520371076954
-0.0004217687579175511
-0.0004655866238839623
-0.0004069382825023782
-0.0004446785264692332
-0.0004433589900755819
-0.0004857878845784258
-0.00040626726039788563
-0.00039358220477336836
-0.000496969760927557
-0.00043403292567206764
-0.00044938575198150144
-0.00042685112774559775
-0.0004488320646008903
-0.00035434349581098257
-0.0005106266726315201
-0.0005338200768857937
-0.00043328023328048637
-0.0004397740518203297
-0.00043372448600115243
-0.0004529918249700504
-0.0003387236202422317
-0.0005234027665923513
-0.00043705925808618096
-0.00033216493432214333
-0.00039863290311237254
-0.00045048813514403374
-0.0003734347571730523
-0.00034140160756163107
-0.0004322648108591176
-0.0003830454710934128
-0.0003938129942935853
-0.0004034544233137982
-0.00040946448542056313
-0.0004252079624638694
-0.0003658016405447828
-0.00039401122445659187
-0.000480565347989681
-0.00032858051196243965
-0.0004336876209105611
-0.00035169215515185037
-0.00039633232351610204
-0.0004055611180195928
-0.0004024039724238593
-0.0003699627568513053
-0.0003668502726523748
-0.0003644295100436179
-0.00038475235729618085
-0.0004424051298042575
-0.0004034185193138584
-0.0004507711552112492
-0.00040563233013357625
-0.0004178190875483989
-0.0004048367200538694
-0.0003709379774812227
-0.0004473059744982688
-0.0003540411839558777
-0.00033688270652876273
-0.0003292983547942274
-0.0003595928802083148
-0.00037556170530306243
-0.0003629220898536678
-0.00036219962265604533
-0.0003509295858974415
-0.0003838286097325727
-0.00040476425303098695
-0.0003358505053421279
-0.00032324535256489373
-0.0003126325214027892
-0.0004119507188802829
-0.0004217301782322713
-0.0003560301464939908
-0.0004143479226866309
-0.0003654956402503462
-0.00032844069880494375
-0.00028760497209495695
-0.00034090813336140613
-0.0003558648754092286
-0.0003066151686940133
-0.0003475525456922979
-0.0003606066969655264
-0.00038584581647171934
-0.00030473143440840067
-0.0002708867889836264
-0.00034076155750739634
-0.00035203864223587455
-0.00033907576000496986
-0.00035465340228046927
-0.0004114842841901334
-0.00044615515871165856
-0.00035651110059681246
-0.00035077982459941204
-0.00036831277924620487
-0.0003153072075011143
-0.0002904181325235622
-0.000270626226636983
-0.000322150549614153
-0.0003013703654600741
-0.00039714787710321
-0.00030197279153859613
-0.0003412225110912548
-0.0003346982726916137
-0.00033440287987268613
-0.0003176435303566816
-0.0003992983508058767
-0.0003415689804627253
-0.000290825852920118
-0.0002749628602913834
-0.0002745912561115671
-0.000297716350744881
-0.0003012395821326841
-0.00030332104647290414
-0.00027050150790325356
-0.0002859147713788479
-0.0002808892915586725
-0.00029461744473135987
-0.00032041363562046454
-0.0003201692689576152
-0.0002273559706217898
-0.000320744549012264
-0.00030235338543044277
-0.00026922167285359233
-0.0003078520055068701
-0.00031679879094326235
-0.00030328103588883604
-0.0002648509082220918
-0.0002898807206866971
-0.00028025846608653593
-0.00030999420986332904
-0.0002920521493278705
-0.00029127628865199817
-0.00027476336488141406
-0.0003154095441655347
-0.00032293237854652546
-0.00026983097359506436
-0.00035084534097612474
-0.0002610187022165644
-0.00028683290713288345
-0.0002924666915844476
-0.00033017895353681936
-0.00028564590498431075
-0.0003131399443749294
-0.00024993699093583954
-0.00026487722647516865
-0.000258501567654279
-0.0002687238498683131
-0.00028385781947504185
-0.0002702317210060978
-0.00026833345975524336
-0.0003314050085445608
-0.00027982855229274906
-0.00024431310853767485
-0.00025176557740980154
-0.00032821311594949387
-0.0002893285231923559
-0.0003152558161993446
-0.00028902491556692667
-0.00027381689517530505
-0.00024129952882473438
-0.0002686869860666907
-0.00027237223534753996
-0.0002823415575398669
-0.00028802529332172533
-0.0002494407641066565
-0.000290845334879386
-0.00026329731027452397
-0.00031949491858823675
-0.0002554860984113616
-0.0002836051959352881
-0.00029046744635102817
-0.00027321108715006037
-0.0002327021775253013
-0.00023659992590652212
-0.00023944778108853093
-0.00020554947351586472
-0.0002521182029747715
-0.00021331907003224737
-0.00024105469707319527
-0.00025772759326786465
-0.0002514285935165672
-0.00023743234832390714
-0.0002125812875096167
-0.0002050837702285424
-0.00026437625869696335
-0.00023045580940411758
-0.0002539210994147445
-0.00029613378475645824
-0.00025492067501542426
-0.0002872077643647497
-0.00026374620084956835
-0.00027720691521382346
-0.0002138309384552839
-0.0002378376478929245
-0.00018844955578950495
-0.00022437309296213792
-0.0002111724998876685
-0.0002051857458071904
-0.00026087460766449633
-0.000246172075280382
-0.0002163453619755673
-0.00023270620378379459
-0.0002274826831837884
-0.00023050162839333144
-0.0001909438327157842
-0.0002506941405627794
-0.00023917366020115294
-0.00022988707568327715
-0.00023802588824189952
-0.00020862543329536187
-0.00019571317934474752
-0.0002023236349428803
-0.00022552820249105432
-0.00026977590307275534
-0.0002642005634618805
-0.00026310135929247247
-0.00023107162767793676
-0.00022531035369566244
-0.00019917690199450222
-0.00023900062663279042
-0.0002337821284082997
-0.000225976536098349
-0.00018786076246962713
-0.00018971947532336886
-0.00018363534064935738
-0.00018993823042878777
-0.0002141468875888619
-0.00023124547481245816
-0.00023013129512589048
-0.00021430623888912814
-0.0001852916527169679
-0.00019708092494635787
-0.00020203987728634187
-0.00019481036747220903
-0.000225955951209722
-0.00022591264707921832
-0.00020545272682143123
-0.0002051923807754874
-0.00020938991911562121
-0.0001921949734202677
-0.00016320698304866932
-0.000184548428682485
-0.0002164633342106037
-0.0002564604352046085
-0.00018395124364828375
-0.0002753887159813728
-0.00019175842447893832
-0.00021105970223272985
-0.00022050801253681307
-0.00017758192389688565
-0.00021446520389040158
-0.00020284077211873974
-0.0002179083923339875
-0.00016932381690981657
-0.00022959059269767046
-0.00019133492919021222
-0.0002048590556076868
-0.0001954575530321856
-0.00020465871899005839
-0.00016082358294827737
-0.00018904728745861021
-0.00017957881106217544
-0.00021534967698660923
-0.00017480912603701215
-0.00019418187684172583
-0.00021152121649575806
-0.00019732080487822046
-0.0001937234725916115
-0.00015657722268785923
-0.00020084035382383902
-0.00015912539689305616
-0.00020812122112545683
-0.00021369477134214332
-0.00018050619696680092
-0.0001678064540441282
-0.000202054668302587
-0.0001775281646066995
-0.00017337146770635137
-0.00016572435762030047
-0.00018546668564767277
-0.0001873738944478398
-0.0002036609993282812
-0.00018058377195390163
-0.00017679732088893285
-0.00017333534621016833
-0.00017627739719605628
-0.000168418649358959
-0.00018625195097776714
-0.00018550959393975885
-0.00019571586119820905
-0.0001741810884163253
-0.00018088206341737578
-0.000192010842244128
-0.0001924858569815613
-0.00017424771912544212
-0.00016632170703262394
-0.00018490983827162966
-0.0001886356102567266
-0.0001296615932613321
-0.00017109156772265877
-0.00016724117498623237
-0.00017315922694721708
-0.00016538765473733674
-0.00017781280634515673
-0.0001616465091902053
-0.00019377154181832168
-0.0001896514316519493
-0.0001815352528050651
-0.00017165966764848273
-0.00016054896071021618
-0.00016061302042080783
-0.0002156399930738906
-0.0001638333297450112
-0.00020144980317804428
-0.00016216393506640614
-0.00019047278861361594
-0.0001778550119151956
-0.0001599611470363138
-0.000189380566346653
-0.00014963176256010957
-0.00015713573545517168
-0.00016391719869607302
-0.00017597749997821932
-0.00014033299448001912
-0.00016004605740249644
-0.0001585041725536418
-0.00015785417587327322
-0.00016324400487621737
-0.0001500918069955448
-0.00017836938078330533
-0.00017111537671166133
-0.00014812144633391533
-0.0001585689364838605
-0.00014175880092270887
-0.00015849432428793886
-0.00016342420612713848
-0.00015219288085310811
-0.0001364187605924494
-0.00016352083542819917
-0.00014440035278612262
-0.00016627535372054636
-0.00014632981046719395
-0.00014735175611124696
-0.00014052769774652862
-0.00014831286820782275
-0.0001491805899914156
-0.00014827603390704658
-0.0001738597236484729
-0.00013445854764471132
-0.00014208233587170715
-0.00015519976496630727
-0.00013635753299262587
-0.00014393394768408285
-0.0001411349763731362
-0.00014228314287323407
-0.00015116070347515054
-0.0001533217217127847
-0.00015131820368946558
-0.0001352888265300778
-0.00014418237038787973
-0.0001424383029469123
-0.00014790258225799713
-0.0001489561877136003
-0.0001419506015366001
-0.00013325776772304954
-0.0001345887198117568
-0.00015824655147278488
-0.00013546766828065326
-0.00013476597279393765
-0.0001258334944067574
-0.0001493400516484611
-0.00013532516514552784
-0.00014433877141140083
-0.00015263308916763085
-0.00013077149747398042
-0.00014479654339388803
-0.0001259236237806105
-0.00015583552466036377
-0.00015616836686604962
-0.00014555252854864253
-0.00017625345416022453
-0.00012409136128288534
-0.00011311974773736688
-0.00012026070660459132
-0.00015593181714090854
-0.0001485944464804101
-0.00013927212733766403
-0.00013497208842266906
-0.00012567559971088382
-0.00012820765569027115
-0.00010969853106418403
-0.0001268673665965614
-0.00013111538133886436
-0.0001254091724854911
-0.00013471359144406891
-0.00011929338565358494
-0.00011229318079203354
-0.0001463734692970231
-0.00011731904311690355
-0.00014753689846991325
-0.00011627985141743347
-0.0001473649441963154
-0.00013284639506222495
-0.00012032533956407576
-0.0001297025716981981
-0.00013541601707217632
-0.0001177470308260653
-0.00011555370974020152
-0.00013382019030311332
-0.00011435856414837575
-0.0001506844349909442
-0.0001279401279629666
-0.0001499560597401639
-0.0001303598610894463
-0.00012855611379969378
-0.00013133541864168707
-0.0001120750606265486
-0.00010489516541056787
-0.00013000541943097854
-0.0001355346611737196
-0.00014607675615047055
-0.00013000011863339989
-0.00012019361520371197
-0.00012640049970680245
-0.00012064449055371185
-0.00011111783289441401
-0.00013057891819712175
-0.00012015359049621921
-0.0001220957334436279
-0.0001156803768309067
-0.00014842784440211032
-0.0001274339564270588
-0.0001223572744170065
-0.00013340317009147284
-0.00011312738371022091
-0.000123710564087387
-0.00015287368863831086
-0.00013454148829034063
-0.00012352450196301268
-0.00010505293286400263
-0.00011136819287849153
-0.00010185815701896361
-0.00013949818189767926
-0.00013475097495929678
-0.00011341385386026692
-0.00012295653783939153
-0.000129732653047554
-0.00011944685815257206
-0.0001315609978606025
-0.00010776249924576708
-0.00012025504951912458
-0.00011040596595424113
-9.485664119013304e-05
-8.839605914651161e-05
-0.00013226070721344962
-0.00012837805466980878
-0.00012090233056716304
-0.00011756766576237476
-0.00011847211540499947
-0.0001053718237943313
-0.00010515532324961718
-0.00014326407252845952
-0.00010923846809840487
-0.00011892206125785343
-9.273602779436008e-05
-0.00011932493538208133
-0.00012113020123344365
-0.00011242133845934532
-0.00012085339501355374
-0.000123053179026833
-0.00013297124595812448
-0.0001007079030100888
-0.00010882857964805703
-0.00010888013103588223
-0.00010548857277392631
-0.00011279778478895386
-0.00010209432383040395
-0.00013128588996169643
-0.00010948940079286151
-0.00012175098372801951
-0.00013613563465325607
-0.00014214976431292659
-0.00012016712944845631
-0.00011857188762026682
-0.00011440327986628196
-9.928767633271551e-05
-0.00011926848453086558
-0.00011045004321297291
-0.00011023510942292924
-0.00010266137070408243
-0.0001077141786470226
-0.00010108837499583911
-0.00010904046327625538
-0.00011215242658585423
-0.00010085382516250574
-0.00010452346133144053
-9.364738357275915e-05
-0.00011297361196588307
-0.00011575971748950531
-0.00010448474759289228
-0.00010665333969461788
-0.00011038754647113569
-0.00011053275376937677
-0.00011698651328062581
-0.00011698277575450389
-0.00012019393769335807
-0.0001015994032703138
-0.00010805770656141522
-0.00012657125778342548
-0.00010783266139963166
-0.00011280140010228035
-0.00011669233153699388
-9.352087900404982e-05
-0.0001123282989556329
-0.00010428232247572389
-0.00010246222545767791
-9.231999490333376e-05
-0.00010351912544959152
-9.549105853856599e-05
-8.865303014271575e-05
-8.134203492510261e-05
-0.00011170236171820225
-0.00010335426948748783
-9.667696973547635e-05
-0.00010170212683985325
-0.00010932254657836094
-9.971491274746169e-05
-9.884678165700267e-05
-0.00010436658458340409
-0.0001209417099458654
-0.00010293797902305446
-9.46141922043564e-05
-8.71939320272741e-05
-9.562405558233289e-05
-9.174196856404082e-05
-9.491432252889398e-05
-0.00010802672495252574
-9.746311224800852e-05
-0.00010512875729584703
-9.91513602259797e-05
-9.85806888170182e-05
-9.917286743638121e-05
-8.132468815946758e-05
-7.992290439629013e-05
-8.243026338577986e-05
-9.816029951753569e-05
-9.557752629879568e-05
-0.00010428641858067911
-8.802910928762397e-05
-8.20934183002886e-05
-9.951777937122763e-05
-0.00010558316156811243
-8.820564900635652e-05
-9.092610697336578e-05
-7.952749233480771e-05
-9.820164037899204e-05
-9.452270913890004e-05
-9.909431149046632e-05
-0.00010691803196333227
-8.655652922534562e-05
-8.905222472682661e-05
-0.00010852462955801556
-8.727966179644664e-05
-7.89001518489707e-05
-8.527879678987826e-05
-8.447905221697916e-05
-8.002322991862432e-05
-8.651254201141878e-05
-8.870962316587239e-05
-7.9535080631854e-05
-8.9681286181309e-05
-9.863386248926131e-05
-8.2267601742958e-05
-8.249812983956994e-05
-8.063603143071418e-05
-9.08107310950701e-05
-7.980349940900355e-05
-9.817596125477612e-05
-7.593106144287987e-05
-7.747894407339473e-05
-9.79604501774034e-05
-0.00010041937437954562
-0.00010183019794990367
-8.150200940998387e-05
-8.015158301216685e-05
-9.166290716905445e-05
-8.537537333708212e-05
-8.337258367291378e-05
-7.471797010516479e-05
-9.740839388716616e-05
-8.22241771779586e-05
-8.803599255918781e-05
-8.007346249494507e-05
-8.056412686358039e-05
-8.57218961081152e-05
-8.377069817544491e-05
-7.393267600186437e-05
-8.541069064277318e-05
-9.041431804729383e-05
-8.553401350780421e-05
-8.424253460015407e-05
-8.239672294235723e-05
-8.240714879093058e-05
-7.980166877202821e-05
-7.488041962661063e-05
-7.938975464949483e-05
-6.961933388222041e-05
-8.398805480452909e-05
-7.374909464968882e-05
-7.298248780251981e-05
-6.866412713374404e-05
-7.68540054759681e-05
-7.699872215166659e-05
-7.171592771992863e-05
-8.185241863256643e-05
-7.044618312063156e-05
-7.833184957528605e-05
-8.451776830070701e-05
-7.339912072801269e-05
-8.589291506899688e-05
-8.253998345697511e-05
-9.201099818911818e-05
-8.675883465092404e-05
-7.396810972615242e-05
-8.08947882164901e-05
-7.50671741432396e-05
-9.064226654209584e-05
-8.360652935035517e-05
-7.15803134475057e-05
-6.347906489112543e-05
-7.345290728544285e-05
-7.23287907146708e-05
-7.285440045246006e-05
-6.857540329979761e-05
-7.768072220359912e-05
-7.698824419172245e-05
-8.026330106464252e-05
-8.42275085410904e-05
-8.164314227293579e-05
-7.101871859849229e-05
-7.638595687758931e-05
-7.356084751725112e-05
-6.771096946794897e-05
-6.741054802150703e-05
-6.785658862273891e-05
-7.030451372669333e-05
-7.187148038900748e-05
-7.596502153828233e-05
-6.875522452481908e-05
-7.681371293349892e-05
-8.530782813087612e-05
-8.040023854311018e-05
-7.369890572950233e-05
-6.975272562265156e-05
-7.580694193753956e-05
-8.253851774298049e-05
-6.302074374664457e-05
-7.357743506331005e-05
-7.672225406524236e-05
-6.502930042268096e-05
-6.857136102011996e-05
-6.145320982076097e-05
-6.625361515300021e-05
-7.651525719887253e-05
-6.693140183133828e-05
-5.739340074989441e-05
-7.995250021008982e-05
-6.844925497900833e-05
-7.598355293803039e-05
-6.79211443184724e-05
-7.263575269988998e-05
-6.81765513327326e-05
-5.926405865180895e-05
-6.620233466420045e-05
-7.079893952882665e-05
-6.828510706885504e-05
-7.277724865067947e-05
-6.741239083318806e-05
-6.527632369890402e-05
-7.181064282407723e-05
-5.33254018416085e-05
-6.89681976780987e-05
-5.996312848260965e-05
-5.665345750160977e-05
-7.346330280022517e-05
-6.664217582730281e-05
-7.169172821869241e-05
-8.011502756233302e-05
-8.098105342113637e-05
-6.920888623235255e-05
-7.822678110380732e-05
-7.188061066348839e-05
-6.0351838820249526e-05
-6.810169492826867e-05
-6.696860186211628e-05
-6.64866595811997e-05
-7.729940940204294e-05
-7.25448480733415e-05
-5.7979362031335135e-05
-7.281158256305931e-05
-6.931319246389345e-05
-6.915785859634704e-05
-6.649368123856636e-05
-6.206080395093627e-05
-7.832731806434179e-05
-6.298899647055878e-05
-6.865286534574189e-05
-7.55680045398388e-05
-6.094125441469256e-05
-6.727401102818442e-05
-6.0152618155506765e-05
-7.024380057968349e-05
-6.0743263520401936e-05
-7.433465457240551e-05
-7.111020701250359e-05
-6.341109996110816e-05
-5.8524596099673865e-05
-6.830421082854032e-05
-5.934858792006059e-05
-5.8243216667808184e-05
-6.633520026927409e-05
-6.688822309897091e-05
-6.517935511934914e-05
-5.7206051418956516e-05
-7.11238688444471e-05
-6.888585459596808e-05
-7.323142327214649e-05
-5.641360553543251e-05
-6.269434041045185e-05
-6.186561385446154e-05
-6.41823201300018e-05
-6.50630084634285e-05
-6.26699951956633e-05
-5.831636918779415e-05
-5.401551476458266e-05
-5.6147871991818477e-05
-6.0364116451661065e-05
-5.2561383025506725e-05
-5.861711569576933e-05
-5.58889489361003e-05
-6.331661997976967e-05
-6.0652181888942724e-05
-6.297424807538698e-05
-5.886116744568959e-05
-5.984308122608528e-05
-5.84286642932863e-05
-6.035349718058747e-05
-6.209231413617511e-05
-5.465193726167383e-05
-5.848584453310712e-05
-5.435588900698507e-05
-5.492678042762211e-05
-5.223343248478285e-05
-5.5765821595998855e-05
-5.7342871435661635e-05
-6.11693458870688e-05
-5.960980530300697e-05
-5.271144430679664e-05
-5.722798035112664e-05
-6.169955233942259e-05
-6.130671612780692e-05
-4.9720153018184554e-05
-6.712586940033072e-05
-5.163321670342835e-05
-5.912728116330701e-05
-5.92141628038001e-05
-6.413956190393089e-05
-5.812311286085281e-05
-5.81144392353683e-05
-5.839060928530815e-05
-5.60588748160229e-05
-6.261516143657442e-05
-6.609604970581051e-05
-5.556245122634307e-05
-6.148623587487467e-05
-6.0563099485266836e-05
-5.601879120237241e-05
-5.485219848072598e-05
-5.120130812685808e-05
-5.522329224966205e-05
-6.110389323382703e-05
-4.986734210254973e-05
-5.5658809918701646e-05
-5.4745448200999025e-05
-4.644217928856387e-05
-6.250154204295866e-05
-4.8772561850540797e-05
-5.6864225874531105e-05
-6.470248146644986e-05
-4.9246392279211904e-05
-6.350993241766023e-05
-5.367232106562314e-05
-6.106137356193253e-05
-5.45710706598701e-05
-5.618276027241631e-05
-4.556988761317271e-05
-5.4139576924128185e-05
-5.213676117205024e-05
-5.219056571620362e-05
-5.125722980553471e-05
-5.580890403167338e-05
-5.688417894539333e-05
-5.867675862453181e-05
-4.694193566845417e-05
-5.795706417882629e-05
-5.7561180171139537e-05
-5.953641074646354e-05
-5.339242894131235e-05
-4.994576809569384e-05
-5.436833370936478e-05
-5.254466682236281e-05
-5.3806749445772795e-05
-5.362186306812067e-05
-4.6615914142844606e-05
-4.9649845305976825e-05
-5.311925185014221e-05
-5.047054004325702e-05
-5.527216189454842e-05
-4.7215304375625156e-05
-5.662130032785262e-05
-5.1846509451558553e-05
-5.319550094279313e-05
-4.735172256259412e-05
-4.938254036135348e-05
-4.841380676989804e-05
-4.955520051080908e-05
-5.3471302045304814e-05
-4.5952458637699145e-05
-4.734874757816865e-05
-4.453796836006996e-05
-5.020847038289533e-05
-4.983220420951007e-05
-4.8631333948945255e-05
-4.6400008216485045e-05
-5.428919036770674e-05
-4.5675661744015716e-05
-5.8806715306503055e-05
-5.662820615515152e-05
-4.420111456626685e-05
-5.285056884513084e-05
-5.080210393321183e-05
-4.713257202748622e-05
-5.146580749099128e-05
-4.425914002265108e-05
-4.377586802273292e-05
-5.4978926624704716e-05
-6.0018881933354695e-05
-4.7849580393943825e-05
-4.587547201118092e-05
-5.7093250263651196e-05
-5.0357133209777416e-05
-5.358802797061912e-05
-4.759711650770271e-05
-4.405658819117697e-05
-5.205190912555002e-05
-5.09197219474844e-05
-4.527875751975108e-05
-5.0242837366043513e-05
-4.856181099793799e-05
-4.6267570279201475e-05
-4.63171841993959e-05
-4.6287038001302516e-05
-4.897641879048065e-05
-3.8215458830703763e-05
-4.716891596673323e-05
-4.880244490967911e-05
-5.186588325079011e-05
-5.0265911034075295e-05
-4.2074150943149924e-05
-4.7090277790207136e-05
-4.588972087221643e-05
-5.430111528442749e-05
-5.846945202503395e-05
-4.691159474662365e-05
-4.251406648425604e-05
-4.505929794601515e-05
-4.149419430227175e-05
-5.287609120291359e-05
-4.099637277077406e-05
-4.7132732625354556e-05
-4.8085774638939593e-05
-4.8725328377074995e-05
-4.254186341479116e-05
-4.801042002461342e-05
-4.923989920918581e-05
-4.616512844268783e-05
-4.264331962017254e-05
-4.2099068738754575e-05
-4.624863784113975e-05
-4.775426485570389e-05
-5.002114689450776e-05
-4.2661517644315694e-05
-4.655683118154341e-05
-4.271547945472465e-05
-4.1478436346276126e-05
-4.5796455235891376e-05
-3.9637104421230696e-05
-4.8020827374706254e-05
-4.6918727910516544e-05
-5.141005165365531e-05
-4.116597112330256e-05
-4.277182973660976e-05
-4.852781027808728e-05
-4.6265098386844006e-05
-4.8009773344681594e-05
-4.2663263462972e-05
-4.9501996952638905e-05
-4.860531076950059e-05
-4.050222781276647e-05
-4.605463026718937e-05
-4.867481190645728e-05
-5.1506339345419594e-05
-4.801022077227657e-05
-5.059154256303877e-05
-4.60480847637168e-05
-3.986771710945414e-05
-4.0233612149331854e-05
-4.661977674491613e-05
-4.392588315638157e-05
-3.932614401613854e-05
-5.4037502085546585e-05
-4.425793425616442e-05
-3.929395377999523e-05
-4.733747406820976e-05
-4.0363989453617855e-05
-4.416997077999474e-05
-4.1913766376688866e-05
-4.350817978954202e-05
-3.659011675560819e-05
-4.164187736638292e-05
-4.9311453028277885e-05
-4.391284094540371e-05
-4.711880591118378e-05
-4.4848334387337374e-05
-4.277387842455127e-05
-4.669140511459613e-05
-4.281786222193329e-05
-4.015222860836998e-05
-3.752621675728873e-05
-4.122146280960415e-05
-4.460240543618932e-05
-4.139004837117044e-05
-4.690437589799368e-05
-4.06090438765383e-05
-3.661702273216605e-05
-4.326099542095729e-05
-4.3001687920707354e-05
-4.098611987574108e-05
-3.835614241692875e-05
-3.6339845868149645e-05
-4.131272872126557e-05
-3.727274874937292e-05
-3.845449675421442e-05
-4.0796366261086625e-05
-3.6067813302731455e-05
-3.704825742423257e-05
-4.43271078486851e-05
-4.537003094701175e-05
-3.8130707813888165e-05
-3.980200540920631e-05
-3.8244899559003454e-05
-3.6844077543563e-05
-3.8985773320288075e-05
-4.131928046363642e-05
-4.094247683927854e-05
-4.1663693887306064e-05
-3.693715324065705e-05
-3.911371923687179e-05
-3.715706882917447e-05
-3.6488784559696175e-05
-3.6755619741479784e-05
-3.409700528461679e-05
-4.342606330204335e-05
-3.6243516350564775e-05
-3.789707860063496e-05
-4.0805503261298615e-05
-3.0162928673749256e-05
-3.40082553386134e-05
-3.882024647317017e-05
-4.319715779638189e-05
-4.434784736517816e-05
-4.267553667236523e-05
-4.0716877712287936e-05
-3.431294177252964e-05
-4.00486876224182e-05
-3.9206453644524686e-05
-3.453910154549433e-05
-3.83689241031937e-05
-4.459999690459293e-05
-3.270780617187219e-05
-3.8192389705038465e-05
-3.604761333064754e-05
-4.535621071427576e-05
-4.096522796970259e-05
-4.085017971255933e-05
-3.47887664297053e-05
-4.449104844655993e-05
-4.201677610732313e-05
-3.6108546098923e-05
-3.3965680922565245e-05
-3.891398644262356e-05
-3.58998482885009e-05
-3.4992143146506116e-05
-4.3850858816030236e-05
-4.071580792269769e-05
-3.586042917036458e-05
-4.2110855125232494e-05
-3.292615074451666e-05
-3.9118325346920724e-05
-3.856230251847448e-05
-3.984793369615769e-05
-4.148898650502275e-05
-3.281903390495167e-05
-4.2787927743537235e-05
-3.4455084292228655e-05
-4.282608292649481e-05
-3.1661929697612834e-05
-3.714631892304254e-05
-3.538531302721415e-05
-3.727063329089786e-05
-3.773658583516859e-05
-3.967430342499689e-05
-3.571828949161526e-05
-3.721869917983067e-05
-3.527428831850976e-05
-3.6197088740086425e-05
-3.3060259150674565e-05
-4.014014505260288e-05
-3.88995525321123e-05
-3.3005854072842844e-05
-3.291113862330386e-05
-3.5654038611665495e-05
-3.49018733135642e-05
-3.3557976622966557e-05
-3.368662947100809e-05
-3.465991288648107e-05
-3.191203407687526e-05
-3.075561398685478e-05
-3.7428286976115555e-05
-3.1986827910668314e-05
-3.447021944091855e-05
-3.418905696445096e-05
-3.673715151009116e-05
-3.870688046953008e-05
-4.043633219774634e-05
-3.183555847352526e-05
-2.9565272748055538e-05
-4.013735852609335e-05
-3.718918431372398e-05
-3.7928601037739984e-05
-3.507652719619836e-05
-3.5409848411160905e-05
-3.354990136117397e-05
-3.322261557187067e-05
-3.467534233453362e-05
-3.19737423552513e-05
-4.2759520576196586e-05
-3.0188332766356574e-05
-3.704577585494917e-05
-3.670457380899883e-05
-3.7868603965152126e-05
-3.393964321868337e-05
-3.671172252395216e-05
-3.1174480959961226e-05
-3.343232707009314e-05
-2.8638444736217572e-05
-3.5773332370148125e-05
-3.287916590155593e-05
-3.3636062556074986e-05
-3.558683681820218e-05
-3.34676078325713e-05
-3.6529156928311046e-05
-3.0428387166769877e-05
-3.5456910020659205e-05
-3.179135138470235e-05
-3.71768899071756e-05
-2.9236819306222017e-05
-3.645369694293965e-05
-2.9662433546018274e-05
-3.240409247001752e-05
-3.291806047961421e-05
-3.3781425260115405e-05
-3.4335765018767006e-05
-3.294098619205377e-05
-3.355480821437551e-05
-3.3850213296993115e-05
-3.3719796848574735e-05
-3.2416579143379476e-05
-2.6154388472143797e-05
-3.040265430354072e-05
-3.3381485990580106e-05
-3.0473225443694574e-05
-3.0017914437130422e-05
-3.3039620612018705e-05
-3.6361595163847404e-05
-3.483271277621158e-05
-3.209686022964675e-05
-2.8835007747640695e-05
-3.8089290692766564e-05
-3.5230545004483194e-05
-3.254636818800227e-05
-3.1223095902477294e-05
-2.7946495460673404e-05
-3.654143289549827e-05
-3.2986762664888314e-05
-3.388916068081116e-05
-3.1237889148882925e-05
-3.0978710835793954e-05
-3.3155807491136446e-05
-3.152700080349957e-05
-2.9533606631715337e-05
-2.6365192283217542e-05
-3.249621375084333e-05
-3.2095938184872885e-05
-3.173721568400234e-05
-3.3702151273518055e-05
-2.900239303144092e-05
-3.193906926618473e-05
-2.9276178899972916e-05
-2.479154640316894e-05
-3.0944905269725265e-05
-3.118250579231541e-05
-3.294025941402712e-05
-2.651305993311981e-05
-3.393115389277446e-05
-3.511031148489829e-05
-3.0352891278673244e-05
-3.5747643571615306e-05
-3.3293669953637917e-05
-3.381948695851955e-05
-3.5177129678376495e-05
-2.9024708804892274e-05
-3.329116997230486e-05
-2.984232114516816e-05
-2.6697322917934585e-05
-3.083852175383983e-05
-3.29168781763034e-05
-2.9601158717695863e-05
-3.6591913803230014e-05
-2.9421238973703634e-05
-2.6595538431817278e-05
-3.395865095945361e-05
-3.490951793033714e-05
-3.063621595694732e-05
-3.866102134159055e-05
-3.6930931229861574e-05
-3.042917403683898e-05
-2.5778065013415397e-05
-2.885761974452672e-05
-3.568185541796831e-05
-3.3285400023008727e-05
-3.4942277456595505e-05
-3.8201689329442345e-05
-3.2801142645200176e-05
-2.790984119749318e-05
-2.9667120975906958e-05
-3.096260114859861e-05
-3.1192895332876613e-05
-2.5857499209636092e-05
-3.778876197707559e-05
-3.261981307661754e-05
-3.0324332087605654e-05
-2.8105977553427586e-05
-3.348924455837121e-05
-3.563760919711445e-05
-3.2890320027678666e-05
-3.1044075401276405e-05
-2.9617040441631826e-05
-3.056814584068146e-05
-3.072855075048064e-05
-2.9244983082599152e-05
-3.3411159517937605e-05
-2.445198052025699e-05
-3.0691927975112776e-05
-3.429809417238028e-05
-3.0876688274728004e-05
-3.3664406705102845e-05
-2.8675424252888604e-05
-2.7252007529843247e-05
-2.969389122747801e-05
-3.004386149774163e-05
-3.8250489913016494e-05
-2.9023000190420145e-05
-3.3773035056416933e-05
-2.7425634886835137e-05
-3.510254786825984e-05
-3.118519944234066e-05
-2.937437523481412e-05
-3.0221740133673514e-05
-2.9463551595887427e-05
-3.021646233619668e-05
-2.843472847935402e-05
-2.948731443419561e-05
-2.6151460513823555e-05
-2.48470404299872e-05
-2.798271321036161e-05
-2.993352913471803e-05
-2.5955360831220187e-05
-2.8445931209541975e-05
-2.589463895236177e-05
-2.499529210109319e-05
-2.8064528089122298e-05
-2.5413889348346874e-05
-2.7802712586677547e-05
-2.661740660425682e-05
-2.7530939730902038e-05
-2.851274124504588e-05
-2.9657894896784054e-05
-2.4446797950883337e-05
-2.8687987417341798e-05
-2.498568558578773e-05
-2.5791067593816663e-05
-2.5907804101776843e-05
-2.9317576599519057e-05
-2.9313288494703382e-05
-2.395932174048543e-05
-2.7215877979380743e-05
-2.9583524576826115e-05
-2.7592890532057712e-05
-2.7761064601006247e-05
-2.584152687018504e-05
-2.614547646700993e-05
-2.6244981112255594e-05
-2.4294256848189644e-05
-2.4747657636436937e-05
-2.572013355456315e-05
-2.5790515743029374e-05
-2.715831964505977e-05
-2.7854459567322465e-05
-2.6383310478772515e-05
-2.6341993947853748e-05
-2.550859427891128e-05
-2.165242882462559e-05
-2.3398273898189714e-05
-2.48297148579546e-05
-2.4995357257084905e-05
-2.8804209617705467e-05
-2.6256494837451072e-05
-2.473787027851282e-05
-2.7333207809066007e-05
-2.552123575616516e-05
-2.7335575807807544e-05
-2.3863912067101367e-05
-2.473435093863774e-05
-2.6492993043691904e-05
-2.5611175710260614e-05
-2.4326042220579325e-05
-2.9161175840564102e-05
-2.6593158307164355e-05
-2.39551285111661e-05
-2.8665187798204705e-05
-2.7425389269641887e-05
-2.18540116758148e-05
-2.5507097572818882e-05
-2.5331449325483035e-05
-2.3567782364841694e-05
-2.620950804971267e-05
-2.111278327254773e-05
-2.6470563875113928e-05
-2.573551600881796e-05
-2.663226995164303e-05
-2.708151539010384e-05
-2.4721316676135086e-05
-2.356819635651597e-05
-2.7107321658559336e-05
-2.6076008232789327e-05
-2.716335102775913e-05
-2.347806471253433e-05
-2.286085764263701e-05
-2.393458241684021e-05
-2.3009949006114194e-05
-2.753739235050734e-05
-2.6170047035201094e-05
-2.7740989395452775e-05
-2.4531843300923395e-05
-2.8741456341518923e-05
-2.406441452207364e-05
-2.5353583925191714e-05
-2.3895704872378687e-05
-2.1980881412531073e-05
-2.5699302722892448e-05
-2.6688785082440436e-05
-2.1201903275869238e-05
-2.3101250767765258e-05
-1.9990031251249096e-05
-2.3483437010529684e-05
-2.0830614321287744e-05
-2.4588661796998146e-05
-2.765893204453862e-05
-2.2798751646901927e-05
-2.7705705369196476e-05
-2.6027118343874278e-05
-2.2879289643285006e-05
-2.5683803294040963e-05
-2.5320969804898397e-05
-2.4845896765712805e-05
-2.7638051600220592e-05
-2.3775902324496556e-05
-2.1249089348862604e-05
-2.3172392685788523e-05
-2.401762820941622e-05
-2.337425645754232e-05
-2.4145171111544794e-05
-2.4417142729715735e-05
-2.4731459568716474e-05
-2.217757631073347e-05
-2.453537372604231e-05
-2.5051227188710445e-05
-2.536107772399543e-05
-2.830910311546475e-05
-2.196689782046901e-05
-2.2496781257652643e-05
-2.1195643151616927e-05
-2.265384344224408e-05
-2.5491691503065628e-05
-2.499385637383389e-05
-2.3071843512856294e-05
-1.9047507239189354e-05
-2.0316006379639262e-05
-2.3880514140206532e-05
-2.3569876952678204e-05
-2.5187065299858702e-05
-2.3053922574345354e-05
-2.312245534186186e-05
-2.4268700256402376e-05
-2.3370115532439506e-05
-2.2541321613278598e-05
-2.3705114096495006e-05
-2.2992739737104362e-05
-2.3600637279075354e-05
-2.1548037569651957e-05
-2.3787239661621218e-05
-2.2927932381178184e-05
-2.3190611287027263e-05
-2.3015558011152404e-05
-2.4194681145894847e-05
-2.5028215330014092e-05
-2.125935966412751e-05
-1.998692703614191e-05
-2.2390858950060988e-05
-2.0606280478840944e-05
-2.143385145081389e-05
-1.9692283735661675e-05
-1.9423971110543725e-05
-2.0055297278331885e-05
-2.2736116382926497e-05
-2.1455739094067283e-05
-2.1250818250106995e-05
-1.945737482739185e-05
-2.517269932439392e-05
-2.2463780189163618e-05
-2.026287164463847e-05
-2.2706882987777455e-05
-2.1253473005689028e-05
-2.2787094224097082e-05
-2.2167492521096843e-05
-2.4522323457343287e-05
-2.1433673118465002e-05
-2.3413141526595904e-05
-2.15587925773697e-05
-2.2702959532272526e-05
-2.1985360600773607e-05
-2.3051935638618293e-05
-2.072213716591831e-05
-1.944592740454887e-05
-2.089075149441788e-05
-1.8545053052765326e-05
-2.067916017189919e-05
-2.2777742835877746e-05
-2.321473714850253e-05
-1.9740295451542433e-05
-2.278862513588331e-05
-2.244468566209301e-05
-2.0326820753480135e-05
-2.2464502603292136e-05
-1.9749222098741637e-05
-2.0618113237669267e-05
-1.911097830448183e-05
-2.048504025320419e-05
-2.0554491025115418e-05
-2.335216424320663e-05
-1.8860861054181832e-05
-2.1080231705328245e-05
-2.288381418330543e-05
-2.1875764004641862e-05
-1.9238119179421087e-05
-1.600839866983117e-05
-1.989700412607931e-05
-2.560270580154178e-05
-2.0280196576238918e-05
-2.1600994162485065e-05
-2.0605470031687112e-05
-2.282708326784011e-05
-1.8409570808786135e-05
-2.1275593632075207e-05
-2.2263012876111432e-05
-2.1882142647922098e-05
-2.1625063824859403e-05
-2.3231265456447048e-05
-2.0800353529248916e-05
-1.8861630670219398e-05
-2.2689523959673608e-05
-2.122732413578632e-05
-1.9558749506598527e-05
-1.8995180536551803e-05
-1.744658060687243e-05
-2.33925173179772e-05
-2.0330674562696327e-05
-2.3036359374006832e-05
-2.5473973402634353e-05
-2.182750773216391e-05
-2.089447517655829e-05
-1.763955838712805e-05
-2.0685743768733555e-05
-2.095236705507153e-05
-2.0212925644469415e-05
-2.004901256213998e-05
-2.3573015091593597e-05
-2.0757201906196343e-05
-1.9611221521276256e-05
-2.0394786877209192e-05
-1.9824730973339033e-05
-2.119452315119119e-05
-1.8690065084037144e-05
-2.0533919614373897e-05
-1.8665465264133818e-05
-1.854751401708654e-05
-1.734337518416451e-05
-1.7331967101852364e-05
-2.3194768914658326e-05
-2.065211005664036e-05
-2.0904181082304074e-05
-2.1390895836082002e-05
-2.137859527590047e-05
-1.934851122836756e-05
-2.0562290620362855e-05
-1.8516689801351127e-05
-2.0203808635377296e-05
-1.8625129586613554e-05
-2.2614092347827963e-05
-1.730873620814366e-05
-1.925697868188081e-05
-1.9148040699190627e-05
-2.0077465341494793e-05
-1.9958340592818313e-05
-1.999514659623003e-05
-2.0748665939096522e-05
-1.9967324000891296e-05
-1.9483909638295938e-05
-1.7911534556380726e-05
-1.9651255120933797e-05
-1.8346871376861973e-05
-1.732557510969457e-05
-2.0185905631520118e-05
-1.9851631427147964e-05
-2.016516589831152e-05
-2.040117494300775e-05
-1.622104308385275e-05
-1.901725635106155e-05
-1.703245051759561e-05
-1.904963559984374e-05
-1.7989352021352545e-05
-1.709728656734688e-05
-1.7953879044907417e-05
-2.0894936157533905e-05
-1.9210232589439435e-05
-1.819714037898379e-05
-2.1476667318331977e-05
-1.5451922759757153e-05
-1.8214318200593382e-05
-2.0019816269090107e-05
-1.6699796451302706e-05
-1.7833956665991302e-05
-1.814297238367235e-05
-2.0666962178617077e-05
-1.7621899419395515e-05
-1.779711401933559e-05
-1.959006419272047e-05
-2.100105102015304e-05
-1.8619724215573896e-05
-1.8216220310285358e-05
-1.9357623024740533e-05
-1.8648016807898404e-05
-1.861983360185171e-05
-1.690178130159259e-05
-1.826511331620706e-05
-1.8506176804100605e-05
-1.7684431369624498e-05
-1.6737235804364925e-05
-1.7431096122511036e-05
-1.657706217766952e-05
-1.4342363999164665e-05
-1.5812359306921486e-05
-1.488959248463484e-05
-1.7794531476322817e-05
-1.8955502939010938e-05
-1.8344953667370767e-05
-1.914685479598166e-05
-1.81117253583718e-05
-1.890040104990387e-05
-2.086161910591633e-05
-1.8770352283703495e-05
-1.8227535831638608e-05
-1.7496783125625637e-05
-1.844180475196744e-05
-1.996162909118082e-05
-1.4951906901872203e-05
-1.7212217860607115e-05
-1.5277306936678503e-05
-1.620110217442905e-05
-1.7463311145715643e-05
-2.0321037993320523e-05
-2.6778623663348267e-05
-1.9287274462431725e-05
-1.863175029576114e-05
-2.1788015519552673e-05
-1.8945895382149747e-05
-1.55289167762529e-05
-2.0088618920943713e-05
-1.7727494714958603e-05
-1.842986310340855e-05
-2.1420571270247546e-05
-1.8005520863506597e-05
-1.783389752529896e-05
-1.8209187132023352e-05
-1.8689272180960614e-05
-1.5696167805889782e-05
-1.7605063478476346e-05
-1.7147648948223626e-05
-1.6065526636133143e-05
-1.6280828703307826e-05
-1.9244933421092014e-05
-1.9868230172526147e-05
-1.5666901155675372e-05
-1.6220521149856726e-05
-1.7392363034551828e-05
-1.9645200206197533e-05
-2.0701268070133505e-05
-1.4798392704018504e-05
-1.700574974000668e-05
-1.8198093393317905e-05
-1.8850283585114536e-05
-2.036046880687925e-05
-1.6504901587277576e-05
-1.57740672261375e-05
-1.612705885745136e-05
-1.5977603647743255e-05
-1.8539075870405153e-05
-1.6303647285220713e-05
-1.7325715696348e-05
-1.605002281268586e-05
-1.5102375862108275e-05
-1.6087679486964657e-05
-1.512044683937841e-05
-1.4867081950142857e-05
-1.5888681316522657e-05
-1.5416950736035773e-05
-1.9449484759515023e-05
-1.6775246553857315e-05
-1.5076337689934327e-05
-1.5439489608470858e-05
-1.539293353747251e-05
-1.4031999120533989e-05
-1.676473906941922e-05
-1.7850530913687823e-05
-1.571994522142628e-05
-1.6269996720552626e-05
-1.5333367027803302e-05
-1.6340307496198747e-05
-1.5212874535541765e-05
-1.4922306029230281e-05
-1.4427233282654495e-05
-1.5187376172676181e-05
-1.624684361306583e-05
-1.5617577252935444e-05
-1.393263644694498e-05
-1.5510355697523348e-05
-1.4611149881049723e-05
-1.4169418490639352e-05
-1.544614390336374e-05
-1.742805277610282e-05
-1.4633084954418507e-05
-1.513513115919407e-05
-1.4066165039017253e-05
-1.608738902592055e-05
-1.423000303674149e-05
-1.373174220559159e-05
-1.430906055593928e-05
-1.2715223563997125e-05
-1.6228884251012765e-05
-1.3206609408289438e-05
-1.490223210826036e-05
-1.5782882420600775e-05
-1.53498971655619e-05
-1.600857692268809e-05
-1.4749097158262003e-05
-1.4756081774702778e-05
-1.5418070929029692e-05
-1.5451931952681353e-05
-1.4247283587121018e-05
-1.5980799632331344e-05
-1.723692284449907e-05
-1.6683116139282195e-05
-1.5344170721298678e-05
-1.4372316208488556e-05
-1.3896220022568961e-05
-1.2776266479164189e-05
-1.5545962078478137e-05
-1.365933306562983e-05
-1.3977035667300797e-05
-1.582264583727122e-05
-1.3996615646660882e-05
-1.5189684067162812e-05
-1.9274762240173438e-05
-1.5559538054599198e-05
-1.6106476179611473e-05
-1.3293376832090864e-05
-1.465953712836976e-05
-1.3695487155573893e-05
-1.468709694429915e-05
-1.5570938980191684e-05
-1.6251446739445896e-05
-1.4576736720672834e-05
-1.310943725857383e-05
-1.4926217754118731e-05
-1.4465670558017063e-05
-1.6032442487323717e-05
-1.8071109692652243e-05
-1.4569103721495669e-05
-1.116678831641904e-05
-1.4573793882310948e-05
-1.4837333867312452e-05
-1.5755066377021176e-05
-1.8758459205125977e-05
-1.66624077572175e-05
-1.6888982969642807e-05
-1.467848319097742e-05
-1.5809679466460835e-05
-1.5129340813047065e-05
-1.3745711249735226e-05
-1.7072227896042236e-05
-1.4990204846410116e-05
-1.4365134214600062e-05
-1.4622719820889252e-05
-1.6438616386615923e-05
-1.391048009419249e-05
-1.4962922568972914e-05
-1.687489021728883e-05
-1.5914733838773287e-05
-1.626539150773043e-05
-1.4274201848296642e-05
-1.4971982202849343e-05
-1.2782672627664748e-05
-1.3135466036207077e-05
-1.5561833672739223e-05
-1.668992548325976e-05
-1.425583960079635e-05
-1.6121203156471697e-05
-1.4282698706569175e-05
-1.5092018839313326e-05
-1.3962828840696773e-05
-1.625310784164613e-05
-1.3853966546573115e-05
-1.4086497510001905e-05
-1.3802249645644693e-05
-1.21998108948973e-05
-1.612223451818995e-05
-1.512837350131635e-05
-1.3761810337131752e-05
-1.3412700924253507e-05
-1.2567855525003058e-05
-1.3386765403688994e-05
-1.4820602250609216e-05
-1.5465251087309895e-05
-1.4117964707183184e-05
-1.294783077437911e-05
-1.3665326544953782e-05
-1.3283889310877761e-05
-1.2594820236466742e-05
-1.2509095771329193e-05
-1.3410950805037292e-05
-1.3586835116374818e-05
-1.5133056875449302e-05
-1.4815891764163869e-05
-1.3689560555141256e-05
-1.3112309299401215e-05
-1.3111985366520695e-05
-1.2984493028500577e-05
-1.556770402477703e-05
-1.4133634741675394e-05
-1.5857805244712253e-05
-1.3134680565796142e-05
-1.4174135102185126e-05
-1.3920380449283787e-05
-1.2154438910838561e-05
-1.3104615434800237e-05
-1.3755869776033158e-05
-1.2156539809293765e-05
-1.4117456076212509e-05
-1.3705637417593675e-05
-1.5326986812447263e-05
-1.4971583250811271e-05
-1.3926810594699912e-05
-1.2841631220950056e-05
-1.2664969985198837e-05
-1.1018278294361306e-05
-1.394507483359897e-05
-1.4332280801887531e-05
-1.2407615381571091e-05
-1.3900330811611461e-05
-1.4090444861059037e-05
-1.4226839960995719e-05
-1.05630177000271e-05
-1.493505375432802e-05
-1.3512387865899367e-05
-1.5094759287126447e-05
-1.523244638662602e-05
-1.3748832103810393e-05
-1.4929867929835972e-05
-1.3695444177341809e-05
-1.4079319363868859e-05
-1.4021922951468202e-05
-1.3570273493968e-05
-1.3947833463423542e-05
-1.711997996434178e-05
-1.3893583010682331e-05
