-535.7739494908446
-0.8951306515977605
-1.004306102578661
-0.7453937106855794
-0.6147969531805375
-0.2630548246970089
-0.39875894452193367
-0.19400625351584389
-0.17882859565414144
-0.37581610541552257
-0.1979870775614937
-0.134363147612376
-0.14532887697838137
-0.09345542082703706
-0.06493185020745573
-0.012109302602488659
-0.018154259345959933
-0.014933660552621353
-0.009787649796676123
-0.02190414189422374
-0.011596207563350669
-0.015279354201197304
-0.008758499615757143
-0.01224704895362727
-0.008983255874046914
-0.009351839934335082
-0.008038776298196049
-0.005338526123102927
-0.0032238017200125757
-0.004334152980357664
-0.0027742900592404585
-0.006824814203099772
-0.00615390391900561
-0.002945701039597237
-0.0024086675790335743
-0.0020161831771282612
-0.0017812732692080724
-0.0013700233170336196
-0.0023434551413619165
-0.0008103582398795162
-0.0013283665784613596
-0.0007456976946670357
-0.0008511351634852282
-0.0006745264124994321
-0.0009392066041370439
-0.0011319154579439994
-0.0011023764573265815
-0.0008435210048443054
-0.0006857462359872724
-0.0004040312898921927
-0.000575139043593409
-0.0007105016893301785
-0.0005191795236608732
-0.0004880542573231228
-0.0003192258946301818
-0.0006553446174819566
-0.00035829285663602217
-0.0004517902922657191
-0.0005233033747764626
-0.00046515095494625847
-0.00031130198526885255
-0.0002485504228625368
-0.00023175727521640432
-0.00031573759849568006
-0.0002991228573817617
-0.00027500691800230737
-0.00012206066486930567
-0.00032965999209366714
-0.0003635127543408778
-0.00015891421697877828
-0.00026114002672161796
-0.00024909227432734493
-0.00017729587530823654
-0.00013897501772397458
-0.00015353139952134498
-0.0001541130693216708
-0.0001275800394439086
-9.700706921533797e-05
-0.0001527072308602495
-8.502972587398627e-05
-9.785776100579291e-05
-9.330177784516724e-05
-9.750437163591474e-05
-9.338425994531718e-05
-5.9173921685196085e-05
-7.759599303414078e-05
-7.809634779465391e-05
-4.3862908902791986e-05
-6.257323975866758e-05
-9.908215969833822e-05
-5.8215070772416055e-05
-7.710160665908017e-05
-8.565756408429603e-05
-5.204859395080419e-05
-4.31463589730674e-05
-5.498969227824002e-05
-4.873786699877147e-05
-2.8826974895035384e-05
-5.105970393493031e-05
-5.7249700658790204e-05
-4.5591127984190294e-05
-5.5036349369097515e-05
-4.096926028296366e-05
-3.712110462317231e-05
-2.7513688137359438e-05
-3.1520766462511673e-05
-4.307471934417162e-05
-2.627518252351635e-05
-2.2167013314255968e-05
-4.517786412039371e-05
-5.631949071560616e-05
-3.2349913349771775e-05
-2.3875655442817667e-05
-1.8388918483935868e-05
-2.716934669033666e-05
-1.9105990687995345e-05
-1.6135866431898904e-05
-1.7994277831445693e-05
-2.0922727271166508e-05
-2.1115572532481863e-05
-1.8010714146421414e-05
-1.564124934327893e-05
-1.12280030870604e-05
-1.3724166755824108e-05
-1.764093738942929e-05
-1.1933726694945967e-05
-9.551084091286022e-06
-2.103281555287939e-05
-1.5567489306533844e-05
-1.1823722793624647e-05
-1.505861658679386e-05
-1.5798811744738295e-05
-1.0411907952923016e-05
-7.69100164876857e-06
-1.2058648458657117e-05
-8.092405390014434e-06
-1.0381881477949939e-05
-1.3892306481855243e-05
-7.82489290163113e-06
-7.405508918756354e-06
-8.00751231988528e-06
-6.782147383477266e-06
-6.242899840969152e-06
-4.797540815948409e-06
