-699.6099839380971
-0.8616143187177849
-0.8656340692385684
-0.6160284619874294
-0.2850445458666829
-0.23473345930513856
-0.210010202232001
-0.25470356464201394
-0.2195923837433016
-0.2590957293547475
-0.10343783929166916
-0.0694760711015111
-0.06872382912559871
-0.018431209740553123
-0.016624268246526852
-0.01553470611096519
-0.015468295957845712
-0.018822825379824826
-0.019932666291911483
-0.010956290690913972
-0.010528157418187356
-0.01449278396657383
-0.009901118346020477
-0.003937930765527398
-0.0033671019124466017
-0.0037885677577736976
-0.005973919233260849
-0.0035964263443489797
-0.0025900204726625464
-0.0021605668112558707
-0.0013386222835249928
-0.0013003940451119522
-0.002048560774754238
-0.0014013057532918927
-0.0015978937250675784
-0.0011195899929875575
-0.0005581502730140908
-0.00044531957305005143
-0.0004918150078404571
-0.0003366788528907927
-0.0004096363596599595
-0.00027583318450696837
-0.00020691274681938765
-0.00010912731058565495
-9.414966748988451e-05
-0.00012430388345718857
-6.643963763874883e-05
-6.109211435867401e-05
-5.2244132103473895e-05
-6.250296360499341e-05
-2.649998552273214e-05
-2.0290470909567482e-05
-3.0557177469470176e-05
-2.201698308434974e-05
-9.11875801157258e-06
-1.6032921327346905e-05
-8.74238152692719e-06
-8.847142107581973e-06
-8.091925045916604e-06
-6.4975838807157515e-06
-4.526403737825646e-06
