-660.4513329743752
-0.93045015105522
-0.6681051551050974
-0.5049321838302628
-0.41485955386490375
-0.4036055909008986
-0.3822311569256973
-0.3576604748875883
-0.3775743048510429
-0.34434000083424054
-0.36062477042361624
-0.34790873946277123
-0.24557477069168723
-0.2672446436112976
-0.2896639434110516
-0.19514486540480375
-0.17028154806800133
-0.22833742195504347
-0.18071621882498906
-0.24351628925934954
-0.2169045362844113
-0.21103436112836874
-0.20698737037399012
-0.19506713946847615
-0.1587072186882751
-0.16469102220951176
-0.1285748371596953
-0.1527461786712208
-0.19631368668058166
-0.13675395822138314
-0.14932914024727206
-0.15638725991345276
-0.13055781749537937
-0.13607182168420745
-0.14214069772986931
-0.12807532618864065
-0.13314609143281292
-0.15106205889829039
-0.11271833993689423
-0.11416954637863463
-0.09909134419957516
-0.10217226551513481
-0.10167134273059047
-0.09934212971610745
-0.08592296786969872
-0.12615183849330958
-0.08722890923142712
-0.07552514493984858
-0.07517577765271977
-0.09872993476883563
-0.06420853529215864
-0.06845479650887137
-0.0619625969887031
-0.0768883539876648
-0.08881183999092473
-0.07273020044852052
-0.06898470995015787
-0.054063918540712574
-0.05436842848006118
-0.04744197672338546
-0.06531702181569271
-0.048929749719441085
-0.04073334592286609
-0.027923702887488855
-0.03309814058639243
-0.028610244136913765
-0.016783813103755485
-0.01284100769190527
-0.017019856286659696
-0.01230563294254372
-0.017898989548966016
-0.02304367829285936
-0.015057389683591271
-0.023276359831545024
-0.010622005006167445
-0.03913194149598265
-0.016966231264251508
-0.016007321882940018
-0.015193003474767375
-0.01393023211119071
-0.013512241423997984
-0.009985393162877054
-0.020453772338404286
-0.018909822837264445
-0.013591773379601046
-0.012900369022265878
-0.013176418991753314
-0.015249098027311891
-0.012598990627292472
-0.010590653720612297
-0.012841728586900691
-0.013477838962288213
-0.01334134345469501
-0.010594551462766721
-0.01285093333753029
-0.011322485009467753
-0.010027269719702081
-0.027744148194341733
-0.009966072232875822
-0.009563626062914388
-0.009830516724230576
-0.00986753944909341
-0.009240324915874065
-0.009352040978448883
-0.011573653461893763
-0.009201868256172585
-0.013057338990687228
-0.011197142529245085
-0.00936557935697152
-0.009773584919339995
-0.009179649731045902
-0.009769423047624792
-0.008261530731819067
-0.008524892979805465
-0.00872002273065886
-0.008651012483168186
-0.008414867901434142
-0.008645118233854276
-0.00858280028570435
-0.009487848247411446
-0.0074412756396970425
-0.007760759434075115
-0.007011122988528573
-0.010814590307778316
-0.008230558271776212
-0.0068790867500586605
-0.0069237464173311225
-0.00656326979466354
-0.008014328608410837
-0.007783159159914399
-0.00822597791186408
-0.007639768507191669
-0.006561655066029792
-0.0071871460350774186
-0.005973365212001591
-0.008000803053123728
-0.006737943616427433
-0.006612288690042767
-0.005753262125115566
-0.008883982107994348
-0.00752106487480253
-0.006823307871209272
-0.00499558108680187
-0.006399131038395067
-0.005867044715718306
-0.005244788963163771
-0.005301299330068121
-0.007689047935603599
-0.005632925725948035
-0.005190849301131617
-0.003867723444894111
-0.006481983253668777
-0.007458921764884163
-0.005424133444493717
-0.005561902968003796
-0.005157636897075879
-0.004772063178198005
-0.0056774128243201605
-0.004686774323756804
-0.004251774655070928
-0.003901946598563244
-0.0044827285429166475
-0.004001159530834575
-0.004009417974340623
-0.0038350905721471484
-0.003899119834837539
-0.003755187833146989
-0.003773229733753769
-0.0034431400425350422
-0.004033243294069677
-0.004145048507971039
-0.0032062625256575883
-0.0038183293387410444
-0.0037953202563000277
-0.0035570913899886647
-0.004594567036298902
-0.003404023929507727
-0.0029619131120407483
-0.0029042750532519146
-0.004010569406785458
-0.003748179995395451
-0.0029744712014171393
-0.0027600683723120745
-0.0025775945565959524
-0.0026924225909746857
-0.002975387349372638
-0.0033237440926261463
-0.0033787100660044866
-0.002514110698642491
-0.0027549062099578303
-0.002213602561054795
-0.0029032545390106357
-0.0025495106783703925
-0.0023229765334426
-0.0027388192510529596
-0.002145438724424298
-0.002126586482713133
-0.0025490054711274635
-0.00291357091685579
-0.0024691822249149342
-0.0023025637201700144
-0.001937546010353064
-0.0019015663075075406
-0.002893897056297612
-0.0024598197855053017
-0.0021660955095720302
-0.0020215255871232074
-0.0020311633311297927
-0.0026358286495402616
-0.001926175220250792
-0.0019757129809168106
-0.00201682777149792
-0.0017467170988170189
-0.0020623172883426077
-0.0018091718253321343
-0.0018739228176855582
-0.0020695207354464173
-0.0019643413783433927
-0.001882959161540021
-0.0018486020638051048
-0.002006724553562156
-0.0021233072359983507
-0.001641843758214634
-0.0018282633381788704
-0.0017596282711823674
-0.0019703329178545337
-0.001792436493520011
-0.0016336372679569555
-0.0018572302076755864
-0.0015431864520450977
-0.0019914182932366797
-0.0014614415664079838
-0.0014923384521018934
-0.0017923139932033982
-0.0014127054686353668
-0.0015247867565046924
-0.0017402218646936363
-0.0017308441617666648
-0.0014633509158319402
-0.0015239094590049351
-0.0013437249461340506
-0.0015670336042479804
-0.0011661136016994922
-0.0011349147312647578
-0.0013918825598129847
-0.0012278267032000967
-0.0016128414747335618
-0.001402405627993819
-0.0014056528979188854
-0.001149477656859299
-0.001492997869189605
-0.0011831552033748083
-0.0012612409290289062
-0.001320358577617975
-0.0013562852416285631
-0.001135054987684958
-0.0013734300739426386
-0.0011189662755546892
-0.0012685506727409535
-0.0012815737606322042
-0.0010803707117715278
-0.0011687189301018974
-0.00095196328475744
-0.0010907406476434178
-0.0011126209181825386
-0.0017314361129950329
-0.0016491938798868788
-0.001213771056064905
-0.0013249463965888109
-0.0010848695303959377
-0.0010904610118641633
-0.0010582203998609763
-0.0011348115415611426
-0.0013447626220550735
-0.0010511302926310973
-0.001040495286415144
-0.0012422483264539763
-0.0010233155862375276
-0.0010175636011674483
-0.001219225073343655
-0.0011813458149730893
-0.00117725724602874
-0.0009464194503435164
-0.0010286579465143553
-0.000929774668940786
-0.0009173353989574973
-0.0009330352350799265
-0.001081215413008374
-0.0011332228613641915
-0.0010546569286616903
-0.001049051718381211
-0.0011427660734973921
-0.0008882725069983555
-0.0011175843177760325
-0.0011463093343600517
-0.0008008450098414
-0.0009488831186219571
-0.0008843116357957759
-0.000768826670434597
-0.0009049132149724914
-0.0008684600784492624
-0.0010162659408902708
-0.0009774702402098323
-0.0009795640428642005
-0.000949661700114901
-0.0008432013020202578
-0.000964232010833399
-0.0008682487194484056
-0.0009008680425434124
-0.0008396093296494378
-0.0008846606342865493
-0.0007709458911376865
-0.0009227306930713608
-0.0008796378656178439
-0.0008299396777750601
-0.0006705175679893594
-0.0007112403593759198
-0.0008768229612499678
-0.0006207294939298835
-0.0007053674099947727
-0.0009243554772631613
-0.0007557119525078426
-0.0006537292971676711
-0.000806242160618531
-0.0008975673502663595
-0.0007945160605550283
-0.0007756983417985808
-0.0007437478207374948
-0.0008980873913287946
-0.0007407338429470389
-0.0007118373781708764
-0.0006784701805850335
-0.0007160457429736256
-0.0007210603935921545
-0.0007192876640728652
-0.0008825496688856238
-0.0007018935262629866
-0.0005880312884188332
-0.0005509430790333059
-0.0005515445299878463
-0.0006131184168065018
-0.0007915453811733197
-0.0007867187533222575
-0.0007997505429749308
-0.0006500758344367696
-0.0005616157899323571
-0.0007581925215215946
-0.0006847964057912215
-0.0007159217697522702
-0.000680192913451283
-0.0006172314556392444
-0.0005074283946343017
-0.0008078804830967679
-0.0006368370779761268
-0.0005536672535728093
-0.0005491380745916707
-0.0006438451786050514
-0.000541401154127763
-0.0006423694986128492
-0.0006241582295373194
-0.0007204999045319904
-0.0005968382844877551
-0.0005512031406570972
-0.0005644503530393696
-0.0005427849991851974
-0.0004970041672470171
-0.0007257167356145011
-0.0005316702042869603
-0.00042866801913610253
-0.0005836385422018364
-0.0005908768133041642
-0.0005869294965380467
-0.0005766400492969725
-0.0006008393882069307
-0.0005615330795458173
-0.0005895576049445017
-0.0005895582992607729
-0.0006378578536506141
-0.0004961642775341835
-0.0004303610398161406
-0.0005166467665255192
-0.0005728147857941845
-0.0005596731452066073
-0.0004812077058690134
-0.0004634319956529631
-0.0005456221588138188
-0.0004895654011879413
-0.0005844330999339453
-0.0004909003905380072
-0.0006678876192280914
-0.0005245740380507846
-0.0004842001579504762
-0.0004964675604491875
-0.0004073461591579952
-0.0004585821546535529
-0.000493645961279876
-0.00047727046230078285
-0.00045896171503495564
-0.000544814945904637
-0.0005554666040992751
-0.0004549086855691331
-0.0004375413520764093
-0.0004685450495034438
-0.0004702151132938148
-0.0004122719034485023
-0.0004059435086207208
-0.00041068443502961793
-0.0003923905633445024
-0.00046422905824566874
-0.0004133926963366119
-0.0004795929911343144
-0.0004804747990842517
-0.00035794454849519264
-0.00038084454400022505
-0.000415821780931358
-0.00037629361855862076
-0.0004959489271481599
-0.0004297941642916747
-0.0004182268079629403
-0.0004051064384706371
-0.0004147851268635483
-0.00040669188958603053
-0.0003746527501140573
-0.00044423105062751933
-0.000415399000734229
-0.00038021485411138256
-0.0003655436210424079
-0.0003503855702984837
-0.00041720608304912643
-0.00036241754649490865
-0.00035966980530000026
-0.000401093237992034
-0.00035834962191766406
-0.00034049114656531376
-0.0003933075981235046
-0.00034873481140457185
-0.00039899150380856563
-0.00043332949641222696
-0.000317322735313208
-0.000368346872250791
-0.00036258846763115304
-0.00035380165818310605
-0.0004119431261895845
-0.0003020474913474347
-0.0004127699452897704
-0.0004796874128685791
-0.00037103765825413637
-0.0003467235999354834
-0.0003759041121201845
-0.0003872213714761208
-0.000341713191142623
-0.00039657888820521237
-0.00037491976890868806
-0.0003199962491495234
-0.0003552661034114113
-0.0004244914547518186
-0.0003392647658005954
-0.0003063386289799963
-0.0003729690492059179
-0.0003201803386587154
-0.00030265906802634523
-0.00033096762557460746
-0.0003117645461845342
-0.0003519531821677413
-0.00032271179927967353
-0.0004223926997909966
-0.0002812533681389451
-0.00029949569378240337
-0.00025662542512233655
-0.00032795445000133316
-0.00028776064431867976
-0.0003700777460766136
-0.00040203887473827526
-0.0002639527834045752
-0.00028297484891998126
-0.0003431530629314228
-0.0003148735039393835
-0.0003136906531368555
-0.0003049659104884528
-0.0003347387759133902
-0.00030497117171174315
-0.0003368702454207839
-0.00029434042664655546
-0.0002825426505236872
-0.00031781683267129157
-0.00032641063460930875
-0.0002894450281403782
-0.0003580437539130732
-0.000341388492513528
-0.00026945595907074127
-0.00025227922932269387
-0.0002328209921100277
-0.00028388945901108853
-0.0003198365461470898
-0.00029017607086828656
-0.0002743890584066544
-0.0002706421133983339
-0.00024880743846378284
-0.00031715901232032273
-0.0003061761806443797
-0.0002954216706663737
-0.0002852318023139344
-0.0002774305351497808
-0.00027236079366071975
-0.00024968949939757623
-0.00021610177876951742
-0.0002131039240900745
-0.00028309687763083957
-0.00028266190505688016
-0.0002583721182609633
-0.00029079533559439597
-0.0002860335075265952
-0.0002766221472712549
-0.00021626194224116935
-0.00026858548042957286
-0.00027720429292615867
-0.0002763409638075198
-0.0002921151723168647
-0.0002476360943851619
-0.0002505500642224212
-0.0002489635515703914
-0.00021446066807517816
-0.0002763657360835836
-0.00022577792763722737
-0.00028757132053658374
-0.0002345676995377799
-0.00023465852890891536
-0.0002631255517742126
-0.00029476796206623357
-0.0002725654603606964
-0.00027382365590095104
-0.00023883678077218917
-0.0002652007876854934
-0.00023086897368485015
-0.00019992860892720232
-0.00026344717361032055
-0.0002768473041476205
-0.00030564979893588085
-0.00023561891270085233
-0.00023630019274123448
-0.00023505014272623415
-0.000277448638283051
-0.00023503408827441064
-0.00023641811930957823
-0.0002021186944441422
-0.0002595003400028273
-0.00026798345989453853
-0.00019592606356005904
-0.0002877654326922663
-0.0002624613165780887
-0.0002789134333724408
-0.00025567772854429016
-0.0002397642994047544
-0.00024262799695212722
-0.00022962551698008093
-0.0002549033719379534
-0.00022775290214321897
-0.0002674205768171123
-0.00020339732174790015
-0.0002329887379333151
-0.00026211112605939446
-0.00019658540590627993
-0.00023894553015668674
-0.00025393123207040347
-0.00020921791756817187
-0.0002136675880452521
-0.00021085784946600628
-0.0001981483920869831
-0.00021404014597448118
-0.00016793061523862063
-0.00020966500303687408
-0.00021910700983213127
-0.0002454269770724715
-0.00021710807567743018
-0.00023239579589851012
-0.0002668036224027226
-0.00019790746201481246
-0.000219210450869034
-0.00019448860119042344
-0.0002433547205496489
-0.0002496156083563461
-0.00021440924448362653
-0.00021000137499399552
-0.00019309066184136636
-0.00018189018786968214
-0.0001982919454591725
-0.00019230368757017224
-0.00017291532618340932
-0.00019974785875276346
-0.0001814926689395202
-0.00019135127043351519
-0.00014395719774334959
-0.00020783416947206534
-0.00022292539935692135
-0.00017250628437065485
-0.00018640031052075123
-0.00019807514181319208
-0.00016153116481054663
-0.00019275149848019257
-0.00015936955362128025
-0.00023518762971053153
-0.00019573073616635517
-0.0001618907988194529
-0.00017415150110483557
-0.00018685804172619003
-0.00021056160335486407
-0.00020923873430195306
-0.00016205402804769786
-0.0002016500714244751
-0.000235839440533403
-0.00019613343116647863
-0.00019948940219682854
-0.00016837690798382488
-0.00019064701721338562
-0.00017282016387620835
-0.00016955926219597295
-0.00017090555681431585
-0.00020735207511940468
-0.0001959078987344154
-0.000158490470505257
-0.00018325257498302827
-0.00019364404499244703
-0.000161294006130408
-0.00017354307878536535
-0.00016147028852891987
-0.00015624220228915853
-0.00015837876878166401
-0.0001569760280005772
-0.00017288284224176165
-0.0001585076701675625
-0.00014600761752142644
-0.0001724096967184452
-0.00017232622480639614
-0.0001606233251156275
-0.00016445559595845705
-0.00013682018625182923
-0.0001558002856127949
-0.00014835389760664563
-0.00012047616323968002
-0.00013327036136517867
-0.00018163011690142117
-0.0001938790288690817
-0.0001498908657833753
-0.00013199208497455261
-0.0001580550838614081
-0.0001762612753671844
-0.00016037557375081501
-0.00018112743624748573
-0.0001420306776471758
-0.00015518144431192482
-0.00016843985620074164
-0.00016787591523270695
-0.00020204586340144548
-0.0001687329088762568
-0.0001429425373913884
-0.000161868033947965
-0.0001668914129711041
-0.0001495215086091406
-0.0001820438098485977
-0.00014349492574400324
-0.00016275543680760451
-0.0001526861203898222
-0.00015057669540669005
-0.00015411221091660154
-0.00015199279193744974
-0.0001595264638560856
-0.0001509482727581335
-0.00012058593137048712
-0.0001442196862890821
-0.00015053051315794264
-0.00012336393181028305
-0.00011785808042313883
-0.00014038495569318465
-0.00013804447511828188
-0.00013184029981910816
-0.00015114972745206012
-0.0001269759599783482
-0.00011582547582605907
-0.0001345519107245341
-0.0001513322838018749
-0.00014724766960527713
-0.00013086299944714552
-0.00013972518685534396
-0.00015522052156607957
-0.00014384175934578636
-0.00013504776174461108
-0.00013656931996858246
-0.0001436051737396249
-0.00011886129267674184
-0.00015143543333429044
-0.00012060113900025371
-0.00012860592365632195
-0.00011056957742278106
-0.00012011660946020797
-0.00012824037751973938
-0.00014512890163476122
-0.0001493315395606487
-0.00012857373826136165
-0.0001423667000852169
-0.00014087721289690602
-0.00012846137324573625
-0.00011831614306051508
-0.0001131480050574063
-0.00011521931040953115
-0.0001217103435949829
-0.00011652169492493147
-0.0001403353984537059
-0.00011682964046277888
-0.00010892875692147808
-0.00011257424065752586
-0.00012667123864501528
-0.0001456374089821022
-0.00013687282007718293
-0.00011616371139833159
-0.00014105845477890844
-0.0001037864232011354
-0.00011443964016838448
-0.00014452774321094264
-0.00011994329307923879
-0.00010622584683211977
-0.00011209521661592614
-0.0001040571678942448
-0.00011369226121654696
-0.00011832593646582401
-0.00011475140036115716
-0.00011335045692245638
-9.195900959418912e-05
-0.0001088323400822988
-0.00011867365867074264
-0.0001140069243899533
-9.708779011258217e-05
-0.0001091589030622897
-0.00010514702752256744
-0.00013300147504180515
-0.00010708584797503029
-0.00011084697586905001
-0.0001238202466671834
-0.0001108481990119703
-0.0001158925827463575
-0.00012297564770119562
-0.00011022071742583517
-9.256292455578352e-05
-0.00011812329037957925
-0.00011122245868161462
-9.960237294792673e-05
-0.00010601002886162503
-9.476411139136554e-05
-8.848335267092056e-05
-9.149709831568487e-05
-9.801890390831458e-05
-0.0001063298960362613
-9.824850439665855e-05
-0.00010033113514068548
-9.578647821795183e-05
-0.00011654866484306359
-8.484450234441665e-05
-0.00012473328179418708
-0.00011759384859288957
-0.00010195988004352285
-0.00010871061437534024
-0.00011079057107904466
-8.780369625416284e-05
-0.00011019418215868493
-0.00011673639525155988
-0.00010256183941514951
-9.204292322501084e-05
-0.0001043043834067503
-9.246791426720247e-05
-0.00011182594896386178
-8.928922014189711e-05
-0.00010786543277457872
-0.00010920331192054711
-9.473014827465764e-05
-0.00010104603201877005
-0.0001076091084383779
-9.978481977940268e-05
-0.0001031608311852783
-9.095967190636545e-05
-0.00011311708672817611
-9.321870302408941e-05
-9.939572771350269e-05
-8.206801706794886e-05
-9.123105359898354e-05
-7.835771925174262e-05
-0.00011197483993735657
-0.00011230231890685394
-9.798511346509331e-05
-9.5519904578234e-05
-9.717790158036976e-05
-8.804671760165306e-05
-9.935057885979148e-05
-8.089180944786944e-05
-9.463114969754383e-05
-0.00010453197253867952
-7.860504011703018e-05
-9.043334318031837e-05
-0.00010672026287555925
-9.103095566698194e-05
-0.00010544367677473021
-7.965480463623109e-05
-0.00010067443490158201
-9.759189815183866e-05
-9.469756344682168e-05
-7.864974706400796e-05
-9.47598119662163e-05
-0.00010273108871589054
-9.469938362322017e-05
-9.453843637802217e-05
-8.785652885290318e-05
-8.572052319033574e-05
-9.479291251879296e-05
-8.34023211685464e-05
-7.950279066260002e-05
-8.623028331422589e-05
-9.39233983739407e-05
-7.65816547009801e-05
-8.65562560309896e-05
-8.268967009739114e-05
-8.391353845721428e-05
-8.828606622790502e-05
-9.941433970783731e-05
-7.964164498303061e-05
-7.240255429930009e-05
-8.792600007795359e-05
-8.378641206163717e-05
-9.28294687377873e-05
-7.078337364002651e-05
-8.983569955445248e-05
-8.296513853844889e-05
-7.298691952989378e-05
-9.900620494857071e-05
-8.338326649820482e-05
-8.62759890784548e-05
-9.463030087886182e-05
-7.834763445130344e-05
-8.566617367739005e-05
-7.42296237652984e-05
-8.012798884521333e-05
-7.649345290450249e-05
-8.270096646273428e-05
-7.853625776088613e-05
-9.160581109701749e-05
-6.81181302287781e-05
-8.999477344590057e-05
-7.495310317279236e-05
-8.383626876912187e-05
-7.862509127715134e-05
-7.744551453231496e-05
-8.399727255054001e-05
-8.411610914932366e-05
-9.35971191918239e-05
-6.57997360403173e-05
-9.64773821631737e-05
-6.94216623290389e-05
-9.290721927490697e-05
-8.046097060915303e-05
-8.872679850563392e-05
-8.867648711347043e-05
-7.199148738129546e-05
-7.953277574701545e-05
-7.400759864706341e-05
-8.918388446055303e-05
-6.694621356889696e-05
-7.527156715425587e-05
-7.28167372830435e-05
-8.923965773732778e-05
-7.325275370612117e-05
-8.190576772809655e-05
-7.94603298896468e-05
-6.938871861023044e-05
-6.703975156047148e-05
-7.180267734546719e-05
-7.351487351253683e-05
-8.163311840087006e-05
-7.380648557120395e-05
-7.290091817735433e-05
-7.940414000634499e-05
-6.754534326075534e-05
-6.5940742694226e-05
-6.607499750288515e-05
-6.085702200031573e-05
-6.941293794471282e-05
-6.151135351223358e-05
-8.360816526997716e-05
-6.798085542780719e-05
-7.94323748440906e-05
-6.621236008502729e-05
-6.133010584075116e-05
-8.301046329250994e-05
-6.915591148864975e-05
-7.889774139263617e-05
-7.211137822471514e-05
-6.893559544629557e-05
-6.857457576808779e-05
-6.750985462450343e-05
-8.117305089622162e-05
-6.564664960390099e-05
-5.911782252626674e-05
-6.279530520336696e-05
-6.767862670986613e-05
-6.67482317209811e-05
-6.334525404522173e-05
-7.455669736083914e-05
-5.87842117120152e-05
-7.265015322416302e-05
-7.362465221588677e-05
-6.577947499131209e-05
-6.646321371744923e-05
-6.708531406768303e-05
-6.24126828945859e-05
-7.417006058130227e-05
-6.307115648773731e-05
-6.005403802883391e-05
-6.459728103730411e-05
-6.0408976585435425e-05
-7.187245437462186e-05
-5.757962876978828e-05
-6.523399509450467e-05
-6.0667802826042116e-05
-5.3618041967185004e-05
-5.4093389177334306e-05
-6.132036925271533e-05
-6.110714144591523e-05
-6.153038807160671e-05
-5.625141125381594e-05
-6.968612935720486e-05
-6.352110348051276e-05
-7.038522652524914e-05
-5.976147447495084e-05
-6.198108674315694e-05
-7.574782985514394e-05
-6.734518154538627e-05
-6.402283165857225e-05
-8.20475131919074e-05
-7.55982065641092e-05
-5.805246909279527e-05
-6.674567523423658e-05
-7.499771706598324e-05
-7.185550760807624e-05
-6.683548965391584e-05
-6.662150084818519e-05
-6.402520573861592e-05
-5.752668910369296e-05
-5.522097598981146e-05
-6.562960245548588e-05
-5.745318165317759e-05
-5.809506606896386e-05
-5.6060678845670786e-05
-5.927978201075712e-05
-5.8840366332413296e-05
-7.679947124544784e-05
-4.7501442142661165e-05
-6.720226850581712e-05
-6.359633408403731e-05
-6.130773281615154e-05
-5.298237739781442e-05
-5.695300928926228e-05
-5.348133815591405e-05
-6.162522369168588e-05
-5.8373615431983605e-05
-5.9173424114489226e-05
-6.291508479622232e-05
-5.410135566163987e-05
-5.1439275299103304e-05
-5.5975824034992794e-05
-5.688461859421068e-05
-5.6717603689415697e-05
-5.563100980632285e-05
-5.5408281581903474e-05
-4.805084936371218e-05
-6.077338710225311e-05
-4.968340128136406e-05
-5.984628656979796e-05
-6.0200385954944924e-05
-5.096075453953075e-05
-5.530656857760663e-05
-4.9447350842779514e-05
-5.6358386345767286e-05
-5.059426045822546e-05
-5.1124778437494633e-05
-4.8607730964878026e-05
-4.1056825520968676e-05
-5.163350801223876e-05
-5.577426540964714e-05
-5.638276295194533e-05
-5.248243422822929e-05
-5.22476771380731e-05
-5.530788509650053e-05
-5.535179441407134e-05
-5.194124490009999e-05
-4.808059159550071e-05
-5.751526305075583e-05
-5.197031320003376e-05
-5.264652164616024e-05
-4.749101780349152e-05
-4.172364346088919e-05
-4.683560388146768e-05
-4.789702265767248e-05
-5.307298072432243e-05
-4.925605847283521e-05
-4.839142370616223e-05
-5.907999066045999e-05
-4.8980532145637135e-05
-4.0709430536078894e-05
-4.766579020992756e-05
-4.668473864538614e-05
-4.829682423207471e-05
-5.037506964550298e-05
-4.658072103019828e-05
-4.5171134718247075e-05
-6.000299506658813e-05
-4.446832726995309e-05
-4.159515330354191e-05
-5.290054950923828e-05
-4.555292290919777e-05
-5.19274000609915e-05
-5.083716116599524e-05
-4.455744653125704e-05
-4.2545154478712544e-05
-4.639063643263608e-05
-5.26705084324397e-05
-4.513159766489361e-05
-4.387506267256036e-05
-4.925938504329874e-05
-4.6710155723939106e-05
-4.5058470992731525e-05
-4.3282499514796235e-05
-4.6287422254653876e-05
-5.1618432095668076e-05
-3.8770128158671646e-05
-5.217622785863574e-05
-5.2560806634183166e-05
-4.834216442600736e-05
-4.678079514930378e-05
-4.4402618494865376e-05
-5.217272026830644e-05
-4.6805108668279694e-05
-4.814842369033068e-05
-3.890559936642335e-05
-4.744638035347748e-05
-4.5997200013581097e-05
-4.841999642257733e-05
-4.1629649789431955e-05
-5.454343222294211e-05
-4.715941899091636e-05
-4.751791638213376e-05
-5.0822610510981026e-05
-3.603147938679996e-05
-4.193288690573782e-05
-4.457152155118438e-05
-4.5754250852292344e-05
-5.197140697149605e-05
-3.867180959266081e-05
-4.2909906332155856e-05
-4.616836617871156e-05
-4.349127329489333e-05
-4.88086688649747e-05
-5.5145157004277134e-05
-4.4859933973184773e-05
-4.053205382403835e-05
-4.51594143610623e-05
-4.2809179407798936e-05
-4.334878446182744e-05
-5.08367675809418e-05
-4.235361470467103e-05
-4.2199269432496855e-05
-5.264519753839236e-05
-4.7400377931605675e-05
-4.637752504904613e-05
-3.964002026402014e-05
-4.081325606813957e-05
-3.710148919555678e-05
-3.742516409466212e-05
-5.4529217284882137e-05
-4.0804062332311375e-05
-3.690413736817666e-05
-3.980053094054803e-05
-3.9783783835067865e-05
-4.853584569014524e-05
-4.1435145991697286e-05
-4.687205448156151e-05
-3.9518456093456944e-05
-3.505677248455408e-05
-4.637973581211874e-05
-3.915745091620515e-05
-4.041691634426581e-05
-3.206698512198125e-05
-4.367739938082593e-05
-3.428044673725594e-05
-4.236457468809185e-05
-4.523084716601122e-05
-4.477422104087747e-05
-3.6958609727577585e-05
-3.9680405354125536e-05
-3.965291193958054e-05
-3.891226938018688e-05
-3.975513069237602e-05
-4.47114231862944e-05
-4.7256544927043453e-05
-4.2865469874087125e-05
-3.675149970128189e-05
-3.500596422839619e-05
-3.490706455283599e-05
-4.074734796200019e-05
-4.3367913034331185e-05
-4.150903705940623e-05
-4.178862655757065e-05
-4.010581082014575e-05
-3.4137747073670344e-05
-4.500210109076308e-05
-3.718702324323475e-05
-4.1013998544059405e-05
-3.5550453498955914e-05
-3.914646496694374e-05
-4.106608674531165e-05
-2.931151112128827e-05
-4.5457354082900636e-05
-4.3893978339482054e-05
-4.029006664851842e-05
-3.89426909545576e-05
-3.8299077210868226e-05
-3.843366564409978e-05
-3.735618323014167e-05
-3.7619182651438265e-05
-3.84312803340392e-05
-4.178101345325702e-05
-3.7764648774585297e-05
-3.419745853849854e-05
-3.764633306524434e-05
-3.970147575677041e-05
-4.2434408255076494e-05
-3.468188567518071e-05
-3.566690478340462e-05
-3.4170877748707085e-05
-3.889761321534957e-05
-3.938338621534143e-05
-4.528646345758336e-05
-3.459586325349484e-05
-3.20083981248942e-05
-3.319933779588613e-05
-3.59664108183777e-05
-3.9010368881653434e-05
-3.6778291915062766e-05
-3.250524211528827e-05
-3.372271343637934e-05
-3.255617212299944e-05
-3.699376823157463e-05
-3.546513063562573e-05
-3.814027676407594e-05
-3.2924231313236074e-05
-3.1751407408964205e-05
-3.110085542662455e-05
-4.241076963118484e-05
-3.2979364271823464e-05
-3.870188920784834e-05
-3.682764331069954e-05
-2.985461047022575e-05
-3.25684021899586e-05
-3.501062184280146e-05
-3.54688349341048e-05
-3.4179838116654704e-05
-3.271630661716429e-05
-3.541544068774716e-05
-3.441566027412302e-05
-3.32806156353449e-05
-3.0925655079228065e-05
-3.0140350583129916e-05
-3.034383436506527e-05
-3.312809816041762e-05
-3.489345718599157e-05
-3.301353222945336e-05
-3.3601048070264206e-05
-2.7693046791676945e-05
-2.9447193759246648e-05
-3.486732829122152e-05
-3.890197103695314e-05
-3.5281344517357205e-05
-3.192304051324868e-05
-3.5944659718345484e-05
-3.187596663306591e-05
-3.490505496922536e-05
-3.775118750132256e-05
-3.492885658090694e-05
-3.059637068408838e-05
-3.3896209997885673e-05
-2.8408959710901627e-05
-3.076223193565486e-05
-4.006692033053927e-05
-3.250798711990077e-05
-3.210786611645977e-05
-3.639731659837997e-05
-3.1680715166071405e-05
-3.321356170205014e-05
-3.4665211814055574e-05
-3.432442226114496e-05
-3.3200091397955767e-05
-3.163546365436698e-05
-4.3366006000356006e-05
-2.7101023595321738e-05
-3.1939405858383285e-05
-3.13423609286656e-05
-2.9827995959852416e-05
-3.117802373203693e-05
-3.129186811773321e-05
-2.7134952576612914e-05
-2.8940517798503596e-05
-2.935717509561231e-05
-3.086117259465393e-05
-2.8863093248843175e-05
-2.9615911294189612e-05
-2.7595261799295834e-05
-3.4379845447851665e-05
-3.3828214807740675e-05
-3.157269505982274e-05
-3.357409895793362e-05
-3.1011136663205985e-05
-2.7267738269609598e-05
-3.0950995119349844e-05
-2.5450281620598147e-05
-2.4506896645015708e-05
-3.2906178246749906e-05
-3.489201084277971e-05
-3.0821798010838286e-05
-3.3540438518664395e-05
-3.273956426586011e-05
-3.3030354280927376e-05
-2.7771883927663055e-05
-2.9407073385556703e-05
-3.324790337061456e-05
-2.792543937463199e-05
-3.540195243034727e-05
-3.065500319188175e-05
-2.4127908515414465e-05
-2.6999133427907385e-05
-3.0283941204856113e-05
-2.9732011657179758e-05
-3.1505724150004966e-05
-3.106432693350536e-05
-2.359642754989899e-05
-2.6489344159386086e-05
-2.930380642179875e-05
-2.8650480120795407e-05
-3.179447916035194e-05
-2.894827475402595e-05
-2.7284878185040995e-05
-2.6919170066697085e-05
-3.0292039377877167e-05
-3.061110374535936e-05
-2.5218971408724755e-05
-2.626187921644929e-05
-2.752585468640545e-05
-2.8630592528944288e-05
-3.255573791582922e-05
-2.7624248567503784e-05
-2.698685869856332e-05
-2.9220402038176996e-05
-2.6287474511887954e-05
-2.7659950390224175e-05
-2.731199256283956e-05
-2.5132404837868716e-05
-2.7654054033598996e-05
-2.0856539933777896e-05
-3.343331617755574e-05
-3.05375457057e-05
-2.929887496327943e-05
-2.9395679167931732e-05
-2.7129722743990392e-05
-2.742274026246161e-05
-2.200184188244636e-05
-2.8283983076970998e-05
-3.184868388933504e-05
-2.1939541275883823e-05
-2.4612597377127177e-05
-2.956835279899206e-05
-2.7092131000938657e-05
-2.7484367364993822e-05
-3.324659308362454e-05
-2.877673184731311e-05
-2.80964876259171e-05
-2.7967059148092943e-05
-2.8560411489853e-05
-2.9457212584071968e-05
-2.939256104866894e-05
-2.886203772251017e-05
-2.6067933806717125e-05
-2.645187366190349e-05
-2.59763192149709e-05
-2.2700573436840177e-05
-2.3974546439098354e-05
-2.556553403026962e-05
-2.8638533660807486e-05
-2.63297545068375e-05
-2.724740642234824e-05
-2.4556502217776277e-05
-2.4417571227175472e-05
-2.5213728422568416e-05
-3.048366870345154e-05
-2.4403592751298664e-05
-2.6177602816757073e-05
-2.5652792213948228e-05
-2.6153918585070102e-05
-2.69367889721428e-05
-2.7331467846225532e-05
-2.434620173907831e-05
-2.7255923071956012e-05
-2.3180323726612606e-05
-2.3791307389608995e-05
-2.7971028653483998e-05
-2.3447986410018995e-05
-2.39219378107558e-05
-2.0493933816589927e-05
-2.7508836245193624e-05
-2.702278671051772e-05
-2.4567782870077437e-05
-2.3150571050234436e-05
-2.590581292116756e-05
-2.3933896934613674e-05
-1.9823930908935417e-05
-3.120361201153221e-05
-2.5927056455432584e-05
-2.561753575119896e-05
-2.340211683571347e-05
-2.2637415376725034e-05
-2.230714460288441e-05
-2.68893335517717e-05
-2.4069279205951588e-05
-2.0671404522443204e-05
-2.1833313786134845e-05
-2.4757057856095166e-05
-2.33725351586056e-05
-2.7756388369215568e-05
-2.5890419114604768e-05
-2.3054404730493694e-05
-2.0794485734165757e-05
-2.5835204970126036e-05
-2.2155244823240938e-05
-2.442414967690487e-05
-2.538641610111414e-05
-2.212969053527747e-05
-2.5113306768520527e-05
-2.426052903742315e-05
-2.1595058237955378e-05
-2.03738084599836e-05
-2.0874699253270457e-05
-2.4435328328409334e-05
-2.3030459153250415e-05
-2.096533119450017e-05
-2.0411560409938634e-05
-2.4890618765760486e-05
-2.290350404765551e-05
-2.4283795280410914e-05
-2.2873160957614935e-05
-2.261342283871315e-05
-2.5906242483608732e-05
-2.1149707629841696e-05
-2.182251192889284e-05
-2.2373023949640025e-05
-2.1921066184704685e-05
-2.224020229346646e-05
-2.2971101193647314e-05
-1.8979610883984588e-05
-2.2424974161161515e-05
-2.2038172404093004e-05
-1.9685566032934254e-05
-2.2844750816708448e-05
-1.9473949496418008e-05
-2.0083265739267997e-05
-1.786891701877069e-05
-2.0238616066425852e-05
-2.48956435822123e-05
-1.9949940779251385e-05
-2.16244797621723e-05
-2.4171667070749248e-05
-2.4085229667625274e-05
-1.887136665923439e-05
-2.1631330179960884e-05
-2.221427922310948e-05
-2.3480573877299182e-05
-1.747339917712587e-05
-2.4296321768479956e-05
-1.9725906893308665e-05
-1.9668551582474603e-05
-2.802366926146771e-05
-2.7525191168664698e-05
-2.210965866139558e-05
-2.2592174940383458e-05
-2.1590446429464727e-05
-2.0332725336191793e-05
-2.259323008124703e-05
-2.332617384720459e-05
-2.1632589720321782e-05
-2.4942622047108287e-05
-2.2882872291074552e-05
-1.9906780939271673e-05
-2.1268890900705273e-05
-2.1240200026084732e-05
-2.3672539865238207e-05
-1.960979831866494e-05
-2.1102189869948162e-05
-2.0047518011712118e-05
-1.8115848651245603e-05
-1.6289195266583345e-05
-2.1230439147201796e-05
-2.021784658085002e-05
-2.1095050071862076e-05
-1.707858024446729e-05
-2.1993640873685383e-05
-2.0737413911009472e-05
-2.282210814225083e-05
-1.8869023030054777e-05
-2.12185828279976e-05
-2.2567256396377466e-05
-1.9950578866279045e-05
-2.467071772010998e-05
-2.3739142216594455e-05
-2.086828605429858e-05
-1.995986321523535e-05
-2.25752196547635e-05
-2.2438587846451696e-05
-2.1969506984520493e-05
-2.3215548369925898e-05
-2.234032396936092e-05
-2.0591824976379236e-05
-1.9583549253410215e-05
-2.1465101367912354e-05
-1.8368884421970932e-05
-2.0735221805290305e-05
-1.6189203197569668e-05
-1.9112825585865245e-05
-2.17545045488321e-05
-2.0687438208433218e-05
-1.7736530077361312e-05
-2.366616843352265e-05
-1.9031964349380814e-05
-1.762449646375286e-05
-2.1225075812703054e-05
-2.0342420711361164e-05
-1.9943110030506972e-05
-1.9482088757516447e-05
-1.857515872144555e-05
-2.0270509712594365e-05
-1.9614860350958274e-05
-2.2324797214756664e-05
-1.7827078736654123e-05
-2.0688391912382365e-05
-1.8057937344884145e-05
-1.4891770707514684e-05
-1.8956729859576082e-05
-2.3050896710119506e-05
-2.074909713978279e-05
-1.984301800384003e-05
-1.9816109207593247e-05
-1.854762167302626e-05
-2.030303951044976e-05
-1.8731624988665985e-05
-2.054389833222592e-05
-1.5527316476249275e-05
-1.7165989611933608e-05
-2.045479980167242e-05
-1.984231594043262e-05
-2.0146811840648926e-05
-2.014021577328995e-05
-1.617145755039573e-05
-1.99157555215157e-05
-2.0316362720484982e-05
-2.001936715850805e-05
-1.768250648220837e-05
-2.14608751112344e-05
-1.7164757814269738e-05
-2.0181160487409144e-05
-1.664701725218043e-05
-1.9279127161153653e-05
-2.0109704231219272e-05
-1.8410138172719748e-05
-1.8124362520022252e-05
-2.029205526238309e-05
-1.9743858267196046e-05
-1.690371490331577e-05
-1.6183391910007394e-05
-1.9330455384547474e-05
-1.8581490853597504e-05
-1.80001293053067e-05
-1.8476970698955153e-05
-1.8303236161087977e-05
-2.1272741797473405e-05
-1.5958792959236412e-05
-1.8482264508012936e-05
-1.5112957569396457e-05
-1.9518322683764744e-05
-1.8394062905990882e-05
-2.070871182352496e-05
-1.8805148983391806e-05
-1.6990977245445738e-05
-1.6845099390483398e-05
-1.5838091769748708e-05
-1.6557383930859704e-05
-1.5939509896090165e-05
-1.7651064260770788e-05
-1.9950684996161705e-05
-1.6571778081786448e-05
-1.6917132680704938e-05
-1.5925503105973515e-05
-1.5744911731396805e-05
-1.7401337066069722e-05
-1.585220539529475e-05
-1.515728278794759e-05
-1.730946253047927e-05
-1.577903292054872e-05
-1.5868241590333287e-05
-1.4781242451300525e-05
-1.3957830212685263e-05
-1.628599964048627e-05
-1.5748190473841017e-05
-1.3917280012487598e-05
-1.8380710983534332e-05
-1.5532677288154773e-05
-1.4918105526784409e-05
-1.5269498769676648e-05
-1.571075535439226e-05
-1.7442457560412628e-05
-1.4247427853386618e-05
-1.5764314855004624e-05
-1.6939862753306834e-05
-1.6910798805058747e-05
-1.809853524320504e-05
-1.3982765544651166e-05
-1.6300683998438092e-05
-1.345839296801321e-05
-1.6689079971654586e-05
-1.5769489402128745e-05
-1.5370394624958372e-05
-1.703037303729671e-05
-1.5748668527493237e-05
-1.6130920892420963e-05
-1.578378444438977e-05
-1.6653795809951077e-05
-1.4925420439293458e-05
-1.4182077080981959e-05
-1.472634339094725e-05
-1.6153013537301142e-05
-1.6738707514063478e-05
-1.3841442319417752e-05
-1.3600649246603425e-05
-1.7994523101583226e-05
-1.5910723187795295e-05
-1.492238354305897e-05
-1.4777163201473709e-05
-1.1869240697293115e-05
-1.4952025476355768e-05
-1.661366014782395e-05
-1.6409268783712516e-05
-1.335881518049753e-05
-1.5572132518459902e-05
-1.5409080153960808e-05
-1.784118719672101e-05
-1.5537930789122356e-05
-1.439704083244786e-05
-1.5355594250532345e-05
-1.4517416787540594e-05
-1.7082546595381665e-05
-1.4649960421719843e-05
-1.4713009785838338e-05
-1.4242932309782574e-05
-1.5637513881672227e-05
-1.506450869726006e-05
-1.3660032989859516e-05
-1.2243207369089237e-05
-1.3746252108981505e-05
-1.4441555980515552e-05
-1.4724908335872477e-05
-1.4055551584901682e-05
-1.1911174268408597e-05
-1.5609661903337457e-05
-1.4871118418302576e-05
-1.4620178093949221e-05
-1.7166246830790932e-05
-1.5161892091664075e-05
-1.3687058541822505e-05
-1.4246557791586234e-05
-1.6326739151195646e-05
-1.6085523320497064e-05
-1.3341266644262273e-05
-1.3822975780286573e-05
-1.360071640671423e-05
-1.4701658404503437e-05
-1.578360709175719e-05
-1.4318839029470176e-05
-1.565198282882374e-05
-1.3057571240759902e-05
-1.1447044639234516e-05
-1.203315258324622e-05
-1.4329858348871571e-05
-1.5190705038470309e-05
-1.506663640576944e-05
-1.2502625986732241e-05
-1.4283235212686485e-05
-1.3656365381142788e-05
-1.300652317803852e-05
-1.3691850956232265e-05
-1.3688479187090596e-05
-1.546268820318275e-05
-1.4373762284913827e-05
-1.715202583424391e-05
-1.588704343935543e-05
-1.42767757125295e-05
-1.3270429316036836e-05
-1.2647371127494367e-05
-1.336161279663628e-05
-1.4886060047181182e-05
-1.6019730474492455e-05
-1.2741788154357891e-05
-1.4376410098215775e-05
-1.4096400683560883e-05
-1.2624593557164498e-05
-1.1066129561754234e-05
-1.1740891692146871e-05
-1.428509570988723e-05
-1.4600869797765093e-05
-1.324685169568074e-05
-1.5189352756406205e-05
-1.1640668131585041e-05
-1.3742992765020112e-05
-1.2393311188130252e-05
-1.344690402482751e-05
-1.3591514380240088e-05
-1.559522810951064e-05
-1.3478401460487177e-05
-1.3357955539750055e-05
-1.217943733616833e-05
-1.5732370927667993e-05
-1.2293726522338844e-05
-1.4133024541618244e-05
-1.1779536385980727e-05
-1.3016448588143437e-05
-1.27907619427714e-05
-1.2145778562455689e-05
-1.1602244317121535e-05
-1.2860194946728853e-05
-1.4917597059016519e-05
-1.3367621197413193e-05
-1.1022041438157881e-05
-1.3302703033291063e-05
-1.2105853535782085e-05
-1.2550448927672875e-05
-1.2338853760007762e-05
-1.2926331626528231e-05
-1.2374437975082309e-05
-1.1839761854648412e-05
-1.2663002393276113e-05
-1.3854718334482818e-05
-1.1315248057586214e-05
-1.1284749706297337e-05
-1.0391707457590993e-05
-1.2589381236771668e-05
-1.174661511105235e-05
-1.1155629580095194e-05
-1.1471094241821689e-05
-1.305019474090452e-05
-1.0102547679469165e-05
-1.3015510672342856e-05
-1.1476469963911384e-05
-1.2816891928169039e-05
-1.1206433134292038e-05
-1.1455948564831342e-05
-1.1482199187506925e-05
-1.111174004758686e-05
-1.35065213521246e-05
-1.2210855468930415e-05
-1.0996564423770838e-05
-1.2446340795391198e-05
-1.1589509438525436e-05
-1.1472728916384067e-05
-1.173138491628034e-05
-1.0692812039581057e-05
-9.657365587500966e-06
-1.0324960215413181e-05
-1.3653090595422412e-05
-1.4175604808319697e-05
-1.2108745048144964e-05
-1.141915682911776e-05
-1.1302047325134623e-05
-1.1045698474321242e-05
-9.99582450927905e-06
-1.2073147146185459e-05
-1.0761310214935094e-05
-1.2507671793948738e-05
-1.085406336875927e-05
-1.2368129801987315e-05
-1.036765410550311e-05
-9.865502000439008e-06
-1.0370673781123774e-05
-1.1206053525669724e-05
-1.1304220734587034e-05
-1.040895974729894e-05
-1.1280275840130916e-05
-1.0269702071963316e-05
-1.0537805848642723e-05
-1.2156789030992599e-05
-1.0522601169016266e-05
-1.0753572050381521e-05
-9.82106916613823e-06
-9.684055572223293e-06
-1.152174745261414e-05
-1.2292759008825094e-05
-1.1538945977218606e-05
-1.0803888130239692e-05
-1.1084161043062313e-05
-1.2306331504119417e-05
-1.0270432893977333e-05
-1.0154485954871895e-05
-1.1015762580113275e-05
-9.354026632935053e-06
-1.0572623262428138e-05
-1.000636284403944e-05
-1.072760615050683e-05
-1.0869534695534533e-05
-9.876316834855903e-06
-1.1016793941776015e-05
-9.736756069245178e-06
-9.767626808154795e-06
-8.545789613012555e-06
-8.36633449097235e-06
-1.2352987717956232e-05
-9.7227663954369e-06
-1.3229053176577743e-05
-1.2662993273238055e-05
-1.1438791031159745e-05
-1.1484033993369724e-05
-1.1213132293408368e-05
-1.2998187283452811e-05
-9.624969344035339e-06
-9.68736870504694e-06
-1.139495488905462e-05
-1.2068778002416458e-05
-1.1077272627058043e-05
-1.0975759911158178e-05
-8.397777956414831e-06
-1.2955573301720591e-05
-1.2539199219341324e-05
-1.0013218540716462e-05
-1.047798709624681e-05
-1.131998223108388e-05
-1.0840997696659471e-05
-1.0870499449477933e-05
-1.2989090637682832e-05
-1.0882298436210025e-05
-1.1227778294098378e-05
-1.1498029525769393e-05
-1.085377708570645e-05
-1.1038621775150137e-05
-8.904214430727198e-06
-1.0625783883944084e-05
-1.0099741792279904e-05
-9.314303188567852e-06
-1.4317401883512382e-05
-1.039684047504652e-05
-1.1555405963314946e-05
-1.0240590880117306e-05
-1.1679282515053568e-05
-9.901613711560397e-06
-1.0373445515465818e-05
-9.680613282991857e-06
-1.0175433153125635e-05
-1.1168778780323851e-05
-9.062048997310335e-06
-1.1078586915902466e-05
-1.0836221878307573e-05
-1.0557936684474356e-05
-8.469339784100693e-06
-1.0400048419512142e-05
-1.2293501678306562e-05
-1.059834033478868e-05
-9.885315268243211e-06
-8.375751280487176e-06
-1.0970069399929283e-05
-1.0243781148666642e-05
-1.024903715290959e-05
-1.2634901578767455e-05
-9.49172377040508e-06
-1.0959564024526358e-05
-9.201309114303946e-06
-1.0304901054858373e-05
-1.075451290499796e-05
-9.966973249009303e-06
-1.079748700411054e-05
-1.0339802413661392e-05
-8.550604517376659e-06
-8.829414072986097e-06
-1.1761725743519857e-05
-1.0345149197121817e-05
-9.582615405900885e-06
-8.710323363469996e-06
-9.572028850879377e-06
-9.069406628481325e-06
-9.329947161962338e-06
-9.250260786297648e-06
-8.369995387280671e-06
-9.489480847335585e-06
-9.405321645228337e-06
-1.0898922384539045e-05
-9.323598513522047e-06
-9.355701173996422e-06
-9.407783117199031e-06
-7.99655138328248e-06
-1.0313364465330821e-05
-8.252437496025777e-06
-9.227810428058536e-06
-8.695803125013946e-06
-9.625392545065115e-06
-9.449656538651485e-06
-9.117110700784803e-06
-9.36687536506886e-06
-8.832738518760319e-06
-7.650566967054573e-06
-1.0711611919900221e-05
-8.976488231449142e-06
-1.0582930666358514e-05
-8.64629089558644e-06
-8.502917310915237e-06
-9.871474678069259e-06
-7.899268668343229e-06
-8.401011237613165e-06
-1.0047949328684247e-05
-9.816021175390599e-06
-9.154893885587878e-06
-9.125870057524743e-06
-7.696586879435419e-06
-7.776472078613317e-06
-9.571843362754517e-06
-8.254005924135388e-06
-9.30914159108509e-06
-8.006309510200094e-06
-9.037375697962258e-06
-7.963760918605622e-06
-7.852054708490375e-06
-9.56315510597383e-06
-9.259224115432119e-06
-9.170325698026893e-06
-1.1003327468062096e-05
-9.50049996084612e-06
-8.828497850665862e-06
-7.793295588698346e-06
-7.79115852261869e-06
-9.940028825039526e-06
-9.399172934576594e-06
-8.59241806522304e-06
-9.478391381156914e-06
-7.09734760911962e-06
-7.977153623495159e-06
-7.703605606868003e-06
-9.468298136305897e-06
-1.0002638201223046e-05
-8.74716983212398e-06
-9.948394172343278e-06
-9.84610946141995e-06
-9.816656847516647e-06
-7.044220888430264e-06
-9.090873759387552e-06
-9.425375486593612e-06
-8.184704553382272e-06
-9.259090474889042e-06
-9.381174961853311e-06
-6.999960833087293e-06
-9.212981738171422e-06
-9.162468450674144e-06
-7.688249951731674e-06
-8.520100345299486e-06
-7.4999768437944425e-06
-8.964840898517679e-06
-1.0087753941623312e-05
-8.973111813248558e-06
-9.106943871406425e-06
-7.63765336569966e-06
-7.549281161034482e-06
-8.119827225372411e-06
-8.230719907575956e-06
-8.316941755293072e-06
-8.097433266129883e-06
-8.011555314269003e-06
-1.0081573832365631e-05
-8.545548806471182e-06
-9.1821084235999e-06
-7.565543643173189e-06
-8.012462233863982e-06
-7.0935565178453786e-06
-7.558754815617519e-06
-7.888552196799736e-06
-8.63578907511764e-06
-7.64614540055275e-06
-6.352203061332773e-06
-6.632788684290958e-06
-7.428351964322566e-06
-8.384138434347488e-06
-8.291743677057983e-06
-7.2364333251195845e-06
-7.599885331055489e-06
-9.870600791606066e-06
-8.954122519999608e-06
-8.602113904909725e-06
-7.612031847958889e-06
-8.432956391912771e-06
-6.900683895305626e-06
-7.4316038569111065e-06
-7.27432761843394e-06
-8.505782301881926e-06
-7.475932205014413e-06
-6.964444375645584e-06
-7.647782142350401e-06
-8.56881078914462e-06
-6.81362782617434e-06
-7.080504159540091e-06
-8.039398785408824e-06
-8.888269241669189e-06
-8.734766747953149e-06
-8.35326272685677e-06
-8.324896676459304e-06
-6.834515518527873e-06
-6.4339153860171194e-06
-8.441386134594442e-06
-8.433055646295262e-06
-8.095392412588165e-06
-7.230447506778592e-06
-8.656841027299134e-06
-7.442890331443852e-06
-7.911217766221057e-06
-6.36524700781127e-06
-6.964810901732843e-06
-6.928545462581148e-06
-7.55853560513442e-06
-8.42206520340616e-06
-7.133294082917185e-06
-8.320791681004636e-06
-7.491799471570637e-06
-6.968691345254907e-06
-8.376242460361727e-06
-7.952256142862435e-06
-8.857682454066484e-06
-5.796186139883641e-06
-8.172849228549328e-06
-7.687320779659057e-06
-1.0528680406574065e-05
-7.1111307983762195e-06
-8.719727078942974e-06
-7.838165396234498e-06
-8.005255674292666e-06
-8.329296560971589e-06
-8.680489607226782e-06
-7.745293248040408e-06
-7.109496494850376e-06
-7.417956792099556e-06
-8.054651960409664e-06
-6.649291273586044e-06
-6.72413090685442e-06
-7.460837161077372e-06
-9.052853564006647e-06
-7.632715963656889e-06
-7.156909728578409e-06
-6.736822815600618e-06
-8.15875583393133e-06
-7.153769963519352e-06
-6.823120131282945e-06
-6.745628332083253e-06
-6.504785365013532e-06
-6.808157419935235e-06
-6.779060645556445e-06
-6.381959428147788e-06
-7.572394616128797e-06
-6.929500847296932e-06
-7.716586695349914e-06
-6.390951290902169e-06
-6.5626797771667356e-06
-5.983773782580748e-06
-7.670933462378127e-06
-8.113878961601984e-06
-6.454326908267305e-06
-5.93024167888645e-06
-6.812791381094474e-06
-8.203716231169889e-06
-8.84677875456763e-06
-6.599079236280225e-06
-7.965207280635767e-06
-6.365476808933845e-06
-6.450319492312673e-06
-7.209635836835648e-06
-6.593656158959682e-06
-8.889559833968885e-06
-6.424058594911575e-06
-8.154329495080326e-06
-6.433493256907674e-06
-7.089067708465624e-06
-7.429286170146376e-06
-6.182141928434692e-06
-6.486910109348987e-06
-5.7981927507611e-06
-5.77868947543303e-06
-7.613181076226994e-06
-7.250608565045891e-06
-6.4518228878318595e-06
-7.3128347559126006e-06
-6.919604446653516e-06
-6.574584138496764e-06
-6.327226788671592e-06
-7.89832265518653e-06
-5.81873043520309e-06
-6.0673475547057265e-06
-7.82406198657215e-06
-6.244043386727238e-06
-6.4270342236549816e-06
-6.287814299343886e-06
-7.678066439642528e-06
-5.970726012050065e-06
-7.631150326203873e-06
-6.832450328952966e-06
-6.009480988500293e-06
-7.0173884514912466e-06
-6.519948593297631e-06
-8.208079759208786e-06
-5.291083332414903e-06
-6.018317535161355e-06
-6.028268023650085e-06
-7.348169849985542e-06
-6.4547240640755454e-06
-5.9661053080639626e-06
-6.415408192961269e-06
-7.029023707694204e-06
-6.982737216942869e-06
-6.295253729304839e-06
-5.54989384188298e-06
-6.553553994037564e-06
-5.4909766872279775e-06
-7.156157948551289e-06
-5.99054513999997e-06
-6.465467395522229e-06
-7.343546644000831e-06
-6.135926257033741e-06
-7.197865560970573e-06
-7.042114410327205e-06
-5.220975402953076e-06
-6.126288591534745e-06
-6.677677676869553e-06
-7.170135708778336e-06
-5.846956722677099e-06
-6.696895953062221e-06
-6.339970089197511e-06
-5.299516816381633e-06
-5.663880921824571e-06
-6.532199876396749e-06
-6.436029828471579e-06
-6.512746679065984e-06
-6.656758082868031e-06
-6.3699078092782635e-06
-6.674053097011079e-06
-5.1170098785413565e-06
-7.5688318215139105e-06
-5.639719110661634e-06
-5.703032982085077e-06
-6.896522110944048e-06
-6.250089209403065e-06
-6.523663472257635e-06
-6.003060395110005e-06
-6.3938316097189585e-06
-6.191323764836998e-06
-5.802509625119079e-06
-5.287190332214919e-06
-6.255038531965962e-06
-5.491462033047068e-06
-6.172952992156144e-06
-5.823688548567407e-06
-5.826283749288397e-06
-6.305930422778605e-06
-6.606976127476738e-06
-7.287811107925535e-06
-4.966841313736037e-06
