-936.438610862691
-0.9900628960456143
-0.9855981725200107
-0.7676572036923643
-0.5885441894032062
-0.519837562009681
-0.47707510441421064
-0.4589560403287986
-0.39408900487830645
-0.45334361358561703
-0.38271688327696934
-0.2954869530326014
-0.25765176749892155
-0.22457498276357923
-0.31871480902821986
-0.22007150661290537
-0.3602392610133138
-0.2153932208263536
-0.21670120971648482
-0.19965735442881993
-0.20823134174284325
-0.16232472598049114
-0.1592084733428355
-0.22050934910578635
-0.11671351935859725
-0.18378833528066985
-0.19413121072263678
-0.1472751686043533
-0.15654772081632506
-0.21560693715139195
-0.10892844573047517
-0.13711654929432576
-0.20997723074404345
-0.09636594999353792
-0.07901307890088627
-0.06691329274092422
-0.05489686576408065
-0.04600563179238293
-0.07312559279287667
-0.046059168040417486
-0.014689521592630927
-0.011854454985622098
-0.027026458654758057
-0.032234811973118505
-0.04108676316401222
-0.011201084408062334
-0.014255458297561752
-0.012653039855701709
-0.01133282824518611
-0.010943133193408117
-0.010186349612759216
-0.012047409042175716
-0.018778956371188316
-0.010069019497182308
-0.025229499643533104
-0.010262947900283481
-0.011355072062662508
-0.009777457942292678
-0.011504980841150758
-0.009760319461784794
-0.009920373124339577
-0.009776844944152985
-0.009128908398152946
-0.009559218740451347
-0.009060694067705988
-0.008435503224368035
-0.00880888723449269
-0.008443899012257505
-0.007964640829392633
-0.008143903308251321
-0.008873941795472406
-0.008835904686020968
-0.00862854564007054
-0.008205198095212252
-0.007734590593838853
-0.005964416720037113
-0.006856793282109308
-0.0064860580005914326
-0.006095954563448802
-0.006304710856439799
-0.004847413387853772
-0.005110818443034293
-0.004588026177147819
-0.0035118169828921575
-0.0038407720911777243
-0.006017650980672307
-0.0034017026698575092
-0.003122811115918833
-0.004239131241564165
-0.003534750169343681
-0.0022062324576518355
-0.002793735712553702
-0.002509963955725447
-0.003956226072197588
-0.0021301877563326688
-0.003760702096949231
-0.0025541761525322837
-0.0021473080715620485
-0.002267994876408941
-0.0032079476133901608
-0.0038567356789867002
-0.00240112116054203
-0.002381865116452331
-0.002854194572245783
-0.0026740448183615317
-0.0025229194723217496
-0.0018473951641296837
-0.0022957053335841415
-0.0016594778847593972
-0.002780387769455661
-0.0018547633883655434
-0.0024852860576014546
-0.001534403229153547
-0.0015814352570573398
-0.001843507999055638
-0.001604131837733891
-0.0017225290173692454
-0.0026167335902655964
-0.001848661474181501
-0.0016792987784781666
-0.0020852157099192636
-0.0013621878292074951
-0.001731200442034786
-0.0011894958446858617
-0.0014139418207849141
-0.0016848008568052242
-0.0012769788575294205
-0.0014318010687289773
-0.0012605697636205448
-0.001211111219349359
-0.0009415175676075194
-0.0009893655038986093
-0.000984906147790121
-0.0013387112550763414
-0.0013033511913470575
-0.0011178699292090366
-0.0008670811304986037
-0.0012067617104476458
-0.0013181346468695843
-0.0010245186184384414
-0.0010417738592281012
-0.0014486296325844084
-0.001033621207907065
-0.0008598933194393643
-0.0008050095269969137
-0.0009734028180109489
-0.0010722450243570991
-0.0007481208999423616
-0.0007599283900151521
-0.0008640972986337925
-0.0008010867151049261
-0.0006651450408113879
-0.0007638731673257348
-0.0005106963838414913
-0.0009799069249554204
-0.0007037194602019792
-0.0008211771208598284
-0.0007404470116454398
-0.0007237804107838031
-0.0007851699821166402
-0.0009143861110026963
-0.0007290552692321706
-0.0008104497431076219
-0.0006551068633191548
-0.0007539177874348324
-0.0008098983097437618
-0.0006684128645546572
-0.0005894248808921976
-0.0006679653290777576
-0.0006888293999648409
-0.0005568296514475435
-0.0006245822805893697
-0.00045369056261856944
-0.0006258080344591077
-0.0005512108296413798
-0.0006621258041241695
-0.0004956375897732235
-0.0004223157947923495
-0.0005399714512211995
-0.0005462281559657223
-0.00047012885420372186
-0.0006018808143950505
-0.00046534804033793176
-0.0005795096378075071
-0.0005334915332284584
-0.0004221080775008712
-0.00044211872916744
-0.0005291216392460107
-0.00041204829248087105
-0.0004041171099107288
-0.00038421790071330175
-0.0005617635395956944
-0.00040795174303331905
-0.0005698334795511961
-0.00041649406273136513
-0.00047115590685575803
-0.0004148616721891818
-0.0005151714207408675
-0.00037664221836097855
-0.0003518547273254624
-0.00040259669295772404
-0.0004091116328038824
-0.00032664172116936285
-0.0003243218218058619
-0.0003229809543158213
-0.0003466668163112363
-0.000551082362447497
-0.00040969009624802766
-0.0003306998139874784
-0.00042195382670140447
-0.0003183209989914282
-0.0004073800288869611
-0.00029051344495800713
-0.00025521562505192996
-0.00033977983726629635
-0.0002935820340764783
-0.0003256094041942381
-0.00027620429989660966
-0.0003129250620504953
-0.00027152649814765617
-0.0002525745756836173
-0.0003359174936581333
-0.00032797025293762605
-0.00029241612098263037
-0.000258595098484915
-0.0002096928871749837
-0.00029834512944915126
-0.0002474066373993056
-0.0002450977941766963
-0.0002705709240883314
-0.00032160681054083096
-0.0002489610499013528
-0.00023957376090788518
-0.00027875020557044383
-0.0002312281235559155
-0.0003585934020108317
-0.0002264975696140148
-0.00021908274704307562
-0.0002190056883093483
-0.00024213547810614244
-0.00019596211845041012
-0.0001902160834158506
-0.00025412889080145273
-0.00022525603991008225
-0.0002663789034910158
-0.00021895353714840304
-0.00018231020405823362
-0.00022253538511851634
-0.00023543783431301257
-0.00020400884334781377
-0.0002285653182484415
-0.0002235879844337818
-0.00020060707038893622
-0.00023827776886309326
-0.0002301443935167624
-0.00020314284681688388
-0.00018288532931620693
-0.00014833890482823797
-0.00019491421869899384
-0.00020590002200004953
-0.00021387219422641657
-0.00019641302905748503
-0.00012908182271931246
-0.00017107787218906267
-0.00017374226778665847
-0.00019495830377469492
-0.000232407037013882
-0.00021499731569196712
-0.0001845473816716181
-0.00015808778913517507
-0.00015793861015123145
-0.00019231427547539148
-0.00019959517709189356
-0.00020241784337549085
-0.00016517541718263917
-0.00021904704542741182
-0.00023284398428946584
-0.00015495013810962188
-0.00015158354302358124
-0.00014638678252609783
-0.00020442283217847468
-0.00014991578318790388
-0.00020349713258804858
-0.00019057573575420594
-0.0001738243857588584
-0.0001696331150742303
-0.00014120807111039912
-0.0001284658716790288
-0.00012539911050379882
-0.00014681575444963624
-0.0001366438468385356
-0.0001405980148714292
-0.0001391324942278116
-0.00014199915454149448
-0.00015559230609873964
-0.0001417909890103486
-0.0001398757337708334
-0.00012280565986122483
-0.00012624253128523666
-0.0001313481894005264
-0.0001064148020355482
-0.00010379728191167725
-0.00012215469448229044
-0.0001531872010039903
-0.00012868601306426086
-0.00013895874984515277
-9.934955989565619e-05
-0.0001340139189163203
-0.00013172912361292255
-0.00012030027078402394
-0.00011189092083707664
-0.00013488903218572545
-0.00010562522756651926
-0.00013023027745884264
-0.00010780812392907624
-0.00010657220678922386
-0.00010034990935536836
-0.00011526337640299644
-0.00011642064517802808
-8.860592221671126e-05
-9.523223549878779e-05
-0.00011028232070975363
-0.00012113121667800542
-0.00011151581935364696
-0.00010025455835660502
-0.00010576557993569047
-8.477583153287949e-05
-0.00013516603164587249
-8.537136104336263e-05
-0.00010486965353373456
-8.19622306211798e-05
-9.47703847947734e-05
-8.84497304747267e-05
-9.989143582966875e-05
-9.193651894268129e-05
-9.693942298694136e-05
-8.318783054106493e-05
-8.665187723477796e-05
-8.254515384820138e-05
-9.408930389731562e-05
-8.412099439225607e-05
-7.812914766025525e-05
-6.507256383847526e-05
-7.877575568726591e-05
-8.71049266162327e-05
-7.205158086986962e-05
-7.925260646224341e-05
-7.821627810389309e-05
-9.554077774276415e-05
-8.397391041892188e-05
-9.47001096086586e-05
-7.297967174069164e-05
-7.14799423472412e-05
-7.727659994671843e-05
-8.290915166053736e-05
-8.304581439011471e-05
-6.869270116605097e-05
-5.903267762241704e-05
-8.450203225385255e-05
-6.941997826326318e-05
-8.250245673879775e-05
-5.280125379947265e-05
-9.716905064627301e-05
-8.182316673699397e-05
-0.00010308245906076596
-7.366608122993945e-05
-6.81604761405552e-05
-8.179786827555713e-05
-7.439795260799631e-05
-6.640400905222332e-05
-8.026859505649853e-05
-7.287261350985563e-05
-7.594455484505325e-05
-5.5890121112178726e-05
-5.6241657138023093e-05
-9.204045535127214e-05
-8.587023465744803e-05
-7.564261471515454e-05
-6.0871116144167736e-05
-6.68824678946578e-05
-6.662546952718174e-05
-7.041981993105573e-05
-7.956269105813263e-05
-7.015450074987495e-05
-6.114371462118129e-05
-7.715562776389184e-05
-6.467237405116677e-05
-6.953792886910115e-05
-5.22994372984531e-05
-5.7408822943250115e-05
-5.385486739983847e-05
-7.396218833410906e-05
-5.573600809549717e-05
-5.969904637570522e-05
-6.786520565227327e-05
-6.23249498109546e-05
-5.496686917205729e-05
-5.1831662162049597e-05
-5.819720126720718e-05
-6.15418524979594e-05
-5.486483015060273e-05
-5.313952561658564e-05
-5.0713862630669126e-05
-5.825803506920302e-05
-5.2257544834399816e-05
-6.108519030811888e-05
-5.0398835241605155e-05
-4.8844706980633035e-05
-5.3424296320159215e-05
-4.3634964565941736e-05
-4.8777845271574805e-05
-5.296008138466757e-05
-4.458765837311862e-05
-5.484203616801242e-05
-3.8286295205414156e-05
-4.5336903829684694e-05
-5.974531825136964e-05
-4.8423249215723274e-05
-5.417565054011142e-05
-4.8897908271228196e-05
-5.824209240978817e-05
-4.692733867794896e-05
-5.6417186660495666e-05
-5.7650194521419174e-05
-4.9635988910723405e-05
-3.8535872301403984e-05
-4.489871045343374e-05
-6.480538450148732e-05
-5.317599194354372e-05
-4.7921650797255744e-05
-4.775557488334581e-05
-5.063147597272888e-05
-4.48104516295178e-05
-4.576284440405143e-05
-3.58907575953582e-05
-4.277518967166216e-05
-4.663751874678379e-05
-3.961292383858339e-05
-5.933469187491269e-05
-3.473925674046807e-05
-5.062788020238074e-05
-3.955301503433262e-05
-4.9665646493557425e-05
-4.548529972814297e-05
-3.81411787339081e-05
-4.33742801653203e-05
-3.849534517752495e-05
-4.175297312769555e-05
-4.5740933284021956e-05
-4.184370277016125e-05
-4.314061635823929e-05
-4.5352876950177645e-05
-4.249686413759779e-05
-3.0189118725987285e-05
-3.901208350731711e-05
-3.995077774121558e-05
-3.59765682219626e-05
-3.0934717528241507e-05
-4.414157646559502e-05
-4.2533832076085965e-05
-3.7006044602327925e-05
-3.845179061445769e-05
-3.3978813416490894e-05
-3.2242892385903055e-05
-3.286225726850667e-05
-3.6739305628863406e-05
-4.0683700914478926e-05
-3.884411322341297e-05
-3.154798858173713e-05
-3.204872777784473e-05
-3.342032872299949e-05
-3.1714132535998196e-05
-3.3202995715742034e-05
-3.242934254188423e-05
-3.036900437758394e-05
-3.4240817960329295e-05
-3.310818114932168e-05
-2.9181962539759354e-05
-2.9509474121613977e-05
-2.831924928692331e-05
-3.346344300825255e-05
-2.877198084771937e-05
-2.91366515056124e-05
-2.6530783503453392e-05
-2.687735200057606e-05
-2.8635229874396373e-05
-2.558573936517483e-05
-3.085761150245503e-05
-2.9566951698201116e-05
-3.0302565767748035e-05
-2.6070101401431955e-05
-2.703950645677189e-05
-3.586001785060855e-05
-2.804506925047079e-05
-2.8034745454097454e-05
-2.6564170106047058e-05
-2.4091767083511684e-05
-2.7568622827267575e-05
-2.2262428275743318e-05
-3.580132976199746e-05
-2.7232570875002082e-05
-2.1420369340274803e-05
-2.550661863709447e-05
-2.681611789367988e-05
-2.3670748737769642e-05
-2.5274562531096834e-05
-2.95222408865925e-05
-2.6117464077768382e-05
-2.436228600077861e-05
-2.6308019229537294e-05
-2.590003990898815e-05
-2.236645475817145e-05
-2.2054468045262787e-05
-2.2197244795463256e-05
-2.216398821230925e-05
-2.2330740005349625e-05
-2.189860777568331e-05
-2.134486644067568e-05
-1.8672198317082334e-05
-2.8594541807480667e-05
-1.952405022331849e-05
-2.6126077226185096e-05
-2.025857695486799e-05
-2.3608639072802973e-05
-2.1361725075497162e-05
-2.915531275393679e-05
-2.614371419629169e-05
-2.2957415584001772e-05
-2.6292635627145344e-05
-2.3545372647038043e-05
-2.2369653000176015e-05
-1.723770409978176e-05
-2.0820058783455053e-05
-1.8907914033139406e-05
-2.1823104407237004e-05
-1.8765865121284087e-05
-1.8160265371935935e-05
-2.097760747288291e-05
-1.878362520202348e-05
-2.428030386825153e-05
-1.7150385551500946e-05
-1.9028432720835653e-05
-2.609165447953199e-05
-1.771318449694803e-05
-2.4955302678986158e-05
-1.7337035178588422e-05
-1.90207014225674e-05
-1.7642893906932855e-05
-1.669485188504627e-05
-1.6063767489082892e-05
-2.28450639588873e-05
-2.112165217882378e-05
-1.855915600668112e-05
-1.7324972127363836e-05
-1.7727074769102735e-05
-1.6542730660762395e-05
-1.573082812245108e-05
-1.6547545710565714e-05
-1.736189083434425e-05
-2.037452346592694e-05
-1.5657563464333002e-05
-1.3828159077688973e-05
-2.039642553997023e-05
-1.3103363558530923e-05
-1.651664049617807e-05
-2.0849154568902684e-05
-2.060616043086938e-05
-1.583969186758072e-05
-2.1904174315467984e-05
-1.740063734889663e-05
-1.6039046624283237e-05
-1.8884167458876888e-05
-1.6934979455984767e-05
-1.3519482827795137e-05
-2.508539947021493e-05
-1.4058942167660682e-05
-1.7666626433765487e-05
-1.5442159941536637e-05
-2.0041743632348563e-05
-2.1764180960670565e-05
-1.5673267410809544e-05
-1.301923177399189e-05
-1.8970948287511114e-05
-1.8033745264989243e-05
-1.9285397364510182e-05
-1.6234023951233745e-05
-1.3521729741006183e-05
-1.4258420996338117e-05
-1.537181592292658e-05
-1.573586964409568e-05
-1.4676014012948713e-05
-1.2636348031280775e-05
-1.347595910616839e-05
-1.5274725447156356e-05
-1.3682857387009584e-05
-1.4739708648736638e-05
-1.3245747456980261e-05
-1.416340195925514e-05
-1.1779585683546756e-05
-1.4854423901700109e-05
-1.554497188971382e-05
-1.2698240238417924e-05
-1.0280930296646673e-05
-1.542913624508202e-05
-1.3023331942418892e-05
-1.5500481361119256e-05
-1.2011648718002199e-05
-1.375078352661152e-05
-1.5660890741120426e-05
-1.3675896252562936e-05
-1.083439120319607e-05
-1.0771952271948493e-05
-1.4749853565421134e-05
-1.1356758063074679e-05
-1.6057003018432603e-05
-1.5363194163953153e-05
-1.1878922802965874e-05
-1.4274801885760802e-05
-1.1043059689463952e-05
-1.1427601274593968e-05
-1.4008713946189744e-05
-1.640642497879874e-05
-1.234998574550783e-05
-1.1805911802609259e-05
-1.174502574297076e-05
-1.2022249390120088e-05
-1.1830716207250624e-05
-1.391537180828184e-05
-1.0732789537448717e-05
-1.033269015171534e-05
-1.1865187853565828e-05
-9.788557977508106e-06
-1.2415185134395657e-05
-9.682236905339536e-06
-9.231941920262443e-06
-1.209727531470417e-05
-1.2030410558305782e-05
-1.1747080562174439e-05
-1.0167208664091376e-05
-9.969709941493043e-06
-1.0949033218188298e-05
-1.0525423590035388e-05
-9.421480297144846e-06
-9.52612628357663e-06
-9.249727833893218e-06
-9.677349224301857e-06
-9.625160061976779e-06
-1.1637045847279204e-05
-8.522259729248916e-06
-1.071851893008624e-05
-1.1390862555193948e-05
-8.309559785701914e-06
-1.3361653232180082e-05
-8.431807017483806e-06
-1.0332792184652995e-05
-8.935033862900177e-06
-1.2895616858688008e-05
-1.0900627127163887e-05
-8.133376247831947e-06
-8.570604226876277e-06
-8.468874477474131e-06
-9.321561971198378e-06
-1.1127852908576763e-05
-1.2165974616284991e-05
-1.0356388574495057e-05
-9.099960211811364e-06
-1.0337523650649771e-05
-1.0457413102571422e-05
-9.160347617442888e-06
-8.694710257661775e-06
-8.729348337621623e-06
-9.645420920190162e-06
-7.969624421622079e-06
-8.11518996257643e-06
-7.472996722768244e-06
-7.85780096368427e-06
-7.655865701727826e-06
-7.624162589592309e-06
-6.913685365206312e-06
-8.926168674094903e-06
-7.383531592131121e-06
-7.341652579651026e-06
-8.23479443712305e-06
-8.106270420693562e-06
-8.499141596507442e-06
-8.169475342767463e-06
-8.111450806813636e-06
-6.904148312170122e-06
-7.1782177241130896e-06
-7.1477846461664996e-06
-6.825797094767161e-06
-7.1060321251703584e-06
-6.997898468696917e-06
-6.8129438486330685e-06
-7.262400603669228e-06
-5.843612053246794e-06
-7.1945552020391546e-06
-8.587416366556688e-06
-7.292045965612282e-06
-7.331838350554953e-06
-6.955113235673771e-06
-6.197408426666939e-06
-6.410655663424691e-06
-5.828898244186753e-06
-6.397439069938393e-06
-6.776437292077553e-06
-6.940035752522888e-06
-5.666019403549605e-06
-6.866745739242397e-06
-7.2527072636496825e-06
-6.3835175356796725e-06
-5.770910009750274e-06
-6.1570873977068175e-06
-5.351041434176196e-06
-5.900612084386303e-06
-6.944710255640807e-06
-6.955840532230084e-06
-5.790920484249895e-06
-6.1406790596851835e-06
-5.4007325015481555e-06
-4.983321988283329e-06
