-623.7248896446936
-1.0214977423177731
-0.510534078682862
-0.2592601211041464
-0.17093517289495863
-0.1197150157944914
-0.12295044126666477
-0.09597375693769777
-0.06928429426214539
-0.07083620072547875
-0.048948369866766483
-0.06104166624491958
-0.02741062214222001
-0.027150052490672816
-0.017887541349062897
-0.013097803106966344
-0.005024156862633911
-0.006370582566792404
-0.006332518185077962
-0.003803400684450453
-0.003178728454900026
-0.002070556612675023
-0.001770880043888201
-0.001617766259231268
-0.0013442437031317978
-0.0012522769575052384
