-992.8479091223229
-1.002506503399924
-0.6687071785782858
-0.46048156054037837
-0.41937905812381315
-0.39211883163655414
-0.384094040886093
-0.3427440586825027
-0.31208985788008625
-0.25823448642968116
-0.29887447247193155
-0.25534677750398166
-0.2278747452185489
-0.2577706611718128
-0.25095548317071503
-0.23888871746722895
-0.1612229429333486
-0.19074552096171798
-0.22403863954308245
-0.2001842560132261
-0.1892978746312538
-0.20720955558109772
-0.1745517177966182
-0.2530686440211916
-0.16334955605531315
-0.1275847840874459
-0.08754498925631238
-0.0931371284049321
-0.09092842173107962
-0.11248138594355356
-0.08923395639715359
-0.08776601081310675
-0.0724458827983685
-0.09352920576460633
-0.10950364367397925
-0.08107434723659473
-0.07212571262657036
-0.05898849915246829
-0.06933478418054656
-0.12178324319601869
-0.11104901756235791
-0.11672045198537384
-0.07993847579889507
-0.08910594397708221
-0.10165429706315554
-0.08600088772077391
-0.07071817105469663
-0.06228695451990446
-0.056890432127375434
-0.0502322780279964
-0.06250275546959916
-0.019135301611177102
-0.018217998410493264
-0.015154613210405843
-0.014452354932120381
-0.02510831122425511
-0.01358220094859569
-0.017103600583334932
-0.0099315866225278
-0.02360387208093534
-0.016396066971340106
-0.00992293994766208
-0.020904398216341602
-0.013475681389828797
-0.010208645171440323
-0.01797270032064935
-0.009824527556957119
-0.016953889862555693
-0.014391586703850712
-0.013847919818918475
-0.009471748458432572
-0.009798222102306409
-0.010152021493170238
-0.01025083544714922
-0.014566003320366228
-0.008487080048551143
-0.008626446871047522
-0.008822216596778898
-0.00832593149926164
-0.00881036404115354
-0.008476904616315672
-0.007841222846704243
-0.008969309268245962
-0.007472493800280977
-0.007386921590958773
-0.007414451615694206
-0.008269809826799535
-0.008478565432213647
-0.007623654202184249
-0.007678975765378793
-0.005820224017484499
-0.007748431830585045
-0.006995247294392382
-0.006376148184455699
-0.006443954990733858
-0.0062679575048008584
-0.006999044312194391
-0.005351187091499232
-0.004834833485758139
-0.007492762538175879
-0.004477974107441884
-0.006999832517045557
-0.006555209305590892
-0.004708370884177804
-0.006482962137302817
-0.005274486340747286
-0.004708826342718075
-0.004503173879821076
-0.006490295204560459
-0.005208125899856975
-0.004408509420531559
-0.003316454619224307
-0.004040168447729475
-0.003165321377488206
-0.0034466850761997736
-0.0032467975601646604
-0.003256782825755311
-0.0027280655574894452
-0.0031489488039341818
-0.004307318719215025
-0.0027520851840172056
-0.002538441665655977
-0.002317979057995967
-0.0028996305926130006
-0.004151588255683958
-0.002530512593505174
-0.003606700574322552
-0.0027485670414728047
-0.0023878852206629664
-0.0027291154726283295
-0.0034593069447567126
-0.0034777241532278347
-0.0019349461764952003
-0.002035148791072472
-0.004209265890976477
-0.0024156224520913705
-0.0020227114013384173
-0.002953263764799874
-0.002734532093573161
-0.0019341115654110674
-0.0020256752408555623
-0.0024198234774456817
-0.0020661964068504624
-0.0030614093602616688
-0.0021515073741186774
-0.0025418406060188636
-0.001987330124335829
-0.0019984407811468596
-0.001748079767178945
-0.0020055440875220154
-0.001981846394540465
-0.001680031845023966
-0.002183775138429822
-0.0018044757492989838
-0.0013325952231695304
-0.0016236917062654177
-0.0017187708975231475
-0.0019918844147939208
-0.0023486663690741594
-0.0015627554308960678
-0.0017107691160341276
-0.001641839035098236
-0.0014488869683312866
-0.0021225800048451093
-0.0015968296954949057
-0.001877863162144111
-0.0011645064298118624
-0.0014630353638186433
-0.0013575269166508086
-0.0013459829053492633
-0.0016816781882043608
-0.0016432242635576744
-0.0015148514953086667
-0.0013766558492905312
-0.0013073005846715446
-0.0015239115096803424
-0.0011369450282351368
-0.0011276465697107607
-0.00162676038344034
-0.001387273510418674
-0.001322089951454719
-0.0013454188199681916
-0.001428524910000395
-0.001084326141588876
-0.001071244973235408
-0.0014557798690199575
-0.0011111394169569522
-0.0012594061046170002
-0.0013044245486005246
-0.0013872798880392168
-0.0011682103113848652
-0.0011561953984158824
-0.0010177041025047906
-0.0011011114714637449
-0.001005970032747272
-0.0012865265790672487
-0.0010197211885582536
-0.001195527372699401
-0.0008110756762391702
-0.001063765484515533
-0.001212484654144308
-0.0008115862262638718
-0.0008958174733926239
-0.0010424220437746379
-0.0010403079929017234
-0.0011062586831659948
-0.0010548137640976618
-0.0009547718049615628
-0.0010543872203941373
-0.0008652081618699681
-0.001034282208855597
-0.0010303479192788068
-0.0007517441486620813
-0.001180721665001161
-0.0008707027193622374
-0.0008897132906667826
-0.0008245535693754968
-0.0008222320997814947
-0.0010538161027068282
-0.0009317749086484306
-0.0011319465138691642
-0.000781954165974541
-0.0006972997918288093
-0.0010982652569409557
-0.000938953203749926
-0.0011142479116712511
-0.0007812280810539085
-0.0010837290647308095
-0.0008745126319119612
-0.0008955979940757919
-0.0008833588151587191
-0.0008937672755446879
-0.0009520569582233129
-0.0008538628851220142
-0.0009695847233122667
-0.0007386969877983263
-0.0007376307093781009
-0.0010142550768890701
-0.0008654575205613302
-0.0007474266954983766
-0.0006879126604633634
-0.0008470434847578368
-0.0006077410492287827
-0.0008013250608136513
-0.0008752825288061428
-0.000695687178928317
-0.0006287927427955919
-0.0006579309044580373
-0.0007003205952999525
-0.0008817525352867173
-0.0008089129317579435
-0.0007692108899785555
-0.0006675756700001978
-0.0007541351958644804
-0.000699644041149361
-0.0006740769295255356
-0.0006230627608506123
-0.0008500579098219552
-0.0007161708130799527
-0.0006546218556460759
-0.0007733965418482702
-0.000734597828662531
-0.0005681606507271231
-0.0007036630734423288
-0.0006989390541671248
-0.0006250974898370232
-0.000577325871942147
-0.0005546874196922791
-0.0007049601194405453
-0.0005967925802100038
-0.0006144657889337601
-0.0007332723207096326
-0.0005184852305935572
-0.0006082317115213565
-0.0007470774869123287
-0.0005887394337575902
-0.0006012480737961345
-0.0005926613147096416
-0.00043364491698399954
-0.0006022872417332792
-0.0006194174062804647
-0.0005785705296558752
-0.000532551783637647
-0.0005877399028332841
-0.000535916883551868
-0.00042760930768004357
-0.0005105804425827865
-0.0005633722440836486
-0.00048628982688364575
-0.000555039793094958
-0.0006502851076128358
-0.0005353187138506521
-0.0004880127880865226
-0.0005451781172191028
-0.0005840771540525647
-0.000765878674164111
-0.0005687382864504875
-0.000534031483663433
-0.0005388981526519565
-0.0004553146889952897
-0.0005423081448887035
-0.0005050706208196698
-0.00047933290994611744
-0.0003779190719984671
-0.0005753985681394846
-0.0005338933143783642
-0.0005606362368199558
-0.00046888790250176893
-0.0004831369085592785
-0.00046576821581145733
-0.0005159185962338997
-0.00043682040919917897
-0.000362950801629347
-0.0004911114439694608
-0.0003573129901343064
-0.00039728710066327944
-0.00043340507545452933
-0.00043184847674887505
-0.00044479014266696204
-0.0004268404085885358
-0.00043610172258967683
-0.00041665889707259707
-0.00043572973487121525
-0.0003854245010437851
-0.0003797979254446249
-0.000600720325627857
-0.0004096378518037014
-0.00037738233072309724
-0.0003207886961399953
-0.00037045318613260214
-0.0003759370938146156
-0.00035472777442813186
-0.0003643442043936851
-0.00033870759088006075
-0.00034151016022448966
-0.0004995600051042604
-0.00039210134995698587
-0.00048633150480370535
-0.00035509917800341517
-0.0004090650203528168
-0.00039985170785150626
-0.00040914830056615337
-0.00032985790270018134
-0.0004125849383390112
-0.00036118405452723046
-0.00033502376583394167
-0.00041098062316513584
-0.0002998047931377923
-0.00041873884951942886
-0.00032038904222098097
-0.0004440607165857591
-0.00036450460330983425
-0.00037027313100984616
-0.00033947839251607936
-0.0002748133393631891
-0.00040627905182460955
-0.0003711546684872502
-0.0005253717543467484
-0.00029840727551705415
-0.0003899696701242239
-0.00029326778361482564
-0.0003384435940242403
-0.00039526310769866235
-0.0003606226694098935
-0.0002927695993292234
-0.0002793750849026666
-0.00034432618026464246
-0.0002760417860160347
-0.0003103947343361946
-0.00027025920848844365
-0.00028950315914905156
-0.000285333640260399
-0.00026205541375429187
-0.0002858226544593112
-0.0002883315011588672
-0.00030300557909362924
-0.00035880306949498397
-0.0002992018413306985
-0.0002518685831549572
-0.00036181682624403244
-0.00029609955224979556
-0.00029940595335542497
-0.0002954718982122184
-0.00026547338935212217
-0.0002846001454162028
-0.00031077889428887673
-0.0003153935488006132
-0.00023468587652741846
-0.0003439947120357778
-0.0002754540196391875
-0.00038931701290850773
-0.00031420290139339
-0.0003024244663284992
-0.0002694908886355929
-0.0002838263220789061
-0.00028387762429016306
-0.00030617865419141355
-0.00032204952880954263
-0.00020651329425819265
-0.0003092823048250759
-0.0002708567655363425
-0.0003196137481505934
-0.00023376563270660622
-0.00026830974091751614
-0.00022178479827483777
-0.00036910041047905073
-0.00026708241858036663
-0.0002869702525830631
-0.000260692686302022
-0.0003462057994828571
-0.00025311650932130503
-0.0003077058011741185
-0.0003303408651905704
-0.00029687890761975755
-0.0002589595074167783
-0.00026563493668263494
-0.0002732257574685759
-0.00019745515514590917
-0.0002734516494365402
-0.00024600067463670383
-0.0002883039725307124
-0.00026722121353889294
-0.0002743961004905704
-0.00021635491045901567
-0.0002674673628544344
-0.00020769769018674777
-0.00033460433730536643
-0.0002630687278036836
-0.00022642595324379178
-0.00025352778728976455
-0.00016957539081002837
-0.00025294714416462805
-0.0002897198309316784
-0.00024275070998680537
-0.0001871256818390954
-0.00023760636199210428
-0.00022581609388794277
-0.00025836897131464864
-0.00024788806021891485
-0.0002050456053258598
-0.00027965091537779374
-0.00023879094758272323
-0.00020298499093546196
-0.00025041333057684856
-0.0001991023856536267
-0.00020615445032096114
-0.00021861948073720328
-0.00021336333059474022
-0.00023871673570524665
-0.000259629365748304
-0.00025392543307634075
-0.00018475244538579405
-0.00022948334411782012
-0.0002449216606483784
-0.00021624172289458343
-0.0002444596596203885
-0.00021623825756883486
-0.0002596349888113192
-0.0001883037431307799
-0.00023220497968085008
-0.000187958576801317
-0.00018826938671401283
-0.0002592733065778785
-0.00015965552608387945
-0.0002242540831036144
-0.00024011638489684906
-0.00021204797039242607
-0.00023481452798151947
-0.00024744858871994513
-0.00018589621833964287
-0.0001977910018189366
-0.0002156433509569733
-0.0001858996165016169
-0.0001790736599707743
-0.00018131576928320792
-0.00020700408822232896
-0.00014952135681800538
-0.0001777315155984116
-0.00017114642991344908
-0.0001745778720267377
-0.00017856385612596837
-0.0001676788610435742
-0.00014165875104127368
-0.00018545926165636217
-0.00017106461317384358
-0.00014892010913547526
-0.00015943149447544824
-0.00017292612241143202
-0.00013962661597993753
-0.0001841893591803534
-0.0001583832699615373
-0.00017496629345703507
-0.00017239212836434037
-0.00015094107428076375
-0.00016241044993248188
-0.00016617466394325264
-0.00014083557044036743
-0.00015068197760720325
-0.00015622581580237993
-0.00017413874080673963
-0.0001455530158342988
-0.00016183723342899636
-0.00013411019924153278
-0.00016022836863066603
-0.00013132383463454467
-0.00015493636927982335
-0.0001370915253662286
-0.0001259190797691101
-0.00014340200805745829
-0.0001786170431264944
-0.0001255153862195213
-0.0001575813587719188
-0.00014987480422024024
-0.0001467062255816609
-0.0001928727328012747
-0.00016903429020176386
-0.00017180473070993463
-0.00015166394730081745
-0.00013441967168692504
-0.00015218848001730123
-0.0001315579693413893
-0.0001569979014625078
-0.00011756759357733904
-0.00014423824283077424
-0.00013155665571040753
-0.00011126755942619804
-0.00012523424002836014
-0.00013104144027853426
-0.00012260918603823612
-0.00012834091789265534
-0.00015816615604491435
-0.00012408243852063405
-0.00015240689837286991
-0.00016575189711393046
-0.0001488246454156017
-0.00012158831612379961
-0.00012123281098025407
-0.00015503044306197644
-0.00012708028630298296
-0.00011432261108640374
-0.00015268602930301745
-0.00011692723004735894
-0.00014574470877642964
-0.00013391048011557327
-0.0001480551502234806
-0.00013792810941304356
-0.0001482782506990743
-0.00013485495979531636
-0.00010634339778237134
-0.0001186673911718894
-0.0001316549865897354
-0.0001280428996090488
-0.00012940839586011998
-0.00010369089811435028
-0.0001172211257246536
-0.0001247168961269196
-0.00011569931793636856
-0.00011372612035709384
-0.00010360464287123561
-0.00010984949524572851
-0.00011571211412214621
-0.00012018718354567248
-0.00010306983543861836
-0.00012706896625741537
-0.0001133311815696425
-0.0001289772975950898
-0.0001115543743209213
-0.00013005712992775198
-0.00011617132149749354
-0.00010263776154745274
-0.00012020112812499706
-9.616872094442286e-05
-0.00010950636351242382
-0.00010753566090659916
-0.00010837857202816714
-0.00012393811565714064
-0.00010429081209745172
-0.00011440399758394504
-8.248313413550257e-05
-9.512493642221953e-05
-0.0001041424864362539
-9.863544067872931e-05
-7.777695364274972e-05
-0.00010027718588917489
-0.00010290430440823561
-9.329303441468761e-05
-0.00011539607914073935
-9.48505674704947e-05
-0.00013148355127301503
-0.00012326419796132582
-0.00010236589068324253
-8.863019465321642e-05
-0.00012656321023207795
-0.00010149383270297019
-9.291348329698579e-05
-0.00010191575212964432
-9.619065815197336e-05
-9.756766892521362e-05
-9.234114018757955e-05
-7.42871802464351e-05
-0.00010591864384468241
-8.36410350310568e-05
-9.490193792399682e-05
-8.369121716406136e-05
-8.331504956077262e-05
-9.404276290481128e-05
-8.526101653588691e-05
-0.0001000926264577151
-9.393363714615965e-05
-0.00010722120065154161
-9.218508554437177e-05
-8.1743974611026e-05
-9.59961289926925e-05
-9.433451770157752e-05
-8.775444720421355e-05
-7.532337830301605e-05
-9.601413979432039e-05
-0.00010058537408047519
-9.642574500912104e-05
-7.583800162841436e-05
-8.223329670836721e-05
-7.102727785790464e-05
-8.388851764151717e-05
-0.00010183271485475487
-0.00010521423132037189
-7.677828734087289e-05
-9.101426005603264e-05
-9.868219281666812e-05
-7.677710494069512e-05
-7.082079901571392e-05
-7.476872062084361e-05
-8.879319007409903e-05
-9.246824196418313e-05
-9.760153085092149e-05
-8.118798110423597e-05
-9.178108102519955e-05
-9.385439175868537e-05
-8.741089585923012e-05
-8.357230466154997e-05
-6.824207827660356e-05
-8.308542421231468e-05
-7.502354191479821e-05
-8.872898366513171e-05
-7.155450247953166e-05
-7.850445709106646e-05
-7.360668485700828e-05
-7.021043255556192e-05
-7.256071165440137e-05
-7.225286540929465e-05
-8.910278917612091e-05
-7.127008513752031e-05
-5.969810266093223e-05
-7.913358717176466e-05
-7.463922518852195e-05
-6.859874447784353e-05
-5.976372887739334e-05
-7.64340728141022e-05
-8.087822459412752e-05
-6.533963839028267e-05
-6.215433190248643e-05
-7.42284670441351e-05
-6.319892358314094e-05
-6.308323165288288e-05
-7.492536591846566e-05
-6.486800177085694e-05
-5.971941280075166e-05
-7.072856126499882e-05
-6.329287808121142e-05
-7.161447074938154e-05
-5.823222254464078e-05
-6.494964014142068e-05
-5.890436957284306e-05
-7.03217042610782e-05
-6.774360878680774e-05
-5.369009997813201e-05
-6.43550363434442e-05
-5.4331280543884475e-05
-6.900196647241508e-05
-5.7875976345489466e-05
-6.403695646500784e-05
-6.808531600144274e-05
-7.036585216763092e-05
-5.387746479690314e-05
-4.8192680128178456e-05
-5.765563867793366e-05
-5.9799094244916695e-05
-6.427038729250878e-05
-6.662834056825329e-05
-5.604474477260979e-05
-5.7293952913761714e-05
-5.7572257900151413e-05
-5.71486550132172e-05
-4.7250640380469555e-05
-5.231401848998507e-05
-6.730189099529715e-05
-5.499595775476651e-05
-6.9823484285636e-05
-5.252155578616691e-05
-6.592763330542928e-05
-6.668325556380417e-05
-5.7711666577309195e-05
-5.2791403109209156e-05
-4.7396648703790234e-05
-6.040069801910297e-05
-5.4337300864681914e-05
-5.385987836342698e-05
-5.999992331517934e-05
-7.94619607546454e-05
-4.996652518046707e-05
-6.344268601954361e-05
-4.5759753398599834e-05
-4.471324720567438e-05
-4.9390410941652085e-05
-4.48230375366121e-05
-6.179584238763525e-05
-5.6897796702204406e-05
-5.9083025166273284e-05
-4.631589878711928e-05
-4.884552596789993e-05
-5.0517348436196485e-05
-5.572061620567892e-05
-4.873947463723827e-05
-5.329617748273119e-05
-5.443533343252316e-05
-4.9017365243431144e-05
-5.3118246437555694e-05
-5.1101673612385934e-05
-4.7041595622576704e-05
-6.068995190505744e-05
-4.928946526600031e-05
-4.7215682175860696e-05
-5.121375976652187e-05
-4.844739558135247e-05
-4.599011980938039e-05
-5.1225830779932924e-05
-3.811573543249791e-05
-4.595659684036857e-05
-4.990717126740485e-05
-4.488629330934302e-05
-4.205834429649169e-05
-3.500384847676674e-05
-5.661199140044593e-05
-4.4109748930210024e-05
-4.7067730942707e-05
-4.670568645559481e-05
-4.708626970045815e-05
-5.221433984015089e-05
-5.897757482370425e-05
-4.587258259397542e-05
-4.9822554574807665e-05
-4.099263307522083e-05
-5.1226948406257744e-05
-5.848697855320717e-05
-4.0324903874011664e-05
-4.2651159087747637e-05
-3.748528397268247e-05
-4.2867032133464544e-05
-3.8857571962758186e-05
-4.3548078485611263e-05
-4.763335121732437e-05
-3.3234531050696514e-05
-4.746920252635123e-05
-3.860444913378336e-05
-4.915702591479221e-05
-3.7140505988075834e-05
-4.848868257584238e-05
-4.441566949420217e-05
-4.761976969974713e-05
-4.401273714488285e-05
-3.619942076649174e-05
-3.849312966214269e-05
-3.902292149149389e-05
-4.469571891835278e-05
-4.085557775018733e-05
-4.172263688884126e-05
-4.697104393469598e-05
-3.754872950584298e-05
-4.3542331360890696e-05
-4.43504585008192e-05
-3.618979661218491e-05
-3.755056465898354e-05
-3.397889729694903e-05
-3.6554986236392306e-05
-4.0131489736139336e-05
-3.778727187303543e-05
-3.106891913262633e-05
-4.177629592039267e-05
-3.944095680907811e-05
-3.467422352437799e-05
-3.2322028806264225e-05
-3.898585304817903e-05
-3.5804182315746225e-05
-3.488647616634033e-05
-3.2858686777936796e-05
-3.1473861283048965e-05
-3.266791111844469e-05
-3.0895860276325404e-05
-3.4930281117118156e-05
-3.5955237378038074e-05
-3.762916671967709e-05
-3.368814939891385e-05
-2.9756450507845145e-05
-3.975848036108509e-05
-3.632397497155271e-05
-3.478631930414755e-05
-3.2737105554292434e-05
-3.5908316719734934e-05
-4.1568281434256615e-05
-3.103045243280089e-05
-3.22942271182014e-05
-2.908553269576064e-05
-3.302333466603802e-05
-3.463276513815394e-05
-3.153483250289968e-05
-2.853639859984325e-05
-2.815741432943275e-05
-4.1413168132886646e-05
-2.6259792916150104e-05
-3.67907952881219e-05
-3.0823486968811764e-05
-3.600788758262308e-05
-3.277052863120966e-05
-3.184478791190548e-05
-2.6120559782905062e-05
-3.3717269255661986e-05
-2.9643142527069344e-05
-3.72548281464824e-05
-4.0675099568288076e-05
-3.352953300500561e-05
-2.665081344011e-05
-2.6530393710477718e-05
-2.823684946517968e-05
-3.4702593696922523e-05
-2.878036198661338e-05
-2.9435039139935615e-05
-2.5704608365983983e-05
-2.9871990332219767e-05
-2.3977857225909727e-05
-3.508074151120644e-05
-3.007701684493158e-05
-3.162983641491479e-05
-2.543190015419361e-05
-3.582851126848752e-05
-2.878288359420278e-05
-2.654560191173161e-05
-2.3541852587849466e-05
-2.9315293543830112e-05
-3.0007939203713363e-05
-2.532054682563567e-05
-2.3802337845491017e-05
-2.537587493450788e-05
-3.1841801648002654e-05
-2.8635988649550193e-05
-3.437274742057461e-05
-2.675668125717845e-05
-2.8956926430345753e-05
-2.5007175476265964e-05
-2.464522790612822e-05
-3.12753192470705e-05
-2.664456744122523e-05
-2.668766830010716e-05
-2.1181408360548826e-05
-2.5491105911767953e-05
-2.6341064112589407e-05
-2.3829728956203944e-05
-2.4694534107416732e-05
-2.069022255296593e-05
-2.7250388350275045e-05
-2.6081590260629284e-05
-2.566214466959149e-05
-2.1398588788246187e-05
-2.218484153460043e-05
-2.2930433174472853e-05
-2.5782271687591063e-05
-2.9626142151906176e-05
-2.9286555336682785e-05
-2.3503299999116933e-05
-2.2348119475879002e-05
-2.0179809797349346e-05
-2.3621471966828178e-05
-2.8761519352604736e-05
-2.583248446302866e-05
-2.4572392662791653e-05
-2.594425723856375e-05
-2.3350778301733932e-05
-2.8242958138635643e-05
-2.025051830178981e-05
-2.3294105344018323e-05
-2.5704186305264276e-05
-2.0347964462652524e-05
-2.376811768634024e-05
-2.2184109533862628e-05
-2.0021966121608337e-05
-2.407065282766796e-05
-2.421479302583407e-05
-1.697938813571831e-05
-2.2874364656255697e-05
-2.3501803424197387e-05
-2.529991656669006e-05
-2.235345850049031e-05
-2.472907540951308e-05
-2.1098278818798555e-05
-2.4149497721281943e-05
-2.5738624417848133e-05
-2.2759031317598488e-05
-2.4282417223242536e-05
-2.2660524851170205e-05
-1.9609858955327297e-05
-2.3104726287581645e-05
-1.8163368786294765e-05
-2.2736792002042705e-05
-2.086525938138628e-05
-2.1199920394898708e-05
-2.0585334840506064e-05
-1.7334449471717583e-05
-2.0531843108129166e-05
-2.1395599258677844e-05
-2.5069357798224168e-05
-2.3316710856424727e-05
-1.884571625782039e-05
-2.3560755079254925e-05
-1.7906145564072773e-05
-2.1988714097698203e-05
-1.869467657217294e-05
-1.8074126617806385e-05
-2.379499311211397e-05
-1.774689044642397e-05
-2.163229562568425e-05
-1.9604368959258434e-05
-1.7204635747669617e-05
-2.0408310102859595e-05
-2.3418332643077022e-05
-1.994683422562593e-05
-1.693243229256014e-05
-1.846055523901935e-05
-2.1668438868915896e-05
-1.815849430597538e-05
-2.233479817420614e-05
-1.7620517887340092e-05
-1.6806118232182143e-05
-1.6765592551037933e-05
-1.7980457041710807e-05
-2.3923236251721658e-05
-1.8227764235989596e-05
-2.07815852472093e-05
-2.2140970846962205e-05
-1.8502286794286338e-05
-1.844232734654616e-05
-1.7056402220827493e-05
-1.5407339490125516e-05
-1.4698397414303344e-05
-1.905234397769906e-05
-1.857070808913841e-05
-1.582965255886304e-05
-1.819822425347395e-05
-1.761052450505174e-05
-1.7541896471517937e-05
-1.684204672908196e-05
-1.6808529942569095e-05
-1.539149682622254e-05
-1.7768829330133684e-05
-1.83189702001596e-05
-1.9218647319074744e-05
-1.3275458444927946e-05
-1.5756607646355558e-05
-1.6477068410791773e-05
-1.8702582428864467e-05
-1.7115339688122955e-05
-1.8188314731604205e-05
-1.621692469699898e-05
-1.6624994342240296e-05
-1.4833770462852058e-05
-2.0387056665682746e-05
-1.683758161663551e-05
-1.4357495503880546e-05
-1.716647582339359e-05
-1.5813830790190053e-05
-1.6530071894726994e-05
-1.6913812249441662e-05
-1.6228374565330217e-05
-1.5303745072081654e-05
-1.529384830023517e-05
-1.753876114601871e-05
-1.4375172568803496e-05
-1.7942942467985556e-05
-1.2710706352114798e-05
-1.4518785978467896e-05
-1.2427771730216808e-05
-1.79593727556715e-05
-1.7096401552674223e-05
-1.5664969815976093e-05
-2.0542781922427977e-05
-1.5322006802709343e-05
-1.2652828827341978e-05
-1.658135428200813e-05
-1.5550038470035776e-05
-1.6548593006149304e-05
-1.6774552991483116e-05
-1.5518474024700524e-05
-1.1798008964059026e-05
-1.641765547039098e-05
-1.506265673795193e-05
-1.3946671633791041e-05
-1.3725093886918227e-05
-1.5332718065974582e-05
-1.4106231632338151e-05
-1.2948147928293352e-05
-1.303424080106863e-05
-1.6134654149790872e-05
-1.4227402543698364e-05
-1.3665828116626866e-05
-1.388926489942488e-05
-1.2911482388855422e-05
-1.532281491783971e-05
-1.2272671857493922e-05
-1.3923321223408003e-05
-1.2902908636036603e-05
-9.900952691155318e-06
-1.5388439920216435e-05
-1.445843393022006e-05
-1.4630992217934402e-05
-1.1918475367467263e-05
-1.2890387747321874e-05
-1.4040693618933009e-05
-1.2028295319543858e-05
-1.3048771532797598e-05
-1.3197303451228937e-05
-1.1364199752506021e-05
-1.2591425761987463e-05
-1.6351233087241734e-05
-1.3239556252431228e-05
-1.6387346408797132e-05
-1.3707837168142056e-05
-1.2539449628645727e-05
-1.441984982858413e-05
-1.3042555150388768e-05
-1.2554543310672184e-05
-1.2900008463767598e-05
-1.4176729766557372e-05
-1.3093613466186316e-05
-1.0571272102910534e-05
-1.2335024423770768e-05
-1.3903390835068308e-05
-1.4176462080128793e-05
-1.2788446922096242e-05
-1.0355373387449518e-05
-1.3088285406359645e-05
-1.1202732701387497e-05
-1.0232732315651472e-05
-1.3109002638234113e-05
-1.2540638028357698e-05
-1.1160942400278984e-05
-1.2914737648250796e-05
-1.1042940425476377e-05
-1.1741987842484036e-05
-9.941192077977945e-06
-1.0928023932155195e-05
-1.2318928506394045e-05
-1.1535659971806389e-05
-1.19746056619352e-05
-1.3580068088880903e-05
-1.2141534415477384e-05
-1.3512661360570721e-05
-1.0624635128131388e-05
-1.1749252787796038e-05
-1.125102316057447e-05
-9.859645970944353e-06
-1.2488682616274005e-05
-1.0355007535822747e-05
-9.376463000421165e-06
-1.4531966850472866e-05
-9.040636288260018e-06
-1.0416588230088841e-05
-1.0093374822717216e-05
-1.2544135301106873e-05
-1.1694363350078785e-05
-1.0301054564954004e-05
-9.493901318491371e-06
-1.2142458702291137e-05
-1.0712350333952347e-05
-1.07338231877252e-05
-9.596709815484772e-06
-1.273155723213737e-05
-7.634163859127074e-06
-1.274116875932263e-05
-1.1221119961268844e-05
-1.3884778125305974e-05
-1.0636732291569029e-05
-1.0576756032942836e-05
-1.2492251335538551e-05
-1.0688691673754747e-05
-9.920602342561313e-06
-1.0480425473136101e-05
-1.0668858275664217e-05
-1.2282298584298523e-05
-1.1281563434384356e-05
-1.1453536720273938e-05
-1.0974300676813709e-05
-8.587547714822286e-06
-1.0627163218868141e-05
-1.0108332407776643e-05
-8.918854545736377e-06
-1.031369274895333e-05
-8.529721056360628e-06
-1.0426281982722774e-05
-1.028657961110735e-05
-9.587274902078669e-06
-1.1872068626073151e-05
-9.744795602673051e-06
-9.807692896435238e-06
-9.175955414830739e-06
-1.0689061379187681e-05
-9.444188949603305e-06
-1.2214830233725493e-05
-9.499352160879937e-06
-7.908058151651076e-06
-9.529769101790375e-06
-1.027012126542104e-05
-9.553195010891802e-06
-9.21511758111837e-06
-8.476652946509677e-06
-1.1945175452166001e-05
-7.75051665358184e-06
-1.0101456473898818e-05
-9.915606514754316e-06
-1.00282251678796e-05
-8.97665058158248e-06
-9.13883186015596e-06
-1.0587083866253622e-05
-1.0453926574449657e-05
-8.050325581487883e-06
-7.4513622369543064e-06
-9.17451478921194e-06
-9.125810339405405e-06
-1.0366467348532638e-05
-8.630247234464594e-06
-1.08661334292659e-05
-7.748298074650162e-06
-9.582210220737686e-06
-1.0330597732977065e-05
-1.160765293989341e-05
-9.463309512514062e-06
-8.738516738937552e-06
-8.269764557811143e-06
-9.54616098752803e-06
-8.293837655992675e-06
-8.800787106910679e-06
-7.03491802400702e-06
-9.740598337637518e-06
-8.085519897338411e-06
-8.235870041395366e-06
-8.312866811022168e-06
-8.254453568334874e-06
-8.885182919804446e-06
-8.004399601746481e-06
-1.030488654035766e-05
-7.697502760528607e-06
-7.97166677923844e-06
-7.998584702073597e-06
-8.029766485229128e-06
-7.873563100890824e-06
-7.4025978566427675e-06
-6.890709140561224e-06
-8.223614181679384e-06
-7.412029428721656e-06
-6.797414994708095e-06
-7.861014286958401e-06
-7.966741481568729e-06
-6.502287854148747e-06
-8.458726713511666e-06
-8.181635161363943e-06
-6.832796639655303e-06
-7.976449055258072e-06
-8.455000301055282e-06
-6.788005957714116e-06
-8.42079091478709e-06
-6.902726819413285e-06
-8.243862320900242e-06
-7.41421305594514e-06
-6.632404453643659e-06
-8.05857450880687e-06
-8.027106442876075e-06
-6.726794978817452e-06
-7.149064100486768e-06
-9.076281027697863e-06
-8.172885480273173e-06
-6.734382717255016e-06
-6.760437371078343e-06
-7.419605664360507e-06
-7.5150528184297904e-06
-6.456783708475022e-06
-8.207445919561351e-06
-6.078054724578674e-06
-7.1695585781017535e-06
-6.772924568410055e-06
-8.584361357533155e-06
-6.78976814416643e-06
-6.945882929487723e-06
-7.031618662611816e-06
-8.642708492490048e-06
-6.716369069570405e-06
-6.784697863193578e-06
-7.564632575229879e-06
-5.906728792637317e-06
-7.0471448326836494e-06
-6.957433230703192e-06
-6.121274744919081e-06
-5.730563930606003e-06
-6.321532215358694e-06
-5.958599816058285e-06
-6.310795058250829e-06
-6.013808068139337e-06
-7.6146575592184185e-06
-7.643689024949829e-06
-5.9813347055293065e-06
-5.243039676972039e-06
-9.253219318050565e-06
-6.0273125916943115e-06
-7.44550086617668e-06
-7.077772565533547e-06
-6.5623359632449585e-06
-7.077180056047627e-06
-5.635814086413227e-06
-7.417057259873072e-06
-7.717255376349375e-06
-4.947352460704657e-06
