-809.3782422913725
-0.811131731049687
-1.0045540667172357
-0.668559047332425
-0.5677488622630238
-0.4721039203747708
-0.3864642625909518
-0.4488766537826769
-0.3322011192690314
-0.3813182050118326
-0.2725411743440362
-0.25759035779154743
-0.2995710013963293
-0.2577333766772625
-0.24288548045619018
-0.2174635155162865
-0.17880258803465154
-0.22705142230388853
-0.15415757912068362
-0.14084242005210124
-0.11963624676824819
-0.1458389296617068
-0.10588401511509016
-0.13683159492645647
-0.06817603523255378
-0.059700903460767174
-0.05089344112416261
-0.0740822608387382
-0.011781715560729489
-0.013499392757516548
-0.009736035643069574
-0.042790361078347994
-0.016570270719587055
-0.013863717438135637
-0.009929406997466028
-0.023211271388755117
-0.012887297965897493
-0.011318815699771667
-0.009467306810863274
-0.008809640404125352
-0.008778999475549054
-0.007939034334385697
-0.007706614296584591
-0.0075122344457325685
-0.008600804337271617
-0.00921855213166567
-0.00764493726981319
-0.006030480727059584
-0.009926714543381343
-0.005487479847239185
-0.005234498630609763
-0.006408362278981339
-0.004338697883933373
-0.006376599439278929
-0.005253734623605566
-0.0026199314881533153
-0.00434633527144801
-0.0040036865388330956
-0.0047196093841946896
-0.003503735570005051
-0.0021959829720682444
-0.0023249601282638865
-0.005631524565647639
-0.0035716574547228763
-0.0030251374331078384
-0.00256979611927044
-0.0018653537070877357
-0.002704989405478031
-0.002422769673170788
-0.0031978787201685233
-0.0015012116036016154
-0.0031688523487065634
-0.0012915591803891457
-0.0029101717269157668
-0.0020351840445652636
-0.0017160696630159622
-0.0023971792214892984
-0.0018647539911772482
-0.0022052883664550604
-0.0017860578124402338
-0.0011887581652126888
-0.001025785981947691
-0.0011750939324554066
-0.0012979144249323227
-0.0015229144291384333
-0.0011406644219590367
-0.0010237158014241299
-0.001096391413196618
-0.0009096573805534858
-0.0009996906947018491
-0.0009785218032408727
-0.001153842889499046
-0.0009729224113611545
-0.0007004764897577953
-0.0010405250885755501
-0.0007435619365039337
-0.0008203791685098549
-0.0009508278114173097
-0.0006099920268702874
-0.0008430963508971878
-0.0005235799392715457
-0.0008538068632912843
-0.0008181882717337441
-0.0007127405555150679
-0.0007721956629581639
-0.0006060115512740438
-0.000595372225666746
-0.0006591068002749223
-0.0005037387498330048
-0.0005365736212455952
-0.0006817057701550278
-0.00042652274307541926
-0.0005496137881165764
-0.0005273847534634779
-0.0006773550927491323
-0.0004505711797576639
-0.000540606041065872
-0.0004269824460080285
-0.00047186863539339097
-0.0003767884020047241
-0.0005215068530147748
-0.00038861373161269697
-0.0004959651309268676
-0.0003196383050640961
-0.0003910099692978619
-0.0004126945748077482
-0.0003237840403577108
-0.0003400133643336467
-0.00031686541494635456
-0.0003752686012570283
-0.00037916067759713457
-0.0003655348887673382
-0.00031323861877696757
-0.0003347001112307124
-0.00031910104131238626
-0.00022476255632386533
-0.00023321419754418482
-0.00027032234722312865
-0.0003330776682324288
-0.00026903717214754597
-0.00028907182631965345
-0.0002938093852894452
-0.00034465126120775125
-0.000252612371908989
-0.00023227188934060727
-0.0002816695058269758
-0.0002772459709030617
-0.00027913907854493214
-0.00025241468186321114
-0.0002732114933493568
-0.0001985710919668593
-0.00019817124522014673
-0.000151634099435638
-0.0002029997884545054
-0.0002065771165297159
-0.00021428038881843303
-0.00019443314019906843
-0.0002261125335788483
-0.00017354316549611504
-0.00022155652975808238
-0.00014632930866731453
-0.00015240954947104424
-0.0001845447789907695
-0.00017977783182798746
-0.00020098821543534928
-0.00019209594891533843
-0.00017004762569627907
-0.0001482090715450024
-0.00020202439384608972
-0.00013435158046781748
-0.0001266236294334977
-0.00017327304123282428
-0.00017166720056860374
-0.00015049825683011164
-0.00018720677461459
-0.00015404025475884708
-0.00012132660811703389
-0.00012949055397526443
-0.00022289220759430517
-0.00013536271642644593
-0.00010968691697055277
-0.00012251699917165126
-0.00012771669638389493
-0.00012831103668708987
-0.00012678829131451685
-0.00012439975131128822
-0.00010115435701307796
-0.00012902971074257863
-0.00011313737317786288
-9.109940423057683e-05
-8.898792432443514e-05
-9.00556156766541e-05
-0.0001425050393997207
-0.00010235322878993092
-0.00010254113646035456
-0.00014758631668287947
-0.00012326764270353952
-0.00011352241611795044
-8.819557112771381e-05
-0.0001178851833509853
-7.845363804159788e-05
-0.00011262731792704983
-9.573690270336943e-05
-8.006101147739475e-05
-7.259465967224266e-05
-9.483542357680008e-05
-8.565225799339604e-05
-6.3105723928647e-05
-9.917182075935838e-05
-9.765851922560742e-05
-7.022461364170063e-05
-8.950971496879401e-05
-9.604993536005413e-05
-6.411834176356379e-05
-8.408279578964173e-05
-7.876580999954808e-05
-7.041513094252494e-05
-7.98677229375544e-05
-7.635903085090323e-05
-6.652994942613066e-05
-6.81182551698356e-05
-6.468942691173485e-05
-6.205147110438514e-05
-5.791612421635062e-05
-6.93481144239394e-05
-5.539791333630806e-05
-5.6883905200644236e-05
-7.008776598371735e-05
-7.50569769527587e-05
-5.1113652197232184e-05
-5.726437774744575e-05
-5.223850867108748e-05
-6.455461691112774e-05
-4.828269964085585e-05
-4.655688486632226e-05
-6.527486452911901e-05
-5.410013059814478e-05
-5.3331386519195334e-05
-5.085109512237285e-05
-4.387562333241224e-05
-5.111836784932322e-05
-4.446160993709647e-05
-4.979360029577773e-05
-4.256491256771078e-05
-4.021934594045096e-05
-3.790992881669286e-05
-4.5708242642494845e-05
-3.6446380801913314e-05
-4.984643251126908e-05
-4.8866200131558735e-05
-4.505124353648693e-05
-3.5647704307972816e-05
-4.064200895181891e-05
-3.573290380376459e-05
-4.315588927383818e-05
-4.210705406249016e-05
-3.205403430395215e-05
-3.281459243342777e-05
-4.293756516215996e-05
-3.252036594403318e-05
-5.0042305747011184e-05
-3.151731294048776e-05
-3.790638853751194e-05
-3.503464331100492e-05
-3.588404031207304e-05
-3.44778294858461e-05
-3.115665893160813e-05
-3.9342682831233766e-05
-2.966602054466083e-05
-2.6784003898328024e-05
-2.3711222354005912e-05
-2.8551418528977024e-05
-2.6279937999529324e-05
-3.336329780312397e-05
-2.9373513768082837e-05
-2.5293931233849598e-05
-3.982278139891271e-05
-3.1080263868776825e-05
-2.5412655970558085e-05
-2.3204688609057555e-05
-2.61968613635144e-05
-2.9645152460844315e-05
-2.62291499066869e-05
-2.060573994766557e-05
-2.4246340973088643e-05
-2.4295528517681575e-05
-1.7839544995013057e-05
-2.6364914027632302e-05
-1.9980102846872683e-05
-2.5696712446121595e-05
-2.7674508578323653e-05
-2.526058215313043e-05
-2.1187457329152615e-05
-2.2313621996228328e-05
-2.7463065308319656e-05
-1.9811405846725805e-05
-1.811884144642395e-05
-2.1576725753646997e-05
-3.0309169850584183e-05
-1.930561213425719e-05
-1.9067140044071174e-05
-2.0392677263614267e-05
-1.874464340745341e-05
-1.88934098142024e-05
-1.7949454731991388e-05
-1.7700655535191068e-05
-1.9017660246034573e-05
-1.9325189157815004e-05
-1.4572382004085505e-05
-1.756839751154704e-05
-1.5656195228919145e-05
-1.7302615159309198e-05
-1.65540328064262e-05
-1.9422769763632886e-05
-1.2757568187860002e-05
-1.7418662711432553e-05
-1.7164027723781672e-05
-1.5211625634781178e-05
-1.5503949715611753e-05
-1.561728627075265e-05
-1.2518559434071541e-05
-1.7372052154129847e-05
-1.723577673384824e-05
-1.644164411451765e-05
-1.7383278959726134e-05
-1.232433930242749e-05
-1.122007268139491e-05
-1.5211474881038356e-05
-1.5880503828835657e-05
-1.9219703496720086e-05
-2.3665888840951332e-05
-1.2420942993696116e-05
-1.5478199885010646e-05
-1.798149136422733e-05
-1.646497006113634e-05
-1.3641342208603469e-05
-1.723900740957518e-05
-1.4578867036818544e-05
-9.130310134497499e-06
-1.631249567612958e-05
-1.4387835772677882e-05
-1.9693311860802254e-05
-1.2172906886376289e-05
-1.3974217628276442e-05
-1.5921576866362308e-05
-1.1489267429665162e-05
-1.5335593431808903e-05
-1.1662593501493568e-05
-1.5288158076831593e-05
-1.3930810380480274e-05
-1.3843634725341225e-05
-9.30488305528332e-06
-1.2292726574769652e-05
-1.3230148664278296e-05
-1.4559959301996273e-05
-1.6016109519512156e-05
-1.0440665747957212e-05
-1.2039402535690691e-05
-1.0643879126748246e-05
-1.2488675632527091e-05
-8.459299628560402e-06
-1.5198867370336266e-05
-1.1274020555562814e-05
-1.3064994615508141e-05
-1.2800213244346104e-05
-1.0307364849970746e-05
-1.0134914790516092e-05
-9.027989039789297e-06
-9.634640615430179e-06
-1.2970765201791856e-05
-1.2010379520255299e-05
-9.509494823256581e-06
-1.0581164207379423e-05
-1.2518861081445287e-05
-7.077029541280311e-06
-1.654064488665341e-05
-1.0702622701863618e-05
-9.230308612662164e-06
-1.047512855978372e-05
-9.173034991483142e-06
-1.1459374472111428e-05
-9.543716292248483e-06
-7.425059804444523e-06
-8.353461203425283e-06
-8.168059446256315e-06
-8.42195797123857e-06
-1.1543964506977034e-05
-8.191406782320776e-06
-1.3557175347789219e-05
-9.43297323063863e-06
-8.247515510872994e-06
-8.007826015732356e-06
-1.1139109532654068e-05
-6.026952565463262e-06
-7.698725127847084e-06
-1.0018219063878675e-05
-1.3927306300121067e-05
-7.258653587860486e-06
-8.653970521410592e-06
-7.91337356964572e-06
-1.0905832395380344e-05
-6.8472331749003246e-06
-9.509506726401717e-06
-7.661282225956967e-06
-9.37186634986098e-06
-5.531631742661247e-06
-7.3143621940330306e-06
-1.0102871419670478e-05
-8.767980023915989e-06
-1.2585670912002023e-05
-7.470060466308048e-06
-8.817945200911836e-06
-7.201475085483189e-06
-6.715058766371129e-06
-6.132175567330478e-06
-8.584595132754558e-06
-8.321612678163781e-06
-5.205776087868763e-06
-6.02839095131813e-06
-9.977230199353926e-06
-9.087594591061787e-06
-1.0909456997665323e-05
-8.349392358830698e-06
-5.047136948599373e-06
-9.8165331636757e-06
-1.0140587136664436e-05
-6.5210160388184946e-06
-1.4038087298717805e-05
-5.910302795064659e-06
-7.50280519312696e-06
-6.622094929853439e-06
-1.1040520467964221e-05
-6.5151368547899935e-06
-8.668340301332123e-06
-6.092485428155214e-06
-5.4706009062766014e-06
-5.14341893420589e-06
-5.757728132271822e-06
-6.423139535693956e-06
-6.4024285351127475e-06
-4.192213016396273e-06
-867.3087832463133
-0.8530418738965502
-0.5641376915249572
-0.544031118739188
-0.5301425307262069
-0.5086791591724841
-0.3227218298150957
-0.3563714672999372
-0.31988767121395484
-0.2431755280890187
-0.21614793438324048
-0.3037537666181087
-0.35981170885995706
-0.2884102697711079
-0.20559690718983448
-0.14734986429454144
-0.182372881366215
-0.12276111110401083
-0.18609114314179198
-0.16491881487311782
-0.1268209942664752
-0.1629084458862285
-0.08554181411565898
-0.08834797323351695
-0.0725654301792108
-0.02162673463031828
-0.012934234052305094
-0.047661877682818043
-0.03057680392862605
-0.012398169649395108
-0.014589609679186655
-0.009718132004634117
-0.014425076836444006
-0.012850770627869101
-0.01091566422717094
-0.013576818958860093
-0.009757886608459332
-0.012339463155307318
-0.009432175613209637
-0.009033538097805605
-0.008896535020386453
-0.008945230933609216
-0.009672774938965456
-0.010398359648307709
-0.006464029377020175
-0.004956389280134754
-0.006433331189600766
-0.006714235230119048
-0.007129450005101012
-0.005050400509647335
-0.003585638974308969
-0.005213808033131984
-0.006091999056581976
-0.003970141146988571
-0.005004825219740772
-0.004685320597522247
-0.002769672180086058
-0.0022252532688531446
-0.0023160225161912296
-0.0028973843927025955
-0.0034292902064558817
-0.0017378916254433552
-0.0023336403409179862
-0.001890373755459307
-0.003245186342781592
-0.002669379194409238
-0.001920078576827633
-0.0029036542813349886
-0.001744490028905532
-0.0013600749184269345
-0.0018295446292142525
-0.002042650266305568
-0.0011205098042275097
-0.0022170138585286825
-0.0016682749195088276
-0.0017080607351996901
-0.001101183907300407
-0.0014005129734749877
-0.0017276654808452419
-0.0011776158023439898
-0.0012988571277759986
-0.0011806338109352499
-0.0011168308696246632
-0.0011073171432774975
-0.0010345930819620763
-0.0010298376188001557
-0.0009125976830716143
-0.0013124774803029426
-0.0009271350518037513
-0.000741573857583
-0.000763200634922856
-0.000846427087641044
-0.0007225247128479495
-0.0007852486233299594
-0.00066845881658395
-0.0007675399770256108
-0.0007132896152199919
-0.0006498974826768533
-0.0006064847989287747
-0.0005734575348494975
-0.000703274079710825
-0.0006573016331221648
-0.0007804978386980466
-0.0005525086767477205
-0.000407404201004713
-0.00043262817558442634
-0.0006709946019309854
-0.0005838984825968785
-0.0004229659870575997
-0.0004998558898591243
-0.000544354767407107
-0.00046098631215607533
-0.0006323665774055076
-0.0005912251824671255
-0.00037102625048501814
-0.0003358370828747681
-0.0004858299805930999
-0.0004113893307096106
-0.0005693227270934242
-0.0004218916541136597
-0.00040314108877170796
-0.0004096366116330685
-0.0004146911450056967
-0.00031372113114325195
-0.0003541358843714981
-0.0002821969839684746
-0.0003482134339377607
-0.00027207596150180535
-0.00037283747588912064
-0.0002544725250865909
-0.00029054685825402604
-0.0003596935988585681
-0.00030076921052135663
-0.00027297443231655283
-0.0002810376443664886
-0.00022736650616772547
-0.00031847649624716645
-0.0002228739235278221
-0.00027013570443035206
-0.0002821854420587133
-0.00017908413997480555
-0.0002461744818402778
-0.0001938768441689387
-0.00022264430262630697
-0.000171216070386504
-0.00026394367417703624
-0.0002198213635811186
-0.00019904125903003056
-0.0002176875959126745
-0.00022193368950129688
-0.00022702742453484248
-0.0001496489547270219
-0.00017899394833331694
-0.00022281203289065132
-0.00017049123701229352
-0.00019554869396509744
-0.00015526823593303707
-0.00018623350089208568
-0.00014340436977011706
-0.0001769629105958792
-0.00016718222080891465
-0.00015990734501425408
-0.00014480507940972664
-0.0001312216367557184
-0.00013571236908904716
-0.000190305326079665
-0.00016006283925018572
-0.00013236342648392796
-0.0001158096814262155
-0.00012861975764522082
-0.0001592761427007261
-0.00014455266371005138
-0.00012170067267780471
-0.00011873075529300614
-0.00013504553784393636
-0.0001482316660320615
-0.0001053842108117431
-0.00013213089544861223
-0.0001456971211180047
-0.00011242098006025714
-8.815115829752251e-05
-0.00012106872871053831
-9.971253310636641e-05
-0.00010243067286541674
-0.00011000464847477076
-0.00010546007182177242
-8.461407182536185e-05
-9.655559711185813e-05
-8.852978872053718e-05
-0.00010400809018173973
-9.272508715774119e-05
-9.34613083949376e-05
-8.933247790465781e-05
-7.597188480257255e-05
-8.292090196004853e-05
-8.995164134739664e-05
-7.648183506059336e-05
-8.190515382433539e-05
-6.450027117155255e-05
-7.609257375951195e-05
-6.545454699624642e-05
-7.07713703265167e-05
-0.00010905087344803555
-7.580496432224582e-05
-7.685831354209416e-05
-6.02216554956847e-05
-7.835656360599685e-05
-8.878365363129692e-05
-5.830772630155412e-05
-8.075062591483828e-05
-6.467198005555286e-05
-6.431280869201306e-05
-6.910239153223863e-05
-5.5915773142789504e-05
-6.759533237821191e-05
-5.503011783469791e-05
-5.804969179634689e-05
-8.723372539243268e-05
-6.125946604984556e-05
-7.313451853852015e-05
-5.240781221593771e-05
-5.83539726427551e-05
-4.498758733528785e-05
-4.870928850875256e-05
