-648.7124063316814
-0.7222325642694911
-0.7106980103747162
-0.6412448552333416
-0.4465512204238029
-0.2949380059155072
-0.25826791326020826
-0.18781328400457675
-0.21156947426956263
-0.15607265271102577
-0.05687823397723124
-0.04262533221374931
-0.02711800361450334
-0.014533023210880014
-0.015166523157542189
-0.014427918177877475
-0.012817198944605868
-0.01959514506964144
-0.005649524971793607
-0.006324361337152529
-0.006107883466264896
-0.004517321555191578
-0.0032140424208064733
-0.00344688253678882
-0.002562262468268073
-0.0011534049034579441
-0.000805773708268176
-0.0010337592148960129
-0.0017776889602452162
-0.0004419452297462767
-0.0003451657693710475
-0.0003754690276381867
-0.0004204524905550011
-0.00023307579605491568
-0.0003180503654273137
-0.00020176559702334007
-0.00020979577442570285
-0.00010800806596034107
-9.700525920885994e-05
-5.103029829756078e-05
-4.2566053585435526e-05
-4.0038110856399634e-05
-2.3789507026528156e-05
-2.1602693929700933e-05
-3.473930937825109e-05
-1.3314265507213818e-05
-9.536610311111637e-06
-1.2237076977839045e-05
-4.906947429939024e-06
