-862.2005219834781
-0.785537833474375
-0.7354294956595043
-0.5129136868889692
-0.46088195616170163
-0.17929831580259692
-0.18921531593650792
-0.11547570735665946
-0.0440968834014811
-0.02918349655310082
-0.031241330279187296
-0.023881140311218296
-0.015449989617889404
-0.006417462326662515
-0.00394306720638693
-0.0016784287806399512
-0.0013239284075698965
-0.001370641427370256
-0.0010166393758284653
-0.0009086771567149432
-0.0007030890671161916
-0.00044293884030238706
-0.00028459715735645874
-0.00016512485548425548
-0.00012002927098841987
-8.553569132041527e-05
-7.167014973297192e-05
-6.734725222740101e-05
-5.3939042902240164e-05
-5.022188877468192e-05
-2.6296457981300758e-05
-2.0861865230148435e-05
-1.5801976103069215e-05
-6.4671849864250674e-06
-7.66129075269184e-06
-5.084733388616147e-06
-5.192200348724807e-06
-2.251197135927363e-06
