-743.5417188296823
-0.8349723502662486
-0.48593159251067664
-0.32035179855494106
-0.18463966854498678
-0.12988786367011715
-0.10708570857168631
-0.07955859824403527
-0.048907537749770025
-0.040547158876078626
-0.03150033970957655
-0.014921062406970054
-0.0024247132195608367
-0.0016361660544237933
-0.0018753608688564238
-0.0010984584749040294
-0.0005806059766885752
-0.000490589084043147
-0.0002526028337135333
-0.00022766535894697126
-0.00017095799985961113
-2.8579025293684612e-05
-2.5150853022459785e-05
-2.084765020193835e-05
-2.995859989768368e-05
-1.6798817211116646e-05
-7.27022279262135e-06
-5.869084835352645e-06
-3.8835341206189256e-06
