Obj: 2.6941869261134306
SolTime: 8.46790885925293
Upper level solution: [ 8.60064698e-02  7.27188486e-09  8.43074430e-02  1.47587239e-08
  1.57761570e-07  7.85300691e-09  1.14096246e-04  1.28255221e-02
  1.36958663e-08  3.42114266e-02  4.02194256e-02  2.14180937e-08
  5.06369679e-08  5.01746199e-02  4.15395852e-02  4.01953948e-09
  2.30584685e-08  1.28028675e-08 -8.80852889e-10  6.77029300e-08
  5.10515634e-08 -1.21416405e-10  1.20570093e-07  1.67324931e-08
  4.30643267e-09  5.19761335e-09  1.66960312e-08  3.55268156e-09
  2.98873865e-09  2.31324087e-09  2.17566821e-08  2.85256748e-02
  1.82165728e-02  5.47832605e-03  6.68403455e-08  1.06706081e-09
  1.09416275e-09  7.48301960e-02  9.48706483e-02  8.90028488e-03
  6.20872599e-02  1.60772188e-09  3.31684829e-09  6.98357418e-02
  4.25131992e-02  4.45017019e-05  9.58825351e-09  1.90783928e-08
  1.40753034e-08  5.23835323e-02  1.73947006e-08  2.88602979e-07
  2.91981482e-08  7.12348424e-08  3.56254672e-09  8.60670836e-02
  3.38001959e-08  5.81147002e-02  2.28612801e-02  1.71543984e-09
 -3.55852523e-09  2.58711258e-02  5.51652735e-08  3.71088937e-08]
