Obj: 3.917081870128391
SolTime: 37.006678104400635
Upper level solution: [ 4.50255954e-10  1.30241185e-09 -5.27030425e-11 -1.81871511e-11
  1.94210676e-02  3.48981847e-10  4.54332326e-02 -5.56788315e-11
  8.02454834e-11  2.11604439e-10  5.99644711e-02  4.49920290e-11
 -2.80088774e-11  3.63184407e-11 -1.60266559e-11  4.71864320e-11
  1.00029361e-11 -5.03338288e-11 -6.54786864e-11 -2.90311968e-11
  4.82857168e-11  4.35394857e-03  2.57775958e-02  3.15129206e-10
 -2.16228552e-11  1.05342957e-01  1.59608455e-02  9.30163236e-10
 -4.02327287e-11  3.61872420e-02  2.88622897e-10  1.17969383e-12
  1.02302342e-10  2.58035942e-10 -2.29000329e-11 -4.03886788e-11
  2.10367024e-02  1.74801495e-10  2.71322623e-02  9.61628006e-11
 -6.76927327e-11  7.51408682e-11 -2.50802363e-12  4.04469810e-10
  6.04833247e-10  2.38147293e-09  2.00794978e-01  4.70226927e-02
 -5.16960341e-12 -5.92463220e-11 -4.37946799e-11 -1.93023737e-11
 -1.40484795e-11  6.51054168e-12 -1.20080803e-11  6.82245154e-11
 -6.33144892e-12 -6.10129305e-11 -2.21020088e-12  1.23907756e-11
 -4.44659948e-11 -5.18714511e-11 -3.50719650e-12 -9.54276951e-12
 -2.82912429e-11  1.75955928e-10  4.52574940e-10  4.83060655e-11
  3.93807417e-11  1.17306789e-01  8.65762763e-03  6.47167129e-11
  2.87454492e-10  2.59108000e-02 -4.19408072e-11  3.15852953e-10
 -3.34435953e-11 -8.18719843e-12  1.96763124e-10  8.89502174e-03
  1.26318186e-10  4.84777676e-12 -2.33593054e-11 -6.45653710e-11
 -2.04437281e-11  1.48904855e-02 -3.27918493e-11 -2.30767190e-12
  1.47298265e-02  1.64040789e-11  5.35510816e-02  9.34164333e-02
  1.53556694e-10  2.23491279e-11  5.42139299e-02]
