Obj value returned by the solver: 411.10073496903044
Obj: 411.10073496903044
Obj value computed with solution variables: 24
SolTime: 0.30240511894226074
Q matrix recovered: [[0.97041603 0.95040637 1.0385493  1.04029348 1.44203791 1.10668484
  0.57224195 1.24232865 0.98624651 0.49478126]
 [0.95040637 2.51440171 0.7205382  0.92627288 0.71463706 1.02985546
  0.80607174 1.09440745 1.50126484 1.78921727]
 [1.0385493  0.7205382  1.40946658 1.0881324  1.00432621 1.50528942
  1.20856901 0.98002735 1.28290386 0.97223455]
 [1.04029348 0.92627288 1.0881324  2.09615241 0.89788516 1.30750507
  0.9542198  1.64497352 1.37939996 0.21446668]
 [1.44203791 0.71463706 1.00432621 0.89788516 2.02106819 0.94908251
  0.78343131 1.4054116  0.62973395 0.90639024]
 [1.10668484 1.02985546 1.50528942 1.30750507 0.94908251 1.16866305
  0.85838049 1.097923   1.35312555 0.74261574]
 [0.57224195 0.80607174 1.20856901 0.9542198  0.78343131 0.85838049
  1.58603006 0.94470209 0.99918808 1.54127058]
 [1.24232865 1.09440745 0.98002735 1.64497352 1.4054116  1.097923
  0.94470209 1.23650252 1.14166041 0.5906446 ]
 [0.98624651 1.50126484 1.28290386 1.37939996 0.62973395 1.35312555
  0.99918808 1.14166041 1.166655   0.9296988 ]
 [0.49478126 1.78921727 0.97223455 0.21446668 0.90639024 0.74261574
  1.54127058 0.5906446  0.9296988  2.101871  ]]
q vector recovered: [2.39940164 2.41568312 0.30409881 1.83511859 0.28314157 1.67242546
 3.36498679 1.22995988 1.61965298 3.15097572]
Scalar c recovered: [1.61378781]

***************CP*********************
Obj value:341.3999696
SolTime: 5.45017
Q matrix:        1           2           3          4          5           6        :=
1    -0.0775914   0.914718   0.995817    0.832846   1.47233    1.06297
2     0.914718    1.86438    0.429531    0.76738    0.572448   1.0221
3     0.995817    0.429531   0.0034363   0.977471   0.962778   1.76937
4     0.832846    0.76738    0.977471    1.77976    0.813829   1.26249
5     1.47233     0.572448   0.962778    0.813829   1.56768    0.783806
6     1.06297     1.0221     1.76937     1.26249    0.783806   0.0981743
7     0.482915    0.644362   1.15453     0.844821   0.660432   0.677543
8     1.36522     1.17674    0.822584    1.69744    1.43845    1.0485
9     1.01221     1.64553    1.52659     1.39607    0.48915    1.13068
10    0.325843    1.92895    1.03421     0.167849   0.980267   0.616788

:       7           8           9          10       :=
1    0.482915   1.36522      1.01221    0.325843
2    0.644362   1.17674      1.64553    1.92895
3    1.15453    0.822584     1.52659    1.03421
4    0.844821   1.69744      1.39607    0.167849
5    0.660432   1.43845      0.48915    0.980267
6    0.677543   1.0485       1.13068    0.616788
7    1.16282    1.06681      1.04027    1.54782
8    1.06681    0.0978275    1.00579    0.386653
9    1.04027    1.00579     -0.186087   0.709801
10   1.54782    0.386653     0.709801   1.50463
;

q vector:
 1  3.13072
 2  2.96986
 3  1.08524
 4  2.34876
 5  0.807708
 6  2.50633
 7  3.86939
 8  1.86745
 9  2.42982
10  3.69656
;

c scalar: 0.329047
