Finished before time limit.
Obj: -0.4618701957109257
SolTime: 0.53387451171875

Upper level solution: [6.64601373e-02 1.87628065e-02 1.28305982e-05 8.65391276e-05
 1.87694426e-02 7.10913861e-02 1.85946598e-02 2.39450129e-10
 4.36620960e-02 4.37213575e-02 4.52945396e-10 1.86977786e-02
 6.03822672e-10 4.36595153e-02 5.62144421e-02 5.64387981e-02
 4.38297125e-02 9.03108408e-09 7.13830626e-09 4.37066415e-02
 5.64163822e-02 5.62442972e-02 4.37824405e-02 9.57264032e-10
 1.86984407e-02 6.15494594e-10 4.37159474e-02 4.36812786e-02
 1.09564511e-10 1.85891250e-02 7.11606623e-02 1.88654533e-02
 1.61073976e-05 5.89101217e-05 1.86624950e-02 6.64002968e-02]
