Finished before time limit.
Obj: -0.46187074001723616
SolTime: 8.982462882995605
It. number: 511

Upper level solution: [6.64745796e-02 1.87522268e-02 8.45578173e-06 1.04658354e-04
 1.87460217e-02 7.11063995e-02 1.86214690e-02 4.18298583e-10
 4.36578060e-02 4.37133115e-02 5.25931054e-10 1.87143779e-02
 1.02511724e-09 4.36524316e-02 5.62078778e-02 5.64182176e-02
 4.38224361e-02 2.78798651e-09 2.76784217e-09 4.37172274e-02
 5.64183853e-02 5.62527431e-02 4.38039351e-02 1.02590401e-09
 1.86698675e-02 5.25501569e-10 4.37162064e-02 4.36828923e-02
 4.17668816e-10 1.85830029e-02 7.11556854e-02 1.88683504e-02
 1.00446509e-06 6.60503740e-05 1.86698567e-02 6.63945143e-02]
