Finished before time limit.
Obj: -0.461870195695974
SolTime: 0.5340249538421631
It. number: 0

Upper level solution: [6.64601386e-02 1.87628086e-02 1.28295479e-05 8.65404652e-05
 1.87694401e-02 7.10913842e-02 1.85946591e-02 2.34836129e-10
 4.36620963e-02 4.37213583e-02 4.45806622e-10 1.86977779e-02
 5.79073238e-10 4.36595128e-02 5.62144415e-02 5.64387990e-02
 4.38297156e-02 8.99072223e-09 7.09723338e-09 4.37066384e-02
 5.64163814e-02 5.62442978e-02 4.37824431e-02 9.31548554e-10
 1.86984415e-02 6.08444673e-10 4.37159466e-02 4.36812784e-02
 1.04858627e-10 1.85891256e-02 7.11606644e-02 1.88654558e-02
 1.61059936e-05 5.89110925e-05 1.86624927e-02 6.64002955e-02]
