Finished before TL = TrueObj: -0.46187126879438267
SolTime: 187.52059078216553
It. number: 449
Upper level solution: [6.64690784e-02 1.87896215e-02 1.18936369e-06 9.77265726e-05
 1.87783865e-02 7.10571180e-02 1.85872529e-02 4.28284516e-10
 4.36729789e-02 4.36985735e-02 5.38325199e-10 1.86936655e-02
 1.04882169e-09 4.36364361e-02 5.62155255e-02 5.64346057e-02
 4.38433555e-02 2.84482048e-09 2.82434554e-09 4.36911027e-02
 5.64092506e-02 5.62608538e-02 4.37826307e-02 1.04873230e-09
 1.86988039e-02 5.37444651e-10 4.37407802e-02 4.36234392e-02
 4.27326795e-10 1.86353732e-02 7.11940191e-02 1.88622721e-02
 3.49008300e-05 7.86468083e-05 1.86348167e-02 6.63775865e-02]
