Obj: 1.2778939829635974
SolTime: 93.99411249160767
It. number: 35
Upper level solution: [7.71049023e-02 3.67034625e-02 2.56423700e-11 1.18734794e-01
 2.32751700e-11 7.23902104e-12 2.69506155e-11 1.45788694e-11
 2.95630865e-02 1.42920177e-11 5.32583948e-03 2.21938004e-02
 1.98516176e-11 1.27183626e-01 7.40547975e-12 8.34317022e-12
 7.72407110e-12 8.94214796e-12 1.17325244e-02 9.13005926e-12
 1.46869755e-01 4.19889517e-11 5.80194182e-11 2.77561485e-02
 3.15774658e-03 1.39306993e-11 5.25696182e-11 8.03924901e-03
 8.00482553e-12 6.58219714e-12 4.65446172e-11 1.10005883e-10
 1.39679572e-01 9.99160344e-12 1.27633807e-11 1.05053820e-11
 1.10563848e-11 8.51238170e-12 7.28065662e-12 1.36762433e-11
 7.30263058e-12 3.15832155e-11 2.12726676e-11 1.86418948e-11
 3.38393460e-11 5.74479609e-02 1.88507531e-01]
