Obj: 2.0334708945990814
SolTime: 2.326119899749756
Upper level solution: [ 1.37169474e-01  6.15843448e-02  1.99532449e-02  1.16469854e-01
  1.72282527e-03 -3.38352830e-10  8.29014706e-09  4.43299955e-09
  3.09199675e-02  1.01636650e-08  4.87397952e-02  2.05697363e-08
  1.13680667e-05  8.18242978e-02  5.28013286e-10  3.00525094e-09
 -8.43587096e-10  6.01357459e-10  2.03478569e-08  1.31155755e-09
  1.54354038e-01  2.25342066e-02  6.83613039e-02  6.16354982e-08
  6.22316877e-03  5.41280367e-09  8.33222108e-03  1.27399282e-02
 -4.40257290e-10 -7.52780970e-10  2.51351384e-08  1.08743549e-02
  5.24132432e-02  1.15253328e-09  1.42073646e-10  3.67136846e-09
  1.89614115e-09  2.13520326e-09 -3.11946878e-10  8.12502642e-10
  1.14605974e-10  5.90318853e-09  6.80314954e-09  6.44604931e-09
  1.06412005e-02  4.96538134e-02  1.05477159e-01]
