Obj: -0.07600696564674547
SolTime: 31.681968450546265
It. number: 182
Upper level solution: [1.14211656e-10 1.15487675e-10 7.74218222e-02 1.08200200e-09
 3.05034227e-10 1.14225258e-10 1.01725564e-09 2.82111676e-02
 1.01631725e-09 3.05010180e-10 1.34026382e-10 2.62009768e-10
 4.84395212e-02 7.75554993e-02 5.71304556e-10 1.14227057e-10
 3.05038815e-10 1.17368452e-10 9.83576570e-10 3.13686058e-10
 7.63475889e-02 3.13751623e-10 3.87658209e-10 2.15085670e-10
 1.01925924e-09 1.14201425e-10 1.01866976e-09 1.15448142e-10
 7.66593662e-02 1.15392100e-10 1.14206026e-10 1.15020063e-10
 1.01847124e-09 9.82958999e-10 1.14233010e-10 2.43789762e-10
 7.80589240e-02 4.78336863e-02 3.10454956e-10 1.01860642e-09
 1.15081160e-10 1.34612229e-10 2.78844549e-02 1.80773830e-10
 2.53404097e-10 1.35057042e-10 1.13854124e-10 1.18611402e-10
 7.64816514e-02 1.08544019e-09 7.32663752e-09 2.90616836e-02
 1.43929345e-10 1.35049735e-10 1.14971717e-10 4.77892652e-02
 7.74412722e-02 1.15449073e-10 1.21044724e-10 1.14228187e-10
 1.14204211e-10 1.14209198e-10 1.01860912e-09 1.14223937e-10
 1.14174294e-10 9.83809535e-10 1.14207460e-10 9.82741949e-10
 1.01869475e-09 1.46439281e-10 7.60159181e-02 7.76628582e-02
 1.12330780e-09 1.72109567e-10 1.14294875e-10 2.59137400e-10
 7.71352888e-02 1.15429930e-10 9.83774534e-10 1.14191911e-10]
