Finished before TL = TrueObj: -0.4618707636253472
SolTime: 23.78276038169861
It. number: 499
Upper level solution: [6.64627680e-02 1.87897549e-02 1.31216536e-05 1.17184102e-04
 1.87459125e-02 7.10714071e-02 1.86087089e-02 2.40302918e-10
 4.36652732e-02 4.37241434e-02 3.01740449e-10 1.86882975e-02
 5.86367709e-10 4.36506301e-02 5.61858119e-02 5.64084856e-02
 4.38607128e-02 1.58729223e-09 1.57361733e-09 4.36807060e-02
 5.63780610e-02 5.62512604e-02 4.38076121e-02 5.87324234e-10
 1.87094263e-02 3.01895994e-10 4.37113105e-02 4.36886296e-02
 2.39704068e-10 1.86031136e-02 7.11649932e-02 1.88849718e-02
 8.68247847e-06 5.63024898e-05 1.86771428e-02 6.63855705e-02]
