Obj: 440.84473411286274
Average LSE = 0.11021118352821568SolTime: 1.2167751789093018
Q matrix recovered: [[ 5.49857551 -2.3913185   1.11772022  2.10639874  2.09662472  0.81329234
   0.84170488  2.02376104  1.75543423 -1.52079239 -0.2959136  -0.66601375
   1.06125079]
 [-2.3913185   5.23263712 -2.8540546  -2.67262529 -0.08984054 -0.01803448
   0.14823377 -0.41303512  0.43869415  2.40085747  0.6140222  -1.57405073
  -0.29383986]
 [ 1.11772022 -2.8540546   3.87594775  1.97200319 -0.43085028  0.94219373
  -0.30497732  0.87004331 -0.7682663  -1.38901878  0.56708043  1.69641362
   0.61730398]
 [ 2.10639874 -2.67262529  1.97200319  5.56552681  2.1585563   0.17020424
  -0.442962   -0.7653886   1.00460746 -1.1658268   2.66701138 -0.10247519
  -0.49056503]
 [ 2.09662472 -0.08984054 -0.43085028  2.1585563   4.07775534 -0.43200249
  -1.32163421 -0.96737751  1.14600057 -0.75664849  1.22045302 -1.27322722
   1.25197524]
 [ 0.81329234 -0.01803448  0.94219373  0.17020424 -0.43200249  5.41545659
   0.22255626  0.48476321  0.13034709 -2.30112706  1.84794661 -0.58195765
   0.34290317]
 [ 0.84170488  0.14823377 -0.30497732 -0.442962   -1.32163421  0.22255626
   3.76784124  0.57797772 -1.50184518  1.09603175 -2.37164373  0.24837577
  -1.26223125]
 [ 2.02376104 -0.41303512  0.87004331 -0.7653886  -0.96737751  0.48476321
   0.57797772  5.93375699  0.75059314  0.67812866 -0.31081646  1.53907819
   2.39995493]
 [ 1.75543423  0.43869415 -0.7682663   1.00460746  1.14600057  0.13034709
  -1.50184518  0.75059314  4.09244883 -0.64342728  2.76555105 -1.32483349
  -0.04488224]
 [-1.52079239  2.40085747 -1.38901878 -1.1658268  -0.75664849 -2.30112706
   1.09603175  0.67812866 -0.64342728  4.47226747 -0.77794111 -0.15368986
  -1.01693232]
 [-0.2959136   0.6140222   0.56708043  2.66701138  1.22045302  1.84794661
  -2.37164373 -0.31081646  2.76555105 -0.77794111  6.83122554 -1.08521615
   0.2116358 ]
 [-0.66601375 -1.57405073  1.69641362 -0.10247519 -1.27322722 -0.58195765
   0.24837577  1.53907819 -1.32483349 -0.15368986 -1.08521615  5.13001901
  -0.17337773]
 [ 1.06125079 -0.29383986  0.61730398 -0.49056503  1.25197524  0.34290317
  -1.26223125  2.39995493 -0.04488224 -1.01693232  0.2116358  -0.17337773
   3.81192732]]
q vector recovered: [-1.09824923  0.1719272  -0.16038596 -1.91202238 -1.53274928 -0.94339584
 -1.12431852 -1.53845575 -0.53744076  0.22293586 -0.959158   -0.54686389
 -0.96372779]
Scalar c recovered: [1.43490225]
