Obj: -0.3467143286831696
SolTime: 7.877688884735107
Upper level solution: [ 1.77057778e-02  1.77202853e-02  2.22312176e-02  2.30702325e-02
  2.34079418e-02  2.14175585e-02  1.72563835e-02  1.79783065e-02
  1.83121016e-02  1.44930412e-02  1.71619305e-02  1.65610133e-02
  1.80366765e-02  1.87496241e-02  1.32372712e-02  1.66395338e-02
  2.20978120e-02  1.67463970e-02  6.51633171e-03  8.50383768e-03
  8.27814477e-03  7.55001964e-03  1.83339360e-02  2.06444517e-02
  2.33567552e-02  1.66815189e-02  7.75978235e-03 -9.42610634e-13
 -6.41209866e-13  7.47582104e-03  1.81571272e-02  2.39191692e-02
  2.39191692e-02  1.81571272e-02  7.47582104e-03 -6.41210094e-13
 -9.42610634e-13  7.75978236e-03  1.66815190e-02  2.33567552e-02
  2.06444517e-02  1.83339360e-02  7.55001963e-03  8.27814478e-03
  8.50383769e-03  6.51633171e-03  1.67463970e-02  2.20978121e-02
  1.66395338e-02  1.32372712e-02  1.87496241e-02  1.80366764e-02
  1.65610133e-02  1.71619305e-02  1.44930412e-02  1.83121017e-02
  1.79783065e-02  1.72563835e-02  2.14175585e-02  2.34079418e-02
  2.30702324e-02  2.22312175e-02  1.77202853e-02  1.77057778e-02]
