Obj: 1.4256032913438343
SolTime: 0.6810970306396484
Upper level solution: [ 8.05347091e-02  5.03165085e-02 -3.41521674e-12  3.34084941e-02
  7.75467833e-02  5.04836773e-12  7.98018351e-12 -3.29830508e-12
  6.24681828e-02  1.28682250e-12  2.00000271e-02  1.00611739e-01
  3.18566299e-02  5.23754908e-12 -2.46272326e-12  4.99008528e-13
  1.16323125e-11  5.58588203e-02  1.09138046e-02  5.23293155e-02
 -2.86724636e-12  2.19982291e-10  7.58875867e-02  3.83334604e-12
  1.56870041e-02  2.28679489e-02  3.44143158e-02  3.39508254e-02
  4.72091335e-02 -2.52149925e-12  3.75739030e-02  5.96432370e-02
  3.20848159e-02  6.48362154e-02  1.59196231e-11  8.10928288e-11]
