Finished before time limit.
Obj: -0.36142602324364503
SolTime: 96.97826194763184
It. number: 1578

Upper level solution: [3.66247835e-02 2.90038665e-02 2.62420989e-10 1.09178521e-02
 1.09555915e-02 5.99048179e-10 2.89997736e-02 3.65679619e-02
 2.90395782e-02 4.49366531e-03 3.50645564e-03 2.34445946e-02
 2.34609971e-02 3.54729932e-03 4.52823534e-03 2.89804557e-02
 5.63819271e-10 3.52193158e-03 2.33281801e-02 2.58705315e-02
 2.58903669e-02 2.33774209e-02 3.55546191e-03 2.53600798e-10
 1.09044964e-02 2.34164799e-02 2.58475556e-02 1.13151263e-10
 1.12360498e-10 2.58617969e-02 2.34444203e-02 1.09067976e-02
 1.09325750e-02 2.34309988e-02 2.58671520e-02 1.12413275e-10
 1.13126262e-10 2.58582132e-02 2.34052641e-02 1.08928039e-02
 2.53561037e-10 3.55541848e-03 2.33700471e-02 2.58834024e-02
 2.58782590e-02 2.33312280e-02 3.52735598e-03 5.64548211e-10
 2.89589337e-02 4.53921364e-03 3.55307462e-03 2.34609046e-02
 2.34277594e-02 3.50951045e-03 4.50067467e-03 2.90522007e-02
 3.65595125e-02 2.90113673e-02 5.99312198e-10 1.09358684e-02
 1.09300887e-02 2.62399073e-10 2.90213776e-02 3.66102423e-02]
