Finished before time limit.
Obj: -0.36142546920350727
SolTime: 4.792783975601196
It. number: 0

Upper level solution: [ 3.66158867e-02  2.90218825e-02 -1.26873216e-12  1.09177121e-02
  1.09506382e-02  6.16496255e-11  2.89956032e-02  3.65722777e-02
  2.90588705e-02  4.50566736e-03  3.49766444e-03  2.34259495e-02
  2.34678284e-02  3.54643508e-03  4.52933619e-03  2.89676605e-02
  5.82658128e-11  3.51908062e-03  2.33225781e-02  2.58803362e-02
  2.58951160e-02  2.33680369e-02  3.55607808e-03 -1.23874487e-12
  1.08969984e-02  2.34018086e-02  2.58543618e-02 -6.14154396e-13
 -6.95629275e-13  2.58750373e-02  2.34463543e-02  1.09189500e-02
  1.09190547e-02  2.34377465e-02  2.58730751e-02 -6.87821955e-13
 -6.01444885e-13  2.58529879e-02  2.33951408e-02  1.08995210e-02
 -1.23865306e-12  3.56044174e-03  2.33670646e-02  2.58924744e-02
  2.58745153e-02  2.33247534e-02  3.52519804e-03  5.83616968e-11
  2.89576381e-02  4.53123386e-03  3.55448745e-03  2.34706480e-02
  2.34248535e-02  3.50622312e-03  4.50245741e-03  2.90503127e-02
  3.65704673e-02  2.89947283e-02  6.16823426e-11  1.09554776e-02
  1.09228322e-02 -1.26644613e-12  2.90173875e-02  3.66111304e-02]
