Finished before time limit.
Obj: -0.36142652112626905
SolTime: 1662.221313714981
It. number: 1416

Upper level solution: [3.66213838e-02 2.90456609e-02 8.88433823e-11 1.08879476e-02
 1.09454987e-02 2.02807618e-10 2.90219640e-02 3.65453323e-02
 2.90537264e-02 4.48496754e-03 3.49045551e-03 2.34315089e-02
 2.34819168e-02 3.53315085e-03 4.47951807e-03 2.90274716e-02
 1.90841838e-10 3.51709326e-03 2.33188345e-02 2.58858509e-02
 2.59024684e-02 2.34028911e-02 3.57656694e-03 8.58412779e-11
 1.09080344e-02 2.33927002e-02 2.58553775e-02 3.82916951e-11
 3.80260941e-11 2.59005835e-02 2.34503103e-02 1.08852765e-02
 1.09003298e-02 2.34568816e-02 2.58477746e-02 3.80420947e-11
 3.82877507e-11 2.58811887e-02 2.34016065e-02 1.08532086e-02
 8.58325264e-11 3.56628939e-03 2.33427327e-02 2.58715774e-02
 2.58862750e-02 2.33507648e-02 3.52042806e-03 1.91088567e-10
 2.89309023e-02 4.54025226e-03 3.55404774e-03 2.34770846e-02
 2.34494681e-02 3.47718556e-03 4.48750345e-03 2.90861377e-02
 3.65862222e-02 2.89862027e-02 2.02890407e-10 1.09516032e-02
 1.09254271e-02 8.88071275e-11 2.90066813e-02 3.66157330e-02]
