Obj: 1.957077703547292
SolTime: 1.9048669338226318
Upper level solution: [ 8.41362225e-02  1.09747707e-02  1.38704464e-07  1.63719029e-01
  1.20033715e-08 -3.79460497e-09  1.45110401e-08  3.17454960e-09
  5.66494689e-08  2.09614667e-09  2.41699867e-02  7.32714929e-08
  2.80405655e-08  1.18261081e-01 -2.28860704e-09 -2.43329886e-10
 -3.05938417e-09 -4.86439024e-10  2.29021387e-08 -6.18504659e-10
  1.51418558e-01  4.04995802e-08  2.54075439e-08  4.07630008e-02
  2.81501118e-02  1.09361465e-08  1.02544514e-07  1.09755369e-02
 -2.84145701e-09 -3.66986827e-09  3.15529875e-08  6.62691452e-08
  1.08846760e-01  4.76545136e-10  4.44175586e-10  1.79762861e-09
  7.39597348e-10 -1.85999374e-09 -2.68081282e-09  1.24145359e-09
 -2.54783449e-09  1.03430265e-08  6.38057408e-09  9.50033136e-09
  3.68976054e-08  6.40875044e-02  1.94496756e-01]
