Finished before time limit.
Obj: 0.3800496158120339
SolTime: 21.249884128570557
It. number: 51

Upper level solution: [1.48947867e-01 1.23378688e-10 2.01752691e-01 1.01408747e-10
 6.65057106e-02 1.56883552e-02 7.34383246e-02 4.28913613e-02
 4.81529915e-11 1.02266627e-10 8.34104046e-11 1.46847869e-10
 2.15293467e-10 3.28684045e-10 1.80397149e-02 1.71502659e-10
 3.90478113e-02 1.52672236e-01 2.27271727e-02 9.43155472e-11
 2.15223108e-10 1.27693467e-02 2.19010930e-10 2.05519405e-01
 1.62121999e-09]
