Finished before time limit.
Obj: 0.3800518571092585
SolTime: 29.211394786834717
It. number: 47

Upper level solution: [ 1.48542884e-01 -2.57090722e-10  2.02134499e-01 -7.79098332e-11
  6.62291747e-02  1.52879355e-02  7.38637953e-02  4.32309526e-02
 -8.74300200e-11  8.09909968e-11 -2.49492176e-10 -1.59865816e-10
  2.60035339e-09  8.58565787e-11  1.79781539e-02 -5.72446458e-11
  3.89195798e-02  1.52733561e-01  2.30387496e-02 -1.83059808e-10
  2.53109352e-09  1.27793528e-02  2.39599529e-09  2.05261352e-01
  1.95997438e-09]
