Finished before time limit.
Obj: 0.37803936564942475
SolTime: 8.259551763534546
It. number: 16

Upper level solution: [1.55873189e-01 6.06787349e-12 1.90600753e-01 5.49374719e-12
 7.21624709e-02 2.78994524e-02 6.69486503e-02 4.04630766e-02
 2.70893899e-12 5.79676377e-12 4.05309240e-12 7.81623994e-12
 9.06822144e-12 2.50253884e-11 1.16236626e-02 8.62691804e-12
 3.29434008e-02 1.54095882e-01 2.07704253e-02 5.64574298e-12
 1.47101430e-11 1.15732817e-02 1.45226575e-11 2.15043525e-01
 2.23103688e-06]
