Finished before TL = TrueObj: 1.2778938114885872
SolTime: 43.46614170074463
It. number: 36
Upper level solution: [7.71607000e-02 3.66732235e-02 9.05515710e-11 1.18614698e-01
 7.98535974e-11 2.47071211e-11 9.16217921e-11 5.06967226e-11
 2.94910962e-02 4.83335886e-11 5.36002536e-03 2.22481318e-02
 6.88843832e-11 1.27224931e-01 2.54696703e-11 2.86604132e-11
 2.63960312e-11 3.07346155e-11 1.16305514e-02 3.14543340e-11
 1.46926566e-01 1.43242880e-10 1.95737721e-10 2.76872457e-02
 3.19515318e-03 4.84846489e-11 1.81854514e-10 8.00880870e-03
 2.75226120e-11 2.25612469e-11 1.67923030e-10 3.98154824e-10
 1.39782538e-01 3.42198725e-11 4.35245933e-11 3.61772205e-11
 3.80136701e-11 2.91451231e-11 2.49596177e-11 4.66405704e-11
 2.50395178e-11 1.09609789e-10 7.43418061e-11 6.38912405e-11
 1.16340008e-10 5.73756169e-02 1.88620712e-01]
