Finished before time limit.
Obj: 1.2779006291526407
SolTime: 80.05448007583618
It. number: 31

Upper level solution: [ 7.77083792e-02  3.54572128e-02  3.25556365e-10  1.18855178e-01
 -2.46531107e-10 -4.18898357e-10  5.23926525e-10 -2.31968221e-10
  2.87488163e-02 -2.73321122e-10  5.66626778e-03  2.24316398e-02
 -4.42540402e-11  1.28276060e-01 -3.92271660e-10 -3.76964722e-10
 -3.91855458e-10 -3.28889961e-10  1.10910531e-02 -3.46277887e-10
  1.47989357e-01  6.90700289e-10  2.64745313e-10  2.65867771e-02
  3.64224551e-03 -2.35957241e-10  3.25106521e-10  8.17830863e-03
 -3.89051911e-10 -4.16926339e-10  2.45925357e-10  1.65267594e-09
  1.40325936e-01 -3.33676107e-10 -2.68009813e-10 -3.07692419e-10
 -3.11226197e-10 -4.01864538e-10 -4.09894677e-10 -2.09348849e-10
 -3.84760924e-10 -9.27884396e-11 -6.28300485e-11 -9.34563879e-11
  1.67438292e-10  5.68266871e-02  1.88216083e-01]
