Finished before time limit.
Obj: 1.2776939615351512
SolTime: 32.98163318634033
It. number: 19

Upper level solution: [7.83204850e-02 3.44983186e-02 5.25795924e-12 1.18216766e-01
 4.29213802e-12 1.35039060e-12 4.98580156e-12 2.92776712e-12
 2.87719806e-02 2.54902357e-12 6.55096532e-03 2.03452984e-02
 3.89882426e-12 1.28839154e-01 1.43386085e-12 1.61460922e-12
 1.48807762e-12 1.72621047e-12 1.27102516e-02 1.78030081e-12
 1.47934839e-01 6.99995455e-12 1.16362266e-11 2.74099428e-02
 2.98633369e-03 2.79951164e-12 1.01305605e-11 7.63355643e-03
 1.56634539e-12 1.26182218e-12 1.05956186e-11 2.35460774e-11
 1.40368063e-01 1.89924843e-12 2.40570254e-12 2.03642783e-12
 2.12116820e-12 1.58116469e-12 1.38812863e-12 2.63400591e-12
 1.41285047e-12 6.19070247e-12 4.33525797e-12 3.57858773e-12
 6.07964555e-12 5.75908402e-02 1.87823206e-01]
