Obj: 1.3509776312413344
SolTime: 166.46870589256287
Upper level solution: [ 3.55658585e-02  2.88279616e-10  4.64617142e-02  7.10689170e-10
 -1.99652524e-10 -1.89741905e-10 -4.73806196e-11 -9.04445256e-11
  5.90182780e-02  3.49848678e-10 -5.42515499e-11  1.53910468e-02
 -1.09072744e-10  3.91300751e-10  3.58866435e-09 -1.71218866e-10
  6.80343186e-02  5.04187254e-02  3.19954997e-11  4.73774191e-02
  4.31716186e-11 -1.78940425e-10  7.52832362e-09  4.28722549e-02
 -1.14098782e-10  1.49219695e-10  7.11372470e-03  6.43935045e-02
 -1.71479773e-10  4.42511298e-02  2.88949369e-11  9.18234868e-11
  1.60128400e-01 -1.41150900e-10  6.84606254e-11 -1.83011786e-10
 -2.05017850e-10 -3.30719723e-11  1.29979055e-10 -1.57981116e-10
  2.19961396e-10  1.59375308e-10  1.63000091e-01 -8.18066771e-11
  3.73387112e-02  4.27601328e-02 -2.12706607e-10 -1.97762681e-10
  1.15874679e-01]
