Finished before time limit.
Obj: 1.350980297714004
SolTime: 132.41962599754333
It. number: 38

Upper level solution: [ 3.54414781e-02  5.16871680e-10  4.72468936e-02  5.66495795e-10
 -2.84010469e-10 -2.73719246e-10 -8.95053363e-11 -9.85409978e-11
  5.88045123e-02  5.95158127e-10 -8.75766539e-11  1.45968146e-02
 -1.10942517e-10  5.18400279e-10  2.05182935e-09 -2.37454655e-10
  6.76785715e-02  5.06506449e-02  3.83678006e-11  4.69799215e-02
 -3.53923922e-11 -2.48535902e-10  6.48663751e-09  4.30407163e-02
 -1.72494795e-10  2.29826343e-10  7.13150192e-03  6.51960847e-02
 -2.39342820e-10  4.37291011e-02 -7.65112317e-12  3.37336276e-10
  1.60467105e-01 -2.05391447e-10  1.15473047e-10 -2.72819287e-10
 -3.01227713e-10 -7.91757441e-11  4.14928364e-10 -2.30999007e-10
  3.27458098e-10  1.64817038e-10  1.64076913e-01 -6.43720472e-11
  3.66867281e-02  4.22764996e-02 -3.08605259e-10 -2.82812623e-10
  1.15996505e-01]
