Finished before TL = TrueObj: 1.3507911008989062
SolTime: 51.633227586746216
It. number: 24
Upper level solution: [3.72822580e-02 3.72715018e-11 4.83527050e-02 4.01742555e-11
 4.04403416e-12 4.64299567e-12 1.16031713e-11 9.09489644e-12
 5.96252842e-02 3.23375203e-11 8.63298790e-12 1.61259720e-02
 1.01261938e-11 3.41642888e-11 1.35542804e-10 4.83979907e-12
 6.48893701e-02 4.72634644e-02 1.50873870e-11 4.58666436e-02
 1.20605581e-11 4.42368996e-12 5.55140049e-11 4.30192498e-02
 6.10044238e-12 1.96406675e-11 6.51682433e-03 6.46763853e-02
 5.36372579e-12 4.27810185e-02 1.56730247e-11 2.08879872e-11
 1.63375727e-01 7.12928543e-12 2.58245846e-11 4.25362045e-12
 3.42530184e-12 1.10407114e-11 1.56354372e-11 5.89963888e-12
 3.93812415e-11 2.35328970e-11 1.63726884e-01 9.19385160e-12
 3.74363624e-02 4.42379858e-02 3.14894618e-12 4.31426541e-12
 1.14823865e-01]
