Obj: 3.997055912340872
SolTime: 48.3543758392334
Upper level solution: [ 1.30145002e-02  2.94703812e-02 -4.68388305e-09  3.06376229e-08
  1.46288344e-08  4.09185714e-08  1.95388268e-02 -8.00477166e-10
  5.20535613e-09  9.32534204e-02  9.30880952e-09  6.78969252e-06
  1.35659965e-08  3.41182803e-09  4.22210378e-09  1.48360367e-02
  3.80548863e-09  2.89705775e-09  6.53089820e-10  7.10260877e-10
  2.22461296e-09  1.95252651e-02  7.28000908e-02  9.29486865e-09
  1.08720326e-02  3.05911192e-02  1.67278077e-02  9.00740920e-08
  1.37133129e-09  2.42262515e-08  3.12598250e-10  7.75137652e-10
  9.26721181e-09  2.03544299e-07 -2.36024068e-09  4.39712249e-02
  2.08209499e-08  9.82760184e-08  8.97345514e-03 -1.43924637e-09
 -2.97615030e-09  7.23841908e-09  1.36537708e-08  8.27290520e-03
 -4.89621246e-09  3.84952137e-02  1.18271910e-01  5.02238392e-08
  1.30142741e-08 -1.27959012e-09  1.35062400e-02  2.62378844e-08
  2.16992133e-02  1.34592766e-08  2.80000514e-03  4.84802857e-08
  6.18056044e-09  3.25574977e-09  4.42919303e-08  1.64464812e-08
  1.23399558e-02  1.60585163e-09  4.43661166e-09  5.66062218e-11
  2.91074710e-08  3.35720798e-02  9.09654249e-03  5.00331134e-09
  3.84902474e-02  9.63860615e-03  3.58300849e-08  2.38795947e-02
  2.73750867e-03  4.53552613e-09  6.98073688e-02  3.48064876e-09
  1.90240762e-08  1.13997748e-02  3.03460238e-02  6.03718328e-08
  4.56018888e-02  8.65622897e-09  2.58435802e-09  1.68954247e-08
  5.98671354e-02  6.62327502e-10  6.23585714e-09  1.65214988e-02
  9.29659857e-09  2.87140773e-02  3.13601109e-02  1.47196788e-08
  3.93436129e-08  8.46604023e-09  4.21295345e-08  1.02146475e-08]
