Time limit reached.
Obj: -0.2608287325349625
Upper bound: [-0.26081972]
SolTime: 18006.396723985672
It. number: 3498

Upper level solution: [1.83971174e-02 1.84830389e-02 1.85545959e-02 1.85731877e-02
 1.85224473e-02 1.22986710e-02 1.21567568e-02 1.22402305e-02
 1.22123526e-02 1.22948374e-02 2.50982994e-02 9.83879365e-03
 9.75280476e-03 9.61968873e-03 9.71693012e-03 9.69139614e-03
 6.52409588e-03 6.64297647e-03 6.58276839e-03 6.50651887e-03
 6.48526302e-03 1.25421596e-02 3.37858123e-02 8.05617128e-03
 8.04661738e-03 7.93951308e-03 8.09314549e-03 7.93059549e-03
 5.39568475e-03 5.42026521e-03 5.34498261e-03 5.41500215e-03
 5.35872495e-03 1.09641912e-02 4.30478032e-03 4.45601215e-03
 4.41934609e-03 4.50928886e-03 4.55061424e-03 3.36882998e-03
 3.37953020e-03 3.35934703e-03 3.19233416e-03 3.24971519e-03
 5.57442354e-03 1.35056383e-02 4.14302799e-02 8.42003470e-03
 8.23195554e-03 8.19435261e-03 8.20213711e-03 8.18141072e-03
 5.40378927e-03 5.47883171e-03 5.43998833e-03 5.49879310e-03
 5.45044401e-03 1.13121745e-02 4.29644641e-03 4.24958280e-03
 4.25551848e-03 4.18758383e-03 4.18265531e-03 2.28906199e-03
 2.45407751e-03 2.44237671e-03 2.42800898e-03 2.39936681e-03
 5.68964676e-03 1.43752001e-02 3.31516810e-03 3.34686242e-03
 3.26135825e-03 3.31219439e-03 3.25742539e-03 1.89634396e-03
 1.85183076e-03 1.90311234e-03 1.93758392e-03 2.03275914e-03
 4.74384466e-03 9.27462639e-04 8.57188397e-04 8.99702583e-04
 8.76323674e-04 7.85396538e-04 8.92354918e-05 3.15139488e-07
 1.74726779e-04 2.22448264e-07 1.66193073e-04 1.59608644e-03
 5.69884156e-03 1.80107251e-02 6.18989548e-02 8.32437885e-03
 8.07047208e-03 7.96806123e-03 8.07354501e-03 8.04999278e-03
 5.06955408e-03 5.36425359e-03 5.38595670e-03 5.21329129e-03
 5.23574796e-03 1.06686439e-02 3.82757818e-03 4.08913055e-03
 4.10350959e-03 3.90962769e-03 3.94330082e-03 2.43870503e-03
 2.04670990e-03 2.13911891e-03 2.57581301e-03 2.48197262e-03
 5.79442947e-03 1.38009897e-02 3.19087862e-03 3.19573792e-03
 3.29713059e-03 3.20986387e-03 3.33416958e-03 1.86837824e-03
 1.73612101e-03 1.97360674e-03 1.81592292e-03 2.02002039e-03
 4.69081164e-03 9.79394746e-04 8.53056046e-04 9.73213066e-04
 8.22813715e-04 8.64158719e-04 4.55073660e-10 4.48258124e-10
 4.50609534e-10 4.41981129e-10 4.80851908e-10 1.42243287e-03
 5.39999572e-03 1.79323874e-02 2.53540581e-04 4.86237076e-04
 7.06661828e-04 7.02097508e-04 8.25805963e-04 5.90685827e-04
 5.88215153e-04 1.53793868e-04 2.07454127e-04 3.63595694e-07
 5.93653513e-04 2.00331325e-10 2.13081937e-10 2.13195411e-10
 2.24368247e-10 1.99384602e-10 4.62347512e-10 4.72183603e-10
 4.79206345e-10 4.95340707e-10 4.44354963e-10 1.85415269e-10
 2.03215152e-10 5.55653230e-11 5.35526036e-11 5.40761189e-11
 5.26327195e-11 5.50439563e-11 4.43940787e-11 4.37730835e-11
 4.35368094e-11 4.37153112e-11 4.40740592e-11 5.79883116e-11
 3.85103155e-11 3.79061323e-11 3.82019966e-11 3.78686147e-11
 3.82873680e-11 3.95874058e-11 3.92153745e-11 3.92619789e-11
 3.91433454e-11 3.93535239e-11 3.62343317e-11 4.62139341e-11
 1.85056972e-11 3.26896029e-03 6.37785751e-02]
