Obj: 2.6031823655342934
SolTime: 6.9943461418151855
Upper level solution: [ 5.65626894e-02  6.86462661e-09  1.18322807e-01 -1.99590230e-09
  7.59992467e-09 -1.30594370e-09  8.82108910e-09  3.28608881e-08
  3.11269355e-09  1.56433999e-07  4.76448862e-02  5.93766637e-09
  1.17822425e-08  4.77195313e-02  5.45504288e-02  3.28642006e-09
  1.02899448e-08  1.93616877e-09 -2.31034173e-10  6.01760819e-08
  1.34447094e-08 -2.87877162e-09  1.10575962e-07  1.88826402e-08
  2.02427053e-09 -8.70810216e-10  3.30914888e-09 -3.12789689e-09
  1.03013615e-09  4.55923696e-09  2.20636931e-09  1.85757393e-08
  4.18759533e-08  9.70127451e-03  1.69662094e-08 -3.25982001e-09
  1.54160660e-10  1.14542480e-01  1.23586613e-01  6.47015010e-08
  9.63875177e-02 -5.05223645e-10  4.56772316e-10  8.82658724e-02
  1.23992394e-03  2.41379352e-02  2.12284059e-08 -2.67190766e-10
  3.01915945e-09  1.55628707e-03  3.92721230e-08  1.97846254e-09
  1.31681871e-08  1.32451282e-08  1.29414125e-08  8.32452544e-02
  1.80057509e-08  9.13606924e-02  1.63593846e-08 -4.17254063e-09
 -6.06200989e-09  4.11750520e-02  7.03906414e-09  1.50681634e-08]
