Obj: -0.3163842075178449
SolTime: 97.65069222450256
It. number: 727
Upper level solution: [4.51400750e-02 4.69882864e-02 4.71015484e-02 4.54475776e-02
 4.54449359e-02 2.24318717e-02 2.25778400e-02 2.70140829e-02
 2.67594824e-02 3.05297106e-02 5.67514080e-02 1.72084830e-02
 1.65570213e-02 1.57758169e-02 1.58089102e-02 1.52060809e-02
 1.45869148e-02 1.37186341e-02 1.63602809e-02 1.65704008e-02
 1.86211746e-02 3.30911666e-02 7.48190227e-02 1.98324288e-02
 1.81955123e-02 1.42811645e-02 1.47231513e-02 1.29787722e-02
 9.27345668e-03 8.83581308e-03 9.87031812e-03 1.09738866e-02
 9.97156096e-03 1.46481238e-02 7.32673732e-03 7.31036166e-03
 3.67067400e-03 5.43592701e-03 2.96219746e-03 3.29823745e-08
 1.87096856e-07 3.01944193e-08 1.52947410e-03 3.56286523e-08
 1.97516966e-02 3.07968053e-02 9.31209268e-02]
