Obj: -0.3163746099297271
SolTime: 2.5535788536071777
Upper level solution: [4.50033948e-02 4.68665017e-02 4.70827718e-02 4.53685905e-02
 4.54524023e-02 2.25891957e-02 2.27332646e-02 2.69901175e-02
 2.67552266e-02 3.03964575e-02 5.68609679e-02 1.73681228e-02
 1.67626252e-02 1.59355209e-02 1.59196981e-02 1.53501539e-02
 1.46455485e-02 1.37584233e-02 1.62315003e-02 1.64590821e-02
 1.83900747e-02 3.27788691e-02 7.48383390e-02 1.96351671e-02
 1.79779237e-02 1.42333522e-02 1.47441353e-02 1.30836210e-02
 9.38416277e-03 8.89306622e-03 9.83025002e-03 1.10135394e-02
 9.99730577e-03 1.49175688e-02 7.34984605e-03 7.30147818e-03
 3.70683617e-03 5.50804209e-03 2.95097812e-03 4.85008451e-10
 2.87703281e-08 5.57349472e-10 1.55272563e-03 5.45846949e-10
 1.95586921e-02 3.07360305e-02 9.30883995e-02]
