Obj: -0.2608247385020001
SolTime: 1195.0636608600616
Upper level solution: [ 1.83626301e-02  1.84844280e-02  1.85517911e-02  1.85468690e-02
  1.84890645e-02  1.23629488e-02  1.21775504e-02  1.22563711e-02
  1.21944335e-02  1.22918511e-02  2.50090533e-02  9.84051612e-03
  9.74026858e-03  9.69483728e-03  9.73968971e-03  9.75301185e-03
  6.46532409e-03  6.62718935e-03  6.53685188e-03  6.49837271e-03
  6.50766043e-03  1.26061336e-02  3.37323976e-02  8.04090719e-03
  8.08947883e-03  7.95580973e-03  8.15836983e-03  7.98199928e-03
  5.36850317e-03  5.41240467e-03  5.38551283e-03  5.38039777e-03
  5.38700186e-03  1.09668326e-02  4.29658601e-03  4.42372833e-03
  4.41570015e-03  4.47424595e-03  4.54190109e-03  3.32314796e-03
  3.35542534e-03  3.31060156e-03  3.21773851e-03  3.24984521e-03
  5.56674328e-03  1.35494083e-02  4.15006409e-02  8.38963903e-03
  8.23776334e-03  8.16883134e-03  8.21236497e-03  8.24294933e-03
  5.42383461e-03  5.43704595e-03  5.40839943e-03  5.51224414e-03
  5.40559411e-03  1.13336996e-02  4.25557601e-03  4.22623055e-03
  4.21243110e-03  4.21546600e-03  4.17377887e-03  2.32893610e-03
  2.45152307e-03  2.45475501e-03  2.47447865e-03  2.41430153e-03
  5.65006034e-03  1.43779501e-02  3.34092494e-03  3.33300167e-03
  3.31879530e-03  3.29056122e-03  3.29245720e-03  1.86339789e-03
  1.83164078e-03  1.89620964e-03  1.93974608e-03  1.95596636e-03
  4.81062651e-03  8.95559543e-04  8.05671415e-04  8.79297051e-04
  8.22072094e-04  8.24110954e-04  1.43556939e-04  4.15555193e-05
  1.43088525e-04  8.19705258e-05  1.85214973e-04  1.58113567e-03
  5.65745225e-03  1.79999543e-02  6.18415564e-02  8.30541298e-03
  8.12653076e-03  8.03819172e-03  8.01925632e-03  8.06160911e-03
  5.08935863e-03  5.27806914e-03  5.24759713e-03  5.32831118e-03
  5.23538807e-03  1.07103414e-02  3.84839798e-03  4.05070831e-03
  4.03984622e-03  3.94469674e-03  3.91300712e-03  2.38344347e-03
  2.15578496e-03  2.27824211e-03  2.43579105e-03  2.43639871e-03
  5.80235864e-03  1.38877284e-02  3.17249358e-03  3.19285979e-03
  3.25928259e-03  3.19921699e-03  3.24893813e-03  1.90371052e-03
  1.83244098e-03  1.97112520e-03  1.80268607e-03  1.97814014e-03
  4.66802183e-03  1.01531155e-03  8.71817026e-04  1.04215575e-03
  8.29188412e-04  9.33377960e-04  1.05957325e-08  8.58275348e-09
  1.09297203e-08  8.69079254e-09  1.07562925e-08  1.35503591e-03
  5.34157091e-03  1.78561498e-02  3.59184590e-04  4.76051518e-04
  6.45755655e-04  7.50868098e-04  7.49012667e-04  5.30841738e-04
  6.60882844e-04  2.59561028e-04  1.37451472e-04  4.87895910e-05
  5.89650564e-04  2.11372061e-09  3.14609041e-09  2.43572131e-09
  3.14418609e-09  2.42121120e-09  7.02791417e-09  8.84441092e-09
  7.55135035e-09  8.87721468e-09  7.48701533e-09  2.09652994e-09
  3.21930423e-09 -5.54928345e-10 -6.69151217e-10 -5.96517541e-10
 -6.73944747e-10 -6.00284133e-10 -8.29747953e-10 -8.73801887e-10
 -8.57281146e-10 -8.67209688e-10 -8.54025803e-10 -5.37100124e-10
 -9.67746176e-10 -9.89201506e-10 -9.75580940e-10 -9.88406636e-10
 -9.76604280e-10 -9.34667069e-10 -9.51709866e-10 -9.43483554e-10
 -9.51610504e-10 -9.44432469e-10 -1.02945423e-09 -8.35880534e-10
 -1.44439611e-09  3.33482441e-03  6.37614921e-02]
