Obj: -0.3715960023699741
SolTime: 2.5651981830596924
Upper level solution: [ 2.14474005e-02  2.60468279e-02  2.95852315e-02  3.04669109e-02
  2.94760412e-02  2.60485182e-02  2.12528997e-02  2.64638991e-02
  1.56552123e-02  1.98595466e-02  2.15322859e-02  2.12385830e-02
  1.57963784e-02  2.50852395e-02  2.93402991e-02  1.94870245e-02
  6.89493756e-03  3.03214982e-03  7.14551291e-03  2.08659843e-02
  2.93410380e-02  3.05391060e-02  2.22498633e-02  1.14910981e-03
 -2.76341414e-11  1.14910981e-03  2.22498633e-02  3.05391060e-02
  2.93410380e-02  2.08659843e-02  7.14551291e-03  3.03214982e-03
  6.89493756e-03  1.94870245e-02  2.93402991e-02  2.50852395e-02
  1.57963784e-02  2.12385830e-02  2.15322859e-02  1.98595466e-02
  1.56552123e-02  2.64638991e-02  2.12528997e-02  2.60485182e-02
  2.94760412e-02  3.04669109e-02  2.95852315e-02  2.60468279e-02
  2.14474005e-02]
