Obj value returned by the solver: 1848.8765833300274
Obj: 1848.8765833300274
Obj value computed with solution variables: 24
SolTime: 0.8661611080169678
Q matrix recovered: [[5.3391563  2.90064082 3.42069863 1.57773809 2.5467825  2.57601759
  1.95454721 2.98710119 2.5222463  2.70801485 1.57144484 1.99475162
  3.32057789 3.34668898 3.11230585]
 [2.90064082 5.88854839 2.83039587 2.97344021 3.53382347 1.03354691
  3.08828126 2.49508611 2.42345562 2.32061959 2.64882779 1.69889847
  3.5549732  1.87628482 1.6429462 ]
 [3.42069863 2.83039587 4.43451283 2.3697022  3.27063376 2.82353538
  2.87124573 2.70880197 1.63402691 2.85898895 2.37746615 3.0994707
  2.46542476 3.3766618  2.78568938]
 [1.57773809 2.97344021 2.3697022  4.05017663 2.96556084 1.74735447
  2.27588798 2.38035179 2.53562253 1.88454654 1.86624    2.11928141
  1.80266642 3.27759885 1.58694817]
 [2.5467825  3.53382347 3.27063376 2.96556084 4.98022374 2.32454008
  1.82687453 2.6572527  2.8809758  3.34392281 1.81856698 2.74770456
  2.52306721 2.58873055 2.88682783]
 [2.57601759 1.03354691 2.82353538 1.74735447 2.32454008 2.80689165
  1.05550188 2.86150252 1.53586777 2.51765812 1.47795852 2.56527166
  2.11583109 2.65761502 2.32573811]
 [1.95454721 3.08828126 2.87124573 2.27588798 1.82687453 1.05550188
  5.16215494 3.18020717 1.66627634 2.47647396 3.42765994 1.13260479
  1.16322115 2.90866491 1.22594819]
 [2.98710119 2.49508611 2.70880197 2.38035179 2.6572527  2.86150252
  3.18020717 5.69919627 3.11674261 3.80180452 3.13868019 2.2525472
  2.68352935 2.66421387 2.81561412]
 [2.5222463  2.42345562 1.63402691 2.53562253 2.8809758  1.53586777
  1.66627634 3.11674261 3.75917545 2.08463277 1.12400613 1.58620418
  1.55324741 1.8489215  2.97765754]
 [2.70801485 2.32061959 2.85898895 1.88454654 3.34392281 2.51765812
  2.47647396 3.80180452 2.08463277 3.7494318  2.61272308 2.21465826
  2.64953361 2.81912175 2.20737759]
 [1.57144484 2.64882779 2.37746615 1.86624    1.81856698 1.47795852
  3.42765994 3.13868019 1.12400613 2.61272308 3.15126904 1.72578811
  2.28736169 2.28375591 0.93989997]
 [1.99475162 1.69889847 3.0994707  2.11928141 2.74770456 2.56527166
  1.13260479 2.2525472  1.58620418 2.21465826 1.72578811 3.56796063
  2.61040369 2.19819223 2.58113178]
 [3.32057789 3.5549732  2.46542476 1.80266642 2.52306721 2.11583109
  1.16322115 2.68352935 1.55324741 2.64953361 2.28736169 2.61040369
  4.69494452 2.22165186 1.67478412]
 [3.34668898 1.87628482 3.3766618  3.27759885 2.58873055 2.65761502
  2.90866491 2.66421387 1.8489215  2.81912175 2.28375591 2.19819223
  2.22165186 5.17420799 1.71301726]
 [3.11230585 1.6429462  2.78568938 1.58694817 2.88682783 2.32573811
  1.22594819 2.81561412 2.97765754 2.20737759 0.93989997 2.58113178
  1.67478412 1.71301726 3.74537907]]
q vector recovered: [-2.62528982 -2.63861264 -1.31114063 -1.57964152 -2.67746051 -2.17558839
 -2.31902517 -1.70500828 -1.94917169 -2.60943708 -2.24162243 -2.41750887
 -2.37979888 -2.26026453 -2.22549732]
Scalar c recovered: [1.23627128]
