Finished before TL = TrueObj: -0.07600700333651189
SolTime: 12.414684772491455
It. number: 184
Upper level solution: [9.21965940e-11 9.31276940e-11 7.73937703e-02 8.52304231e-10
 2.45662144e-10 9.21606340e-11 8.03264141e-10 2.82022566e-02
 8.03264177e-10 2.45662143e-10 1.08427147e-10 2.09825630e-10
 4.84499174e-02 7.74966243e-02 4.60673163e-10 9.21606339e-11
 2.45662142e-10 9.49078897e-11 7.77625935e-10 2.52570298e-10
 7.63791664e-02 2.52610303e-10 3.11955123e-10 1.73080113e-10
 8.22015660e-10 9.21606349e-11 8.21522531e-10 9.31195072e-11
 7.67138806e-02 9.31194674e-11 9.21606549e-11 9.26899159e-11
 8.21522622e-10 7.77625987e-10 9.21606342e-11 1.96618454e-10
 7.80650409e-02 4.78069459e-02 2.49936060e-10 8.21503989e-10
 9.27985942e-11 1.08903801e-10 2.79093237e-02 1.46282576e-10
 2.04794341e-10 1.08901250e-10 9.21611606e-11 9.59212183e-11
 7.64656401e-02 8.57828002e-10 5.10514658e-09 2.90341705e-02
 1.15843218e-10 1.08901587e-10 9.27551325e-11 4.77730054e-02
 7.74119996e-02 9.31282049e-11 9.76601067e-11 9.21606328e-11
 9.21606545e-11 9.21606556e-11 8.21517215e-10 9.21606474e-11
 9.21810899e-11 7.77625935e-10 9.21606458e-11 7.77607632e-10
 8.21661539e-10 1.18200533e-10 7.60480106e-02 7.76856587e-02
 9.05928100e-10 1.39086479e-10 9.21606339e-11 2.09476726e-10
 7.71645641e-02 9.31252769e-11 7.77607624e-10 9.21957498e-11]
