Obj: 7.803016539884682
SolTime: 1146.5110630989075
Upper level solution: [ 3.14070529e-08 -2.96175393e-09  2.53079310e-08  8.17952465e-09
  2.82051405e-02  1.55582447e-08  4.27901476e-09  8.51964652e-09
 -9.81156881e-10 -3.24672244e-09  2.33943412e-08  1.90760767e-08
  2.60144774e-02  1.27098183e-02  2.86187856e-02  1.95310545e-09
  5.31205113e-09 -2.46933850e-09  1.17195831e-07  1.16472126e-09
 -2.77315134e-09  1.11178718e-02  7.37473841e-09  2.79381275e-01
 -4.91346910e-09  4.46772728e-10  3.26763423e-09 -2.41101178e-09
 -1.69296024e-09 -3.74417040e-10 -3.01052685e-09  2.31964249e-09
  1.12377401e-02  1.79495250e-02  1.25300980e-02  2.52302474e-08
  1.29216601e-08  2.95191898e-08 -1.16457543e-09  3.97350872e-08
  3.10924274e-09 -1.76092749e-09  9.67021975e-09  5.57844313e-10
  1.60794947e-08  1.05704660e-01  4.63049760e-02  1.22070161e-08
  9.33488788e-09  1.01393168e-09  1.43815124e-09 -4.96278017e-09
 -1.87621272e-09 -1.20739547e-09  8.11166579e-09  7.78081586e-10
  5.17299976e-09  9.45101074e-11  2.49442541e-08 -3.43629159e-10
 -1.68340696e-09  9.82719535e-09  1.12665131e-09 -1.29129211e-09
  6.87418249e-08  3.46871079e-09  1.75446985e-08 -3.61399861e-09
 -2.02738973e-09  3.68345550e-08  2.51110016e-10  2.44589134e-08
 -3.67141937e-09 -3.44318420e-09  1.85692551e-09 -3.20444387e-10
  1.49086050e-10  7.17592443e-08 -1.65668482e-09 -3.02957057e-09
  1.69600716e-09  2.71363671e-09 -1.91641936e-10 -8.91899128e-10
  5.46370359e-08  3.94074162e-08  3.08638829e-08  4.94933656e-10
 -1.93048891e-10 -3.70817953e-09  4.82549602e-10  5.36074332e-10
  2.77162606e-02 -3.70462966e-09  1.67957492e-09  7.28048256e-09
 -1.19648058e-10 -2.22908938e-09  2.24512427e-09 -3.65988484e-09
  7.29022033e-10 -9.19099132e-10 -2.10621889e-09  8.83305366e-10
  2.93513446e-02  3.00235219e-02  5.41894342e-09 -2.04265928e-09
  1.08183507e-08  3.31093347e-09 -1.76297403e-09 -1.11238377e-11
 -1.11794078e-09  1.99383857e-02 -2.95174722e-09 -4.93141480e-09
  6.22511982e-09  1.55941870e-02  4.30694343e-09  6.54501209e-09
  3.75156616e-08  1.00632088e-08  7.21814581e-10  1.77301471e-06
 -3.92252303e-09 -1.26054548e-09  5.19750561e-09  4.08586403e-09
  7.42207779e-09  1.17276902e-09  2.05971883e-09  1.66136595e-08
  8.12110557e-09 -1.51233307e-09 -2.59243366e-09  1.37217340e-07
  2.80199380e-02  1.21500403e-08  1.03705266e-09 -4.57642153e-10
  2.06745109e-07  2.01489288e-02  2.14681878e-09  8.21267930e-09
 -9.11838616e-10  5.94180676e-10  6.94768083e-10  3.70665209e-09
 -2.85793476e-10  2.14698610e-09  4.88178367e-09 -2.86472266e-09
  5.09412350e-02  5.42797180e-08  1.05782784e-07  9.47315579e-10
  5.42668878e-09 -2.57029247e-09 -3.26566603e-09 -2.65292717e-09
  7.31730864e-09  2.27534106e-09  2.74989985e-08  7.09933791e-02
  1.81204057e-07 -2.07291481e-09  1.97441682e-08 -1.56162979e-09
 -2.09303560e-09 -3.60883580e-09  1.74571937e-08 -1.83854790e-10
  2.54516135e-09  2.80878773e-06  2.38004704e-10  6.57689277e-09
  6.20140120e-08 -4.48767555e-10 -2.57926021e-09  2.49602376e-02
 -1.39375271e-09  5.02549022e-09 -1.20591010e-09  3.05981770e-09
  7.10155951e-02  8.12004775e-10  3.50475348e-08  4.22696540e-10
  4.55548456e-09  1.57770016e-09  3.15162465e-02]
