param n := 49;

param M : 1  2  3  4  5  6  7  8  9  10  11  12  13  14  15  16  17  18  19  20  21  22  23  24  25  26  27  28  29  30  31  32  33  34  35  36  37  38  39  40  41  42  43  44  45  46  47  48  49 :=
   1 1.000000 1.000000 1.000000 1.000000 1.000000 1.000000 1.000000 1.000000 1.000000 0.000000 0.000000 0.000000 0.000000 0.000000 1.000000 0.000000 1.000000 0.000000 0.000000 0.000000 0.000000 1.000000 0.000000 0.000000 1.000000 0.000000 0.000000 0.000000 1.000000 0.000000 0.000000 0.000000 1.000000 0.000000 0.000000 1.000000 0.000000 0.000000 0.000000 0.000000 1.000000 0.000000 1.000000 0.000000 0.000000 0.000000 0.000000 0.000000 1.000000 
   2 1.000000 1.000000 1.000000 1.000000 1.000000 1.000000 1.000000 1.000000 1.000000 1.000000 0.000000 0.000000 0.000000 0.000000 0.000000 1.000000 0.000000 1.000000 0.000000 0.000000 0.000000 0.000000 1.000000 0.000000 0.000000 1.000000 0.000000 0.000000 0.000000 1.000000 0.000000 0.000000 0.000000 1.000000 0.000000 0.000000 1.000000 0.000000 0.000000 0.000000 0.000000 1.000000 0.000000 1.000000 0.000000 0.000000 0.000000 0.000000 0.000000 
   3 1.000000 1.000000 1.000000 1.000000 1.000000 1.000000 1.000000 0.000000 1.000000 1.000000 1.000000 0.000000 0.000000 0.000000 1.000000 0.000000 1.000000 0.000000 1.000000 0.000000 0.000000 0.000000 0.000000 1.000000 0.000000 0.000000 1.000000 0.000000 0.000000 0.000000 1.000000 0.000000 0.000000 0.000000 1.000000 0.000000 0.000000 1.000000 0.000000 0.000000 0.000000 0.000000 0.000000 0.000000 1.000000 0.000000 0.000000 0.000000 0.000000 
   4 1.000000 1.000000 1.000000 1.000000 1.000000 1.000000 1.000000 0.000000 0.000000 1.000000 1.000000 1.000000 0.000000 0.000000 0.000000 1.000000 0.000000 1.000000 0.000000 1.000000 0.000000 1.000000 0.000000 0.000000 1.000000 0.000000 0.000000 1.000000 0.000000 0.000000 0.000000 1.000000 0.000000 0.000000 0.000000 0.000000 0.000000 0.000000 1.000000 0.000000 0.000000 0.000000 0.000000 0.000000 0.000000 1.000000 0.000000 0.000000 0.000000 
   5 1.000000 1.000000 1.000000 1.000000 1.000000 1.000000 1.000000 0.000000 0.000000 0.000000 1.000000 1.000000 1.000000 0.000000 0.000000 0.000000 1.000000 0.000000 1.000000 0.000000 1.000000 0.000000 1.000000 0.000000 0.000000 1.000000 0.000000 0.000000 1.000000 0.000000 0.000000 0.000000 1.000000 0.000000 0.000000 0.000000 0.000000 0.000000 0.000000 1.000000 0.000000 0.000000 0.000000 0.000000 0.000000 0.000000 1.000000 0.000000 0.000000 
   6 1.000000 1.000000 1.000000 1.000000 1.000000 1.000000 1.000000 0.000000 0.000000 0.000000 0.000000 1.000000 1.000000 1.000000 0.000000 0.000000 0.000000 1.000000 0.000000 1.000000 0.000000 0.000000 0.000000 1.000000 0.000000 0.000000 1.000000 0.000000 0.000000 1.000000 0.000000 0.000000 0.000000 1.000000 0.000000 1.000000 0.000000 0.000000 0.000000 0.000000 1.000000 0.000000 0.000000 0.000000 0.000000 0.000000 0.000000 1.000000 0.000000 
   7 1.000000 1.000000 1.000000 1.000000 1.000000 1.000000 1.000000 0.000000 0.000000 0.000000 0.000000 0.000000 1.000000 1.000000 0.000000 0.000000 0.000000 0.000000 1.000000 0.000000 1.000000 0.000000 0.000000 0.000000 1.000000 0.000000 0.000000 1.000000 0.000000 0.000000 1.000000 0.000000 0.000000 0.000000 1.000000 0.000000 1.000000 0.000000 0.000000 0.000000 0.000000 1.000000 1.000000 0.000000 0.000000 0.000000 0.000000 0.000000 1.000000 
   8 1.000000 1.000000 0.000000 0.000000 0.000000 0.000000 0.000000 1.000000 1.000000 1.000000 1.000000 1.000000 1.000000 1.000000 1.000000 1.000000 0.000000 0.000000 0.000000 0.000000 0.000000 1.000000 0.000000 1.000000 0.000000 0.000000 0.000000 0.000000 1.000000 0.000000 0.000000 1.000000 0.000000 0.000000 0.000000 1.000000 0.000000 0.000000 0.000000 1.000000 0.000000 0.000000 1.000000 0.000000 0.000000 0.000000 0.000000 1.000000 0.000000 
   9 1.000000 1.000000 1.000000 0.000000 0.000000 0.000000 0.000000 1.000000 1.000000 1.000000 1.000000 1.000000 1.000000 1.000000 1.000000 1.000000 1.000000 0.000000 0.000000 0.000000 0.000000 0.000000 1.000000 0.000000 1.000000 0.000000 0.000000 0.000000 0.000000 1.000000 0.000000 0.000000 1.000000 0.000000 0.000000 0.000000 1.000000 0.000000 0.000000 0.000000 1.000000 0.000000 0.000000 1.000000 0.000000 0.000000 0.000000 0.000000 1.000000 
   10 0.000000 1.000000 1.000000 1.000000 0.000000 0.000000 0.000000 1.000000 1.000000 1.000000 1.000000 1.000000 1.000000 1.000000 0.000000 1.000000 1.000000 1.000000 0.000000 0.000000 0.000000 1.000000 0.000000 1.000000 0.000000 1.000000 0.000000 0.000000 0.000000 0.000000 1.000000 0.000000 0.000000 1.000000 0.000000 0.000000 0.000000 1.000000 0.000000 0.000000 0.000000 1.000000 0.000000 0.000000 1.000000 0.000000 0.000000 0.000000 0.000000 
   11 0.000000 0.000000 1.000000 1.000000 1.000000 0.000000 0.000000 1.000000 1.000000 1.000000 1.000000 1.000000 1.000000 1.000000 0.000000 0.000000 1.000000 1.000000 1.000000 0.000000 0.000000 0.000000 1.000000 0.000000 1.000000 0.000000 1.000000 0.000000 1.000000 0.000000 0.000000 1.000000 0.000000 0.000000 1.000000 0.000000 0.000000 0.000000 1.000000 0.000000 0.000000 0.000000 0.000000 0.000000 0.000000 1.000000 0.000000 0.000000 0.000000 
   12 0.000000 0.000000 0.000000 1.000000 1.000000 1.000000 0.000000 1.000000 1.000000 1.000000 1.000000 1.000000 1.000000 1.000000 0.000000 0.000000 0.000000 1.000000 1.000000 1.000000 0.000000 0.000000 0.000000 1.000000 0.000000 1.000000 0.000000 1.000000 0.000000 1.000000 0.000000 0.000000 1.000000 0.000000 0.000000 1.000000 0.000000 0.000000 0.000000 1.000000 0.000000 0.000000 0.000000 0.000000 0.000000 0.000000 1.000000 0.000000 0.000000 
   13 0.000000 0.000000 0.000000 0.000000 1.000000 1.000000 1.000000 1.000000 1.000000 1.000000 1.000000 1.000000 1.000000 1.000000 0.000000 0.000000 0.000000 0.000000 1.000000 1.000000 1.000000 0.000000 0.000000 0.000000 1.000000 0.000000 1.000000 0.000000 0.000000 0.000000 1.000000 0.000000 0.000000 1.000000 0.000000 0.000000 1.000000 0.000000 0.000000 0.000000 1.000000 0.000000 1.000000 0.000000 0.000000 0.000000 0.000000 1.000000 0.000000 
   14 0.000000 0.000000 0.000000 0.000000 0.000000 1.000000 1.000000 1.000000 1.000000 1.000000 1.000000 1.000000 1.000000 1.000000 0.000000 0.000000 0.000000 0.000000 0.000000 1.000000 1.000000 0.000000 0.000000 0.000000 0.000000 1.000000 0.000000 1.000000 0.000000 0.000000 0.000000 1.000000 0.000000 0.000000 1.000000 0.000000 0.000000 1.000000 0.000000 0.000000 0.000000 1.000000 0.000000 1.000000 0.000000 0.000000 0.000000 0.000000 1.000000 
   15 1.000000 0.000000 1.000000 0.000000 0.000000 0.000000 0.000000 1.000000 1.000000 0.000000 0.000000 0.000000 0.000000 0.000000 1.000000 1.000000 1.000000 1.000000 1.000000 1.000000 1.000000 1.000000 1.000000 0.000000 0.000000 0.000000 0.000000 0.000000 1.000000 0.000000 1.000000 0.000000 0.000000 0.000000 0.000000 1.000000 0.000000 0.000000 1.000000 0.000000 0.000000 0.000000 1.000000 0.000000 0.000000 0.000000 1.000000 0.000000 0.000000 
   16 0.000000 1.000000 0.000000 1.000000 0.000000 0.000000 0.000000 1.000000 1.000000 1.000000 0.000000 0.000000 0.000000 0.000000 1.000000 1.000000 1.000000 1.000000 1.000000 1.000000 1.000000 1.000000 1.000000 1.000000 0.000000 0.000000 0.000000 0.000000 0.000000 1.000000 0.000000 1.000000 0.000000 0.000000 0.000000 0.000000 1.000000 0.000000 0.000000 1.000000 0.000000 0.000000 0.000000 1.000000 0.000000 0.000000 0.000000 1.000000 0.000000 
   17 1.000000 0.000000 1.000000 0.000000 1.000000 0.000000 0.000000 0.000000 1.000000 1.000000 1.000000 0.000000 0.000000 0.000000 1.000000 1.000000 1.000000 1.000000 1.000000 1.000000 1.000000 0.000000 1.000000 1.000000 1.000000 0.000000 0.000000 0.000000 1.000000 0.000000 1.000000 0.000000 1.000000 0.000000 0.000000 0.000000 0.000000 1.000000 0.000000 0.000000 1.000000 0.000000 0.000000 0.000000 1.000000 0.000000 0.000000 0.000000 1.000000 
   18 0.000000 1.000000 0.000000 1.000000 0.000000 1.000000 0.000000 0.000000 0.000000 1.000000 1.000000 1.000000 0.000000 0.000000 1.000000 1.000000 1.000000 1.000000 1.000000 1.000000 1.000000 0.000000 0.000000 1.000000 1.000000 1.000000 0.000000 0.000000 0.000000 1.000000 0.000000 1.000000 0.000000 1.000000 0.000000 1.000000 0.000000 0.000000 1.000000 0.000000 0.000000 1.000000 0.000000 0.000000 0.000000 1.000000 0.000000 0.000000 0.000000 
   19 0.000000 0.000000 1.000000 0.000000 1.000000 0.000000 1.000000 0.000000 0.000000 0.000000 1.000000 1.000000 1.000000 0.000000 1.000000 1.000000 1.000000 1.000000 1.000000 1.000000 1.000000 0.000000 0.000000 0.000000 1.000000 1.000000 1.000000 0.000000 0.000000 0.000000 1.000000 0.000000 1.000000 0.000000 1.000000 0.000000 1.000000 0.000000 0.000000 1.000000 0.000000 0.000000 1.000000 0.000000 0.000000 0.000000 1.000000 0.000000 0.000000 
   20 0.000000 0.000000 0.000000 1.000000 0.000000 1.000000 0.000000 0.000000 0.000000 0.000000 0.000000 1.000000 1.000000 1.000000 1.000000 1.000000 1.000000 1.000000 1.000000 1.000000 1.000000 0.000000 0.000000 0.000000 0.000000 1.000000 1.000000 1.000000 0.000000 0.000000 0.000000 1.000000 0.000000 1.000000 0.000000 0.000000 0.000000 1.000000 0.000000 0.000000 1.000000 0.000000 0.000000 1.000000 0.000000 0.000000 0.000000 1.000000 0.000000 
   21 0.000000 0.000000 0.000000 0.000000 1.000000 0.000000 1.000000 0.000000 0.000000 0.000000 0.000000 0.000000 1.000000 1.000000 1.000000 1.000000 1.000000 1.000000 1.000000 1.000000 1.000000 0.000000 0.000000 0.000000 0.000000 0.000000 1.000000 1.000000 0.000000 0.000000 0.000000 0.000000 1.000000 0.000000 1.000000 0.000000 0.000000 0.000000 1.000000 0.000000 0.000000 1.000000 0.000000 0.000000 1.000000 0.000000 0.000000 0.000000 1.000000 
   22 1.000000 0.000000 0.000000 1.000000 0.000000 0.000000 0.000000 1.000000 0.000000 1.000000 0.000000 0.000000 0.000000 0.000000 1.000000 1.000000 0.000000 0.000000 0.000000 0.000000 0.000000 1.000000 1.000000 1.000000 1.000000 1.000000 1.000000 1.000000 1.000000 1.000000 0.000000 0.000000 0.000000 0.000000 0.000000 1.000000 0.000000 1.000000 0.000000 0.000000 0.000000 0.000000 1.000000 0.000000 0.000000 1.000000 0.000000 0.000000 0.000000 
   23 0.000000 1.000000 0.000000 0.000000 1.000000 0.000000 0.000000 0.000000 1.000000 0.000000 1.000000 0.000000 0.000000 0.000000 1.000000 1.000000 1.000000 0.000000 0.000000 0.000000 0.000000 1.000000 1.000000 1.000000 1.000000 1.000000 1.000000 1.000000 1.000000 1.000000 1.000000 0.000000 0.000000 0.000000 0.000000 0.000000 1.000000 0.000000 1.000000 0.000000 0.000000 0.000000 0.000000 1.000000 0.000000 0.000000 1.000000 0.000000 0.000000 
   24 0.000000 0.000000 1.000000 0.000000 0.000000 1.000000 0.000000 1.000000 0.000000 1.000000 0.000000 1.000000 0.000000 0.000000 0.000000 1.000000 1.000000 1.000000 0.000000 0.000000 0.000000 1.000000 1.000000 1.000000 1.000000 1.000000 1.000000 1.000000 0.000000 1.000000 1.000000 1.000000 0.000000 0.000000 0.000000 1.000000 0.000000 1.000000 0.000000 1.000000 0.000000 0.000000 0.000000 0.000000 1.000000 0.000000 0.000000 1.000000 0.000000 
   25 1.000000 0.000000 0.000000 1.000000 0.000000 0.000000 1.000000 0.000000 1.000000 0.000000 1.000000 0.000000 1.000000 0.000000 0.000000 0.000000 1.000000 1.000000 1.000000 0.000000 0.000000 1.000000 1.000000 1.000000 1.000000 1.000000 1.000000 1.000000 0.000000 0.000000 1.000000 1.000000 1.000000 0.000000 0.000000 0.000000 1.000000 0.000000 1.000000 0.000000 1.000000 0.000000 1.000000 0.000000 0.000000 1.000000 0.000000 0.000000 1.000000 
   26 0.000000 1.000000 0.000000 0.000000 1.000000 0.000000 0.000000 0.000000 0.000000 1.000000 0.000000 1.000000 0.000000 1.000000 0.000000 0.000000 0.000000 1.000000 1.000000 1.000000 0.000000 1.000000 1.000000 1.000000 1.000000 1.000000 1.000000 1.000000 0.000000 0.000000 0.000000 1.000000 1.000000 1.000000 0.000000 0.000000 0.000000 1.000000 0.000000 1.000000 0.000000 1.000000 0.000000 1.000000 0.000000 0.000000 1.000000 0.000000 0.000000 
   27 0.000000 0.000000 1.000000 0.000000 0.000000 1.000000 0.000000 0.000000 0.000000 0.000000 1.000000 0.000000 1.000000 0.000000 0.000000 0.000000 0.000000 0.000000 1.000000 1.000000 1.000000 1.000000 1.000000 1.000000 1.000000 1.000000 1.000000 1.000000 0.000000 0.000000 0.000000 0.000000 1.000000 1.000000 1.000000 0.000000 0.000000 0.000000 1.000000 0.000000 1.000000 0.000000 0.000000 0.000000 1.000000 0.000000 0.000000 1.000000 0.000000 
   28 0.000000 0.000000 0.000000 1.000000 0.000000 0.000000 1.000000 0.000000 0.000000 0.000000 0.000000 1.000000 0.000000 1.000000 0.000000 0.000000 0.000000 0.000000 0.000000 1.000000 1.000000 1.000000 1.000000 1.000000 1.000000 1.000000 1.000000 1.000000 0.000000 0.000000 0.000000 0.000000 0.000000 1.000000 1.000000 0.000000 0.000000 0.000000 0.000000 1.000000 0.000000 1.000000 0.000000 0.000000 0.000000 1.000000 0.000000 0.000000 1.000000 
   29 1.000000 0.000000 0.000000 0.000000 1.000000 0.000000 0.000000 1.000000 0.000000 0.000000 1.000000 0.000000 0.000000 0.000000 1.000000 0.000000 1.000000 0.000000 0.000000 0.000000 0.000000 1.000000 1.000000 0.000000 0.000000 0.000000 0.000000 0.000000 1.000000 1.000000 1.000000 1.000000 1.000000 1.000000 1.000000 1.000000 1.000000 0.000000 0.000000 0.000000 0.000000 0.000000 1.000000 0.000000 1.000000 0.000000 0.000000 0.000000 0.000000 
   30 0.000000 1.000000 0.000000 0.000000 0.000000 1.000000 0.000000 0.000000 1.000000 0.000000 0.000000 1.000000 0.000000 0.000000 0.000000 1.000000 0.000000 1.000000 0.000000 0.000000 0.000000 1.000000 1.000000 1.000000 0.000000 0.000000 0.000000 0.000000 1.000000 1.000000 1.000000 1.000000 1.000000 1.000000 1.000000 1.000000 1.000000 1.000000 0.000000 0.000000 0.000000 0.000000 0.000000 1.000000 0.000000 1.000000 0.000000 0.000000 0.000000 
   31 0.000000 0.000000 1.000000 0.000000 0.000000 0.000000 1.000000 0.000000 0.000000 1.000000 0.000000 0.000000 1.000000 0.000000 1.000000 0.000000 1.000000 0.000000 1.000000 0.000000 0.000000 0.000000 1.000000 1.000000 1.000000 0.000000 0.000000 0.000000 1.000000 1.000000 1.000000 1.000000 1.000000 1.000000 1.000000 0.000000 1.000000 1.000000 1.000000 0.000000 0.000000 0.000000 1.000000 0.000000 1.000000 0.000000 1.000000 0.000000 0.000000 
   32 0.000000 0.000000 0.000000 1.000000 0.000000 0.000000 0.000000 1.000000 0.000000 0.000000 1.000000 0.000000 0.000000 1.000000 0.000000 1.000000 0.000000 1.000000 0.000000 1.000000 0.000000 0.000000 0.000000 1.000000 1.000000 1.000000 0.000000 0.000000 1.000000 1.000000 1.000000 1.000000 1.000000 1.000000 1.000000 0.000000 0.000000 1.000000 1.000000 1.000000 0.000000 0.000000 0.000000 1.000000 0.000000 1.000000 0.000000 1.000000 0.000000 
   33 1.000000 0.000000 0.000000 0.000000 1.000000 0.000000 0.000000 0.000000 1.000000 0.000000 0.000000 1.000000 0.000000 0.000000 0.000000 0.000000 1.000000 0.000000 1.000000 0.000000 1.000000 0.000000 0.000000 0.000000 1.000000 1.000000 1.000000 0.000000 1.000000 1.000000 1.000000 1.000000 1.000000 1.000000 1.000000 0.000000 0.000000 0.000000 1.000000 1.000000 1.000000 0.000000 0.000000 0.000000 1.000000 0.000000 1.000000 0.000000 1.000000 
   34 0.000000 1.000000 0.000000 0.000000 0.000000 1.000000 0.000000 0.000000 0.000000 1.000000 0.000000 0.000000 1.000000 0.000000 0.000000 0.000000 0.000000 1.000000 0.000000 1.000000 0.000000 0.000000 0.000000 0.000000 0.000000 1.000000 1.000000 1.000000 1.000000 1.000000 1.000000 1.000000 1.000000 1.000000 1.000000 0.000000 0.000000 0.000000 0.000000 1.000000 1.000000 1.000000 0.000000 0.000000 0.000000 1.000000 0.000000 1.000000 0.000000 
   35 0.000000 0.000000 1.000000 0.000000 0.000000 0.000000 1.000000 0.000000 0.000000 0.000000 1.000000 0.000000 0.000000 1.000000 0.000000 0.000000 0.000000 0.000000 1.000000 0.000000 1.000000 0.000000 0.000000 0.000000 0.000000 0.000000 1.000000 1.000000 1.000000 1.000000 1.000000 1.000000 1.000000 1.000000 1.000000 0.000000 0.000000 0.000000 0.000000 0.000000 1.000000 1.000000 0.000000 0.000000 0.000000 0.000000 1.000000 0.000000 1.000000 
   36 1.000000 0.000000 0.000000 0.000000 0.000000 1.000000 0.000000 1.000000 0.000000 0.000000 0.000000 1.000000 0.000000 0.000000 1.000000 0.000000 0.000000 1.000000 0.000000 0.000000 0.000000 1.000000 0.000000 1.000000 0.000000 0.000000 0.000000 0.000000 1.000000 1.000000 0.000000 0.000000 0.000000 0.000000 0.000000 1.000000 1.000000 1.000000 1.000000 1.000000 1.000000 1.000000 1.000000 1.000000 0.000000 0.000000 0.000000 0.000000 0.000000 
   37 0.000000 1.000000 0.000000 0.000000 0.000000 0.000000 1.000000 0.000000 1.000000 0.000000 0.000000 0.000000 1.000000 0.000000 0.000000 1.000000 0.000000 0.000000 1.000000 0.000000 0.000000 0.000000 1.000000 0.000000 1.000000 0.000000 0.000000 0.000000 1.000000 1.000000 1.000000 0.000000 0.000000 0.000000 0.000000 1.000000 1.000000 1.000000 1.000000 1.000000 1.000000 1.000000 1.000000 1.000000 1.000000 0.000000 0.000000 0.000000 0.000000 
   38 0.000000 0.000000 1.000000 0.000000 0.000000 0.000000 0.000000 0.000000 0.000000 1.000000 0.000000 0.000000 0.000000 1.000000 0.000000 0.000000 1.000000 0.000000 0.000000 1.000000 0.000000 1.000000 0.000000 1.000000 0.000000 1.000000 0.000000 0.000000 0.000000 1.000000 1.000000 1.000000 0.000000 0.000000 0.000000 1.000000 1.000000 1.000000 1.000000 1.000000 1.000000 1.000000 0.000000 1.000000 1.000000 1.000000 0.000000 0.000000 0.000000 
   39 0.000000 0.000000 0.000000 1.000000 0.000000 0.000000 0.000000 0.000000 0.000000 0.000000 1.000000 0.000000 0.000000 0.000000 1.000000 0.000000 0.000000 1.000000 0.000000 0.000000 1.000000 0.000000 1.000000 0.000000 1.000000 0.000000 1.000000 0.000000 0.000000 0.000000 1.000000 1.000000 1.000000 0.000000 0.000000 1.000000 1.000000 1.000000 1.000000 1.000000 1.000000 1.000000 0.000000 0.000000 1.000000 1.000000 1.000000 0.000000 0.000000 
   40 0.000000 0.000000 0.000000 0.000000 1.000000 0.000000 0.000000 1.000000 0.000000 0.000000 0.000000 1.000000 0.000000 0.000000 0.000000 1.000000 0.000000 0.000000 1.000000 0.000000 0.000000 0.000000 0.000000 1.000000 0.000000 1.000000 0.000000 1.000000 0.000000 0.000000 0.000000 1.000000 1.000000 1.000000 0.000000 1.000000 1.000000 1.000000 1.000000 1.000000 1.000000 1.000000 0.000000 0.000000 0.000000 1.000000 1.000000 1.000000 0.000000 
   41 1.000000 0.000000 0.000000 0.000000 0.000000 1.000000 0.000000 0.000000 1.000000 0.000000 0.000000 0.000000 1.000000 0.000000 0.000000 0.000000 1.000000 0.000000 0.000000 1.000000 0.000000 0.000000 0.000000 0.000000 1.000000 0.000000 1.000000 0.000000 0.000000 0.000000 0.000000 0.000000 1.000000 1.000000 1.000000 1.000000 1.000000 1.000000 1.000000 1.000000 1.000000 1.000000 0.000000 0.000000 0.000000 0.000000 1.000000 1.000000 1.000000 
   42 0.000000 1.000000 0.000000 0.000000 0.000000 0.000000 1.000000 0.000000 0.000000 1.000000 0.000000 0.000000 0.000000 1.000000 0.000000 0.000000 0.000000 1.000000 0.000000 0.000000 1.000000 0.000000 0.000000 0.000000 0.000000 1.000000 0.000000 1.000000 0.000000 0.000000 0.000000 0.000000 0.000000 1.000000 1.000000 1.000000 1.000000 1.000000 1.000000 1.000000 1.000000 1.000000 0.000000 0.000000 0.000000 0.000000 0.000000 1.000000 1.000000 
   43 1.000000 0.000000 0.000000 0.000000 0.000000 0.000000 1.000000 1.000000 0.000000 0.000000 0.000000 0.000000 1.000000 0.000000 1.000000 0.000000 0.000000 0.000000 1.000000 0.000000 0.000000 1.000000 0.000000 0.000000 1.000000 0.000000 0.000000 0.000000 1.000000 0.000000 1.000000 0.000000 0.000000 0.000000 0.000000 1.000000 1.000000 0.000000 0.000000 0.000000 0.000000 0.000000 1.000000 1.000000 1.000000 1.000000 1.000000 1.000000 1.000000 
   44 0.000000 1.000000 0.000000 0.000000 0.000000 0.000000 0.000000 0.000000 1.000000 0.000000 0.000000 0.000000 0.000000 1.000000 0.000000 1.000000 0.000000 0.000000 0.000000 1.000000 0.000000 0.000000 1.000000 0.000000 0.000000 1.000000 0.000000 0.000000 0.000000 1.000000 0.000000 1.000000 0.000000 0.000000 0.000000 1.000000 1.000000 1.000000 0.000000 0.000000 0.000000 0.000000 1.000000 1.000000 1.000000 1.000000 1.000000 1.000000 1.000000 
   45 0.000000 0.000000 1.000000 0.000000 0.000000 0.000000 0.000000 0.000000 0.000000 1.000000 0.000000 0.000000 0.000000 0.000000 0.000000 0.000000 1.000000 0.000000 0.000000 0.000000 1.000000 0.000000 0.000000 1.000000 0.000000 0.000000 1.000000 0.000000 1.000000 0.000000 1.000000 0.000000 1.000000 0.000000 0.000000 0.000000 1.000000 1.000000 1.000000 0.000000 0.000000 0.000000 1.000000 1.000000 1.000000 1.000000 1.000000 1.000000 1.000000 
   46 0.000000 0.000000 0.000000 1.000000 0.000000 0.000000 0.000000 0.000000 0.000000 0.000000 1.000000 0.000000 0.000000 0.000000 0.000000 0.000000 0.000000 1.000000 0.000000 0.000000 0.000000 1.000000 0.000000 0.000000 1.000000 0.000000 0.000000 1.000000 0.000000 1.000000 0.000000 1.000000 0.000000 1.000000 0.000000 0.000000 0.000000 1.000000 1.000000 1.000000 0.000000 0.000000 1.000000 1.000000 1.000000 1.000000 1.000000 1.000000 1.000000 
   47 0.000000 0.000000 0.000000 0.000000 1.000000 0.000000 0.000000 0.000000 0.000000 0.000000 0.000000 1.000000 0.000000 0.000000 1.000000 0.000000 0.000000 0.000000 1.000000 0.000000 0.000000 0.000000 1.000000 0.000000 0.000000 1.000000 0.000000 0.000000 0.000000 0.000000 1.000000 0.000000 1.000000 0.000000 1.000000 0.000000 0.000000 0.000000 1.000000 1.000000 1.000000 0.000000 1.000000 1.000000 1.000000 1.000000 1.000000 1.000000 1.000000 
   48 0.000000 0.000000 0.000000 0.000000 0.000000 1.000000 0.000000 1.000000 0.000000 0.000000 0.000000 0.000000 1.000000 0.000000 0.000000 1.000000 0.000000 0.000000 0.000000 1.000000 0.000000 0.000000 0.000000 1.000000 0.000000 0.000000 1.000000 0.000000 0.000000 0.000000 0.000000 1.000000 0.000000 1.000000 0.000000 0.000000 0.000000 0.000000 0.000000 1.000000 1.000000 1.000000 1.000000 1.000000 1.000000 1.000000 1.000000 1.000000 1.000000 
   49 1.000000 0.000000 0.000000 0.000000 0.000000 0.000000 1.000000 0.000000 1.000000 0.000000 0.000000 0.000000 0.000000 1.000000 0.000000 0.000000 1.000000 0.000000 0.000000 0.000000 1.000000 0.000000 0.000000 0.000000 1.000000 0.000000 0.000000 1.000000 0.000000 0.000000 0.000000 0.000000 1.000000 0.000000 1.000000 0.000000 0.000000 0.000000 0.000000 0.000000 1.000000 1.000000 1.000000 1.000000 1.000000 1.000000 1.000000 1.000000 1.000000 ;

param Q1 : 1  2  3  4  5  6  7  8  9  10  11  12  13  14  15  16  17  18  19  20  21  22  23  24  25  26  27  28  29  30  31  32  33  34  35  36  37  38  39  40  41  42  43  44  45  46  47  48  49 :=
   1 4.663850 3.461637 3.129701 3.526663 3.750220 4.057702 3.317167 3.673363 3.353866 3.624423 3.608852 3.529272 3.515922 3.441725 3.648698 3.698871 3.380837 3.457225 3.439736 3.038362 3.589124 3.266423 3.448533 3.472868 3.782763 3.135034 3.835234 3.749071 3.531061 3.507480 3.402741 3.197848 3.232600 3.827705 3.950717 4.001630 4.457916 3.495463 3.843084 3.841722 3.672409 3.551391 2.862190 3.350556 2.941987 3.362828 3.825853 3.972269 3.016450 
   2 3.461637 4.904376 3.547094 3.564949 4.134895 4.316340 3.572243 3.776207 3.468119 3.677630 3.842517 3.742806 3.755855 3.717278 3.650500 3.672587 3.816465 3.560638 3.719373 3.297512 3.732539 4.021139 3.612108 3.833550 4.043765 3.536009 4.004787 3.927785 3.669215 3.222048 3.860136 3.855181 3.890157 3.944439 3.931288 4.145323 4.312377 3.810994 3.508606 3.986760 3.478432 3.627854 3.168797 3.609951 3.216190 3.375434 4.701617 3.941715 2.786677 
   3 3.129701 3.547094 4.847873 3.200199 3.828563 4.143358 3.031666 3.025829 3.039563 3.963541 3.610371 3.647243 3.061953 3.478518 3.283838 3.627268 3.328005 3.409965 3.192314 3.233561 3.194798 3.453376 3.321378 3.616428 3.911147 3.444029 3.500271 3.394166 3.826233 3.190738 3.547193 3.527530 3.062071 3.611874 3.318354 3.705790 4.142872 3.891794 3.750299 4.067480 3.385426 3.429988 2.638110 3.088829 2.798418 3.631528 3.948567 3.568420 2.762107 
   4 3.526663 3.564949 3.200199 4.917753 3.923585 4.334082 3.753147 3.790139 3.455961 3.998533 3.843651 3.420548 3.334278 3.695887 3.686864 3.777804 3.726517 3.232946 3.540872 3.440635 3.482686 3.760550 3.573540 3.589486 4.230182 3.500859 4.165274 4.100379 3.501604 3.531608 3.861503 3.661511 3.252983 3.904327 3.730416 3.815105 4.404693 3.866964 3.861372 3.794855 3.391723 3.735685 3.332949 3.481496 3.286179 3.596446 4.237194 3.738391 3.321855 
   5 3.750220 4.134895 3.828563 3.923585 5.673199 4.759645 3.854542 4.163721 3.775380 4.407045 3.919329 4.062307 3.991702 4.152421 3.893387 4.048113 3.930985 4.096218 4.207377 3.701159 4.158241 3.929137 3.744471 3.628136 4.236467 3.807288 4.195273 4.055806 3.955211 3.680971 3.993550 4.074843 3.732746 4.454267 4.465364 4.297990 4.482367 4.053026 3.840511 4.125560 4.130784 3.872813 3.629130 3.746698 3.717811 3.999089 4.625537 4.775786 3.402294 
   6 4.057702 4.316340 4.143358 4.334082 4.759645 5.876747 4.479539 4.323218 4.062803 4.417712 4.375502 4.125326 4.071663 4.135932 4.388490 4.260706 4.460769 4.067503 4.506436 4.102442 4.374094 4.553308 4.262086 4.030730 4.588677 4.319807 4.772492 4.476514 4.208677 3.995320 4.362955 4.253406 4.047037 4.783546 4.375678 4.518203 5.117616 4.580609 4.559728 4.596589 4.194494 4.160708 3.846297 4.142088 3.667625 4.219776 5.059491 4.710450 3.531196 
   7 3.317167 3.572243 3.031666 3.753147 3.854542 4.479539 4.716933 3.825723 3.481374 3.459208 3.771624 3.539963 3.532224 3.508130 3.638705 3.601806 3.370326 3.159528 3.549423 3.309512 3.603643 4.006711 3.636879 3.425056 3.886327 3.557319 3.827463 3.624715 3.524409 3.230084 3.693824 3.911762 3.479162 4.130054 3.711698 3.934371 4.174528 3.747556 3.768591 3.537961 3.626072 3.670740 3.374465 3.314569 3.327623 3.501779 4.409161 3.831118 2.984821 
   8 3.673363 3.776207 3.025829 3.790139 4.163721 4.323218 3.825723 5.104394 3.859032 3.680162 3.666315 3.637908 3.834912 3.490955 3.866809 4.075330 4.040289 3.485074 3.875816 3.054662 3.945821 3.999083 3.713687 3.658166 4.191878 3.603156 4.016001 3.800803 3.686706 3.595990 3.494855 3.795247 4.003771 3.998660 4.125104 4.318622 4.542018 3.766291 3.695849 3.622942 4.144619 3.800564 3.238986 3.977795 3.343655 3.251832 4.062236 4.226423 3.191342 
   9 3.353866 3.468119 3.039563 3.455961 3.775380 4.062803 3.481374 3.859032 4.545982 3.473759 3.291581 3.305399 3.586610 3.280784 3.651839 3.905316 3.501706 3.043217 3.459709 3.160218 3.555686 3.438217 3.422564 3.122060 3.846691 3.677594 3.578233 3.885983 3.628581 3.421524 3.795981 3.715336 3.602839 3.984723 3.868588 3.784970 3.834517 3.449347 3.685052 3.756061 3.804136 3.354415 2.987614 3.593973 2.913157 3.402642 4.097450 3.872550 2.849997 
   10 3.624423 3.677630 3.963541 3.998533 4.407045 4.417712 3.459208 3.680162 3.473759 5.236452 3.924742 3.627010 3.707424 3.510707 3.911034 3.720899 3.625871 3.423856 3.504692 3.563302 3.535154 3.736716 3.850727 3.831172 4.249440 3.430731 3.867104 4.011369 4.181111 3.711687 3.978273 4.036733 3.125067 3.996274 4.132423 3.612393 4.535484 3.827956 4.061569 4.039896 3.431960 3.593741 3.164144 3.464533 3.346530 3.759443 4.358373 4.030161 3.341708 
   11 3.608852 3.842517 3.610371 3.843651 3.919329 4.375502 3.771624 3.666315 3.291581 3.924742 5.222674 3.606309 3.292030 3.492776 3.930279 3.732688 3.771903 3.366596 3.767224 3.651771 3.594138 3.728898 3.735090 3.673395 4.336868 3.649462 4.161586 3.913173 4.127076 3.094034 3.924275 3.854156 3.803145 3.953772 3.823948 4.177437 4.415879 3.977622 3.951602 3.783244 3.980712 3.683279 2.958921 3.534049 3.292863 3.902974 4.414007 3.988849 3.037265 
   12 3.529272 3.742806 3.647243 3.420548 4.062307 4.125326 3.539963 3.637908 3.305399 3.627010 3.606309 4.728613 3.620169 3.605604 3.516028 3.797135 3.619852 3.759624 3.677619 3.134122 3.457712 3.926312 3.649721 3.574711 4.228944 3.481504 3.782363 4.013136 3.820176 3.232603 3.613958 3.853098 3.687007 4.108532 4.151845 4.140606 4.304569 4.002688 3.948918 4.175742 3.971121 3.842809 3.166983 3.615606 3.250189 3.674388 4.259534 4.213191 2.909575 
   13 3.515922 3.755855 3.061953 3.334278 3.991702 4.071663 3.532224 3.834912 3.586610 3.707424 3.292030 3.620169 4.572023 3.714133 3.645011 3.748846 3.458311 3.473101 3.490441 2.848976 3.504070 3.551298 3.481909 3.415740 3.813237 3.544754 3.663631 3.816337 3.848977 3.242259 3.598887 3.522327 3.558230 3.922337 3.974128 3.766027 4.029569 3.480162 3.749693 3.740839 3.883157 3.611980 3.352856 3.458538 3.404843 3.324390 4.295946 4.129478 2.685179 
   14 3.441725 3.717278 3.478518 3.695887 4.152421 4.135932 3.508130 3.490955 3.280784 3.510707 3.492776 3.605604 3.714133 4.680315 3.412520 3.672850 3.498487 3.593638 3.694605 3.028562 3.391675 3.646622 3.379871 3.207570 3.758469 3.590932 4.118345 4.098999 3.626275 2.952948 3.701469 3.353188 3.527773 3.800415 3.517221 3.703587 3.981055 3.784236 3.619789 3.964967 3.611971 3.348533 3.303462 3.361627 3.142990 3.517320 4.181610 4.047491 2.789927 
   15 3.648698 3.650500 3.283838 3.686864 3.893387 4.388490 3.638705 3.866809 3.651839 3.911034 3.930279 3.516028 3.645011 3.412520 4.733844 4.028294 3.929663 3.389267 3.659145 3.517316 3.490023 3.824334 3.943993 3.640415 3.775628 3.643441 3.934630 3.780562 3.891523 3.110187 3.590242 4.174875 3.961823 4.255474 4.107952 4.054019 4.517507 3.804963 3.820606 3.851459 3.926462 3.457157 3.097307 3.774661 3.415487 3.483817 4.396556 4.098172 3.197949 
   16 3.698871 3.672587 3.627268 3.777804 4.048113 4.260706 3.601806 4.075330 3.905316 3.720899 3.732688 3.797135 3.748846 3.672850 4.028294 5.464072 3.684997 3.980186 3.741239 3.199245 3.795353 4.014122 3.746661 3.538605 4.645084 3.907328 4.128596 4.311954 4.022365 3.633116 3.926597 4.096899 3.915861 4.712059 4.207920 4.461414 4.697653 3.630224 4.091794 4.082049 4.279046 3.827891 3.261326 3.765882 3.409250 3.644664 4.080003 4.057766 3.296273 
   17 3.380837 3.816465 3.328005 3.726517 3.930985 4.460769 3.370326 4.040289 3.501706 3.625871 3.771903 3.619852 3.458311 3.498487 3.929663 3.684997 4.658308 3.653091 4.017727 3.000100 3.561633 3.996606 3.862209 3.698094 3.883601 3.627174 3.982983 4.013441 3.665766 3.249481 3.303235 3.646720 3.822904 3.838929 3.863626 4.132953 4.375981 4.068718 3.641656 4.011720 3.837502 3.754607 2.890093 4.066910 3.154395 3.493829 4.101754 3.965468 2.866659 
   18 3.457225 3.560638 3.409965 3.232946 4.096218 4.067503 3.159528 3.485074 3.043217 3.423856 3.366596 3.759624 3.473101 3.593638 3.389267 3.980186 3.653091 4.542527 3.785220 2.654169 3.631696 3.741924 3.432538 3.386584 4.134964 3.721709 3.834261 3.767197 3.771209 3.233322 3.316460 3.411561 3.416993 4.216765 3.960325 3.981761 4.464049 3.592151 3.425182 4.028493 3.884871 3.802962 2.931165 3.458850 3.046455 3.396418 4.032457 3.861181 2.649532 
   19 3.439736 3.719373 3.192314 3.540872 4.207377 4.506436 3.549423 3.875816 3.459709 3.504692 3.767224 3.677619 3.490441 3.694605 3.659145 3.741239 4.017727 3.785220 4.846341 3.242142 3.668473 3.918956 3.774711 3.639122 4.123990 3.651756 4.077547 3.972591 3.757243 3.357790 3.900763 3.898569 3.783981 3.895376 3.870066 3.786323 4.148871 3.872864 3.753813 3.565207 3.890857 3.817185 2.981370 3.906447 3.341802 3.526127 4.195936 4.035170 2.744135 
   20 3.038362 3.297512 3.233561 3.440635 3.701159 4.102442 3.309512 3.054662 3.160218 3.563302 3.651771 3.134122 2.848976 3.028562 3.517316 3.199245 3.000100 2.654169 3.242142 4.116603 3.121192 3.255302 3.366734 3.181364 3.551474 3.433902 3.266757 3.169109 3.153521 2.965125 3.668252 3.679350 3.183299 3.713275 3.450962 3.441232 3.646220 3.558957 3.386567 3.307598 3.269768 3.086263 2.985051 2.765099 2.927945 3.188680 4.044772 3.690271 2.821986 
   21 3.589124 3.732539 3.194798 3.482686 4.158241 4.374094 3.603643 3.945821 3.555686 3.535154 3.594138 3.457712 3.504070 3.391675 3.490023 3.795353 3.561633 3.631696 3.668473 3.121192 4.645434 3.738432 3.189579 3.602165 3.918687 3.512890 4.045702 3.633332 3.416580 3.250503 3.488973 3.379706 3.509037 4.060637 3.949864 3.710112 4.270061 3.449573 3.464152 3.993929 3.774845 3.676694 3.148407 3.365188 3.147055 3.472142 4.122336 3.784246 2.922726 
   22 3.266423 4.021139 3.453376 3.760550 3.929137 4.553308 4.006711 3.999083 3.438217 3.736716 3.728898 3.926312 3.551298 3.646622 3.824334 4.014122 3.996606 3.741924 3.918956 3.255302 3.738432 5.488508 4.054875 3.709049 4.215471 3.484910 4.022261 3.922988 3.799876 3.135940 3.855451 4.117649 4.073124 4.174045 3.877844 4.212706 4.581509 3.938512 3.716302 4.036700 3.976319 3.824120 3.611290 3.756486 3.257550 3.790501 4.453544 4.080066 2.730077 
   23 3.448533 3.612108 3.321378 3.573540 3.744471 4.262086 3.636879 3.713687 3.422564 3.850727 3.735090 3.649721 3.481909 3.379871 3.943993 3.746661 3.862209 3.432538 3.774711 3.366734 3.189579 4.054875 5.019706 3.585709 4.153024 3.632154 3.870481 3.669732 3.781967 3.177951 3.762833 4.100206 3.724897 4.244556 3.869292 4.136998 4.299778 4.047234 3.847217 3.710538 3.708947 3.693183 3.114337 3.812372 3.327441 3.336740 4.179918 3.959299 2.986610 
   24 3.472868 3.833550 3.616428 3.589486 3.628136 4.030730 3.425056 3.658166 3.122060 3.831172 3.673395 3.574711 3.415740 3.207570 3.640415 3.538605 3.698094 3.386584 3.639122 3.181364 3.602165 3.709049 3.585709 4.465370 3.995938 3.456420 3.809420 3.523638 3.807996 3.261951 3.534557 3.567083 3.389952 3.652842 3.738703 3.728482 4.379556 3.791792 3.634174 3.944402 3.451633 3.733994 2.764515 3.582452 3.356771 3.385893 4.406864 3.510223 2.960505 
   25 3.782763 4.043765 3.911147 4.230182 4.236467 4.588677 3.886327 4.191878 3.846691 4.249440 4.336868 4.228944 3.813237 3.758469 3.775628 4.645084 3.883601 4.134964 4.123990 3.551474 3.918687 4.215471 4.153024 3.995938 5.748491 4.042292 4.323147 4.538144 4.335381 3.918900 4.376282 4.241208 4.012364 4.685503 4.593238 4.384031 4.799464 4.310326 4.449467 4.347240 4.529101 4.490710 3.280581 3.824584 3.833005 4.010274 4.533568 4.347565 3.379992 
   26 3.135034 3.536009 3.444029 3.500859 3.807288 4.319807 3.557319 3.603156 3.677594 3.430731 3.649462 3.481504 3.544754 3.590932 3.643441 3.907328 3.627174 3.721709 3.651756 3.433902 3.512890 3.484910 3.632154 3.456420 4.042292 4.676568 3.737443 3.818243 3.722544 3.435253 3.561407 3.754478 3.725744 4.251852 3.844022 3.843304 4.320560 3.672971 3.739283 3.976719 3.952500 3.580527 3.018392 3.479382 3.062257 3.169230 4.268293 3.777200 2.831700 
   27 3.835234 4.004787 3.500271 4.165274 4.195273 4.772492 3.827463 4.016001 3.578233 3.867104 4.161586 3.782363 3.663631 4.118345 3.934630 4.128596 3.982983 3.834261 4.077547 3.266757 4.045702 4.022261 3.870481 3.809420 4.323147 3.737443 5.102812 4.470840 4.008421 3.355681 4.100956 3.722855 3.700210 4.261784 3.757945 4.089604 4.912374 3.975875 3.981493 4.140317 3.710594 3.652071 3.438245 3.897235 3.510624 3.754029 4.438541 4.178436 3.292429 
   28 3.749071 3.927785 3.394166 4.100379 4.055806 4.476514 3.624715 3.800803 3.885983 4.011369 3.913173 4.013136 3.816337 4.098999 3.780562 4.311954 4.013441 3.767197 3.972591 3.169109 3.633332 3.922988 3.669732 3.523638 4.538144 3.818243 4.470840 5.315593 4.187045 3.540605 3.972681 3.754622 3.521487 4.386080 3.967601 3.984526 4.580805 3.829319 4.245339 4.235284 3.899356 3.674565 3.257170 4.001595 3.304421 3.697141 4.322676 4.134021 2.935989 
   29 3.531061 3.669215 3.826233 3.501604 3.955211 4.208677 3.524409 3.686706 3.628581 4.181111 4.127076 3.820176 3.848977 3.626275 3.891523 4.022365 3.665766 3.771209 3.757243 3.153521 3.416580 3.799876 3.781967 3.807996 4.335381 3.722544 4.008421 4.187045 5.472285 3.620326 3.755921 4.047078 3.549381 3.970856 3.986613 3.747932 4.641968 3.982976 4.028568 3.992440 3.947778 3.953446 3.146997 3.929326 3.521463 3.757169 4.378189 3.887541 2.845829 
   30 3.507480 3.222048 3.190738 3.531608 3.680971 3.995320 3.230084 3.595990 3.421524 3.711687 3.094034 3.232603 3.242259 2.952948 3.110187 3.633116 3.249481 3.233322 3.357790 2.965125 3.250503 3.135940 3.177951 3.261951 3.918900 3.435253 3.355681 3.540605 3.620326 4.479970 3.344645 3.333670 3.109407 3.844844 3.715836 3.482524 4.192106 3.171519 3.874970 3.512245 3.478627 3.394056 2.693355 3.294040 2.681070 3.092319 3.799175 3.261204 3.005264 
   31 3.402741 3.860136 3.547193 3.861503 3.993550 4.362955 3.693824 3.494855 3.795981 3.978273 3.924275 3.613958 3.598887 3.701469 3.590242 3.926597 3.303235 3.316460 3.900763 3.668252 3.488973 3.855451 3.762833 3.534557 4.376282 3.561407 4.100956 3.972681 3.755921 3.344645 4.985580 3.897023 3.627068 4.190647 3.778504 3.858733 4.208496 3.946411 4.191610 3.869609 3.569162 3.724912 3.282674 3.400608 3.463550 3.666630 4.555755 4.052374 3.218196 
   32 3.197848 3.855181 3.527530 3.661511 4.074843 4.253406 3.911762 3.795247 3.715336 4.036733 3.854156 3.853098 3.522327 3.353188 4.174875 4.096899 3.646720 3.411561 3.898569 3.679350 3.379706 4.117649 4.100206 3.567083 4.241208 3.754478 3.722855 3.754622 4.047078 3.333670 3.897023 5.244050 3.719212 4.338230 3.979193 3.844624 4.278440 3.966483 3.575364 3.527025 4.118984 3.957168 3.210622 3.574008 3.374024 3.531381 4.283338 4.103068 3.101959 
   33 3.232600 3.890157 3.062071 3.252983 3.732746 4.047037 3.479162 4.003771 3.602839 3.125067 3.803145 3.687007 3.558230 3.527773 3.961823 3.915861 3.822904 3.416993 3.783981 3.183299 3.509037 4.073124 3.724897 3.389952 4.012364 3.725744 3.700210 3.521487 3.549381 3.109407 3.627068 3.719212 4.965608 4.102884 4.133524 4.031839 4.128472 3.667218 3.838451 3.845276 4.131069 3.465356 2.999745 3.795272 3.307194 3.289264 4.187450 3.923358 2.829979 
   34 3.827705 3.944439 3.611874 3.904327 4.454267 4.783546 4.130054 3.998660 3.984723 3.996274 3.953772 4.108532 3.922337 3.800415 4.255474 4.712059 3.838929 4.216765 3.895376 3.713275 4.060637 4.174045 4.244556 3.652842 4.685503 4.251852 4.261784 4.386080 3.970856 3.844844 4.190647 4.338230 4.102884 5.635192 4.390038 4.440465 5.016643 3.880020 4.286162 4.307415 4.457074 3.857206 3.449663 3.930745 3.536924 3.783491 4.619105 4.609540 3.295026 
   35 3.950717 3.931288 3.318354 3.730416 4.465364 4.375678 3.711698 4.125104 3.868588 4.132423 3.823948 4.151845 3.974128 3.517221 4.107952 4.207920 3.863626 3.960325 3.870066 3.450962 3.949864 3.877844 3.869292 3.738703 4.593238 3.844022 3.757945 3.967601 3.986613 3.715836 3.778504 3.979193 4.133524 4.390038 5.596985 4.354698 4.612106 3.982289 4.130238 4.364047 4.436547 4.073170 3.226970 3.837702 3.673449 3.735265 4.539564 4.342828 3.522122 
   36 4.001630 4.145323 3.705790 3.815105 4.297990 4.518203 3.934371 4.318622 3.784970 3.612393 4.177437 4.140606 3.766027 3.703587 4.054019 4.461414 4.132953 3.981761 3.786323 3.441232 3.710112 4.212706 4.136998 3.728482 4.384031 3.843304 4.089604 3.984526 3.747932 3.482524 3.858733 3.844624 4.031839 4.440465 4.354698 5.687667 4.894069 4.365030 4.049530 4.383728 4.169941 3.865960 3.255115 3.843020 3.324727 3.739550 4.661537 4.540859 3.174830 
   37 4.457916 4.312377 4.142872 4.404693 4.482367 5.117616 4.174528 4.542018 3.834517 4.535484 4.415879 4.304569 4.029569 3.981055 4.517507 4.697653 4.375981 4.464049 4.148871 3.646220 4.270061 4.581509 4.299778 4.379556 4.799464 4.320560 4.912374 4.580805 4.641968 4.192106 4.208496 4.278440 4.128472 5.016643 4.612106 4.894069 6.177999 4.410752 4.615256 4.673076 4.301536 4.255962 3.526458 4.185423 3.761107 3.831204 4.769775 4.479939 3.673705 
   38 3.495463 3.810994 3.891794 3.866964 4.053026 4.580609 3.747556 3.766291 3.449347 3.827956 3.977622 4.002688 3.480162 3.784236 3.804963 3.630224 4.068718 3.592151 3.872864 3.558957 3.449573 3.938512 4.047234 3.791792 4.310326 3.672971 3.975875 3.829319 3.982976 3.171519 3.946411 3.966483 3.667218 3.880020 3.982289 4.365030 4.410752 5.009389 4.119905 4.205930 3.959487 4.150340 3.337225 3.557621 3.322080 3.883146 4.578379 4.206955 3.340088 
   39 3.843084 3.508606 3.750299 3.861372 3.840511 4.559728 3.768591 3.695849 3.685052 4.061569 3.951602 3.948918 3.749693 3.619789 3.820606 4.091794 3.641656 3.425182 3.753813 3.386567 3.464152 3.716302 3.847217 3.634174 4.449467 3.739283 3.981493 4.245339 4.028568 3.874970 4.191610 3.575364 3.838451 4.286162 4.130238 4.049530 4.615256 4.119905 5.063223 4.154302 3.939790 3.710636 3.179108 3.597927 3.400247 3.742726 4.497028 3.859017 3.281583 
   40 3.841722 3.986760 4.067480 3.794855 4.125560 4.596589 3.537961 3.622942 3.756061 4.039896 3.783244 4.175742 3.740839 3.964967 3.851459 4.082049 4.011720 4.028493 3.565207 3.307598 3.993929 4.036700 3.710538 3.944402 4.347240 3.976719 4.140317 4.235284 3.992440 3.512245 3.869609 3.527025 3.845276 4.307415 4.364047 4.383728 4.673076 4.205930 4.154302 5.287679 3.926792 4.027538 3.163872 3.724847 3.353580 3.994989 4.651743 4.259379 3.252039 
   41 3.672409 3.478432 3.385426 3.391723 4.130784 4.194494 3.626072 4.144619 3.804136 3.431960 3.980712 3.971121 3.883157 3.611971 3.926462 4.279046 3.837502 3.884871 3.890857 3.269768 3.774845 3.976319 3.708947 3.451633 4.529101 3.952500 3.710594 3.899356 3.947778 3.478627 3.569162 4.118984 4.131069 4.457074 4.436547 4.169941 4.301536 3.959487 3.939790 3.926792 5.272921 4.059695 3.050158 3.718209 3.322993 3.706139 4.234822 4.278080 2.908391 
   42 3.551391 3.627854 3.429988 3.735685 3.872813 4.160708 3.670740 3.800564 3.354415 3.593741 3.683279 3.842809 3.611980 3.348533 3.457157 3.827891 3.754607 3.802962 3.817185 3.086263 3.676694 3.824120 3.693183 3.733994 4.490710 3.580527 3.652071 3.674565 3.953446 3.394056 3.724912 3.957168 3.465356 3.857206 4.073170 3.865960 4.255962 4.150340 3.710636 4.027538 4.059695 4.780820 3.011896 3.500411 3.431963 3.606523 4.045718 3.910395 3.141143 
   43 2.862190 3.168797 2.638110 3.332949 3.629130 3.846297 3.374465 3.238986 2.987614 3.164144 2.958921 3.166983 3.352856 3.303462 3.097307 3.261326 2.890093 2.931165 2.981370 2.985051 3.148407 3.611290 3.114337 2.764515 3.280581 3.018392 3.438245 3.257170 3.146997 2.693355 3.282674 3.210622 2.999745 3.449663 3.226970 3.255115 3.526458 3.337225 3.179108 3.163872 3.050158 3.011896 3.595037 2.674046 2.859132 3.077914 3.824935 3.578592 2.667991 
   44 3.350556 3.609951 3.088829 3.481496 3.746698 4.142088 3.314569 3.977795 3.593973 3.464533 3.534049 3.615606 3.458538 3.361627 3.774661 3.765882 4.066910 3.458850 3.906447 2.765099 3.365188 3.756486 3.812372 3.582452 3.824584 3.479382 3.897235 4.001595 3.929326 3.294040 3.400608 3.574008 3.795272 3.930745 3.837702 3.843020 4.185423 3.557621 3.597927 3.724847 3.718209 3.500411 2.674046 4.406857 3.072628 3.243101 3.968432 3.854270 2.795739 
   45 2.941987 3.216190 2.798418 3.286179 3.717811 3.667625 3.327623 3.343655 2.913157 3.346530 3.292863 3.250189 3.404843 3.142990 3.415487 3.409250 3.154395 3.046455 3.341802 2.927945 3.147055 3.257550 3.327441 3.356771 3.833005 3.062257 3.510624 3.304421 3.521463 2.681070 3.463550 3.374024 3.307194 3.536924 3.673449 3.324727 3.761107 3.322080 3.400247 3.353580 3.322993 3.431963 2.859132 3.072628 3.783390 3.063715 3.802082 3.562929 2.741930 
   46 3.362828 3.375434 3.631528 3.596446 3.999089 4.219776 3.501779 3.251832 3.402642 3.759443 3.902974 3.674388 3.324390 3.517320 3.483817 3.644664 3.493829 3.396418 3.526127 3.188680 3.472142 3.790501 3.336740 3.385893 4.010274 3.169230 3.754029 3.697141 3.757169 3.092319 3.666630 3.531381 3.289264 3.783491 3.735265 3.739550 3.831204 3.883146 3.742726 3.994989 3.706139 3.606523 3.077914 3.243101 3.063715 4.491079 4.325439 3.962618 2.893674 
   47 3.825853 4.701617 3.948567 4.237194 4.625537 5.059491 4.409161 4.062236 4.097450 4.358373 4.414007 4.259534 4.295946 4.181610 4.396556 4.080003 4.101754 4.032457 4.195936 4.044772 4.122336 4.453544 4.179918 4.406864 4.533568 4.268293 4.438541 4.322676 4.378189 3.799175 4.555755 4.283338 4.187450 4.619105 4.539564 4.661537 4.769775 4.578379 4.497028 4.651743 4.234822 4.045718 3.824935 3.968432 3.802082 4.325439 6.038098 4.358242 3.333849 
   48 3.972269 3.941715 3.568420 3.738391 4.775786 4.710450 3.831118 4.226423 3.872550 4.030161 3.988849 4.213191 4.129478 4.047491 4.098172 4.057766 3.965468 3.861181 4.035170 3.690271 3.784246 4.080066 3.959299 3.510223 4.347565 3.777200 4.178436 4.134021 3.887541 3.261204 4.052374 4.103068 3.923358 4.609540 4.342828 4.540859 4.479939 4.206955 3.859017 4.259379 4.278080 3.910395 3.578592 3.854270 3.562929 3.962618 4.358242 5.377229 3.198900 
   49 3.016450 2.786677 2.762107 3.321855 3.402294 3.531196 2.984821 3.191342 2.849997 3.341708 3.037265 2.909575 2.685179 2.789927 3.197949 3.296273 2.866659 2.649532 2.744135 2.821986 2.922726 2.730077 2.986610 2.960505 3.379992 2.831700 3.292429 2.935989 2.845829 3.005264 3.218196 3.101959 2.829979 3.295026 3.522122 3.174830 3.673705 3.340088 3.281583 3.252039 2.908391 3.141143 2.667991 2.795739 2.741930 2.893674 3.333849 3.198900 3.656638 ;

param Q2_fix : 1  2  3  4  5  6  7  8  9  10  11  12  13  14  15  16  17  18  19  20  21  22  23  24  25  26  27  28  29  30  31  32  33  34  35  36  37  38  39  40  41  42  43  44  45  46  47  48  49 :=
   1 0.243334 0.161252 0.363591 0.282237 0.182105 0.324815 0.567781 0.313555 0.070342 0.352137 0.326241 0.198678 0.306898 0.324876 0.172399 0.492951 0.289190 0.252410 0.453260 0.038074 0.156159 0.167128 0.307271 0.143732 0.455980 0.043514 0.257826 0.471528 0.102874 0.300721 0.351520 0.224349 0.273034 0.487401 0.312668 0.184686 0.451932 0.213894 0.307495 0.152956 0.287944 0.156570 0.255402 0.423080 0.443685 0.064309 0.153719 0.313125 0.385662 
   2 0.161252 0.521768 0.485857 0.241258 0.224070 0.259241 0.332304 0.510799 0.478606 0.217305 0.135557 0.209218 0.455657 0.245283 0.083328 0.475774 0.097110 0.331418 0.505025 0.371849 0.160880 0.315357 0.163102 0.245393 0.283820 0.301810 0.306051 0.345693 0.180965 0.202040 0.025262 0.254109 0.171813 0.154291 0.359570 0.147724 0.288408 0.197118 0.292565 0.385939 0.358081 0.304199 0.150590 0.350860 0.406319 0.145551 0.393441 0.386339 0.369952 
   3 0.363591 0.485857 0.332006 0.487042 0.147811 0.431003 0.462727 0.246186 0.318265 0.406158 0.274789 0.269729 0.132762 0.534879 0.228093 0.364292 0.307909 0.372405 0.160032 0.298277 0.232422 0.290240 0.353232 0.364226 0.299213 0.243944 0.344370 0.154878 0.282125 0.380102 0.287452 0.432265 0.236628 0.125807 0.262068 0.403808 0.540889 0.564251 0.152644 0.331934 0.029914 0.326274 0.415670 0.257103 0.321942 0.199384 0.387024 0.322251 0.235585 
   4 0.282237 0.241258 0.487042 0.055052 0.165364 0.068196 0.260862 0.325354 0.180678 0.352931 0.360299 0.337822 0.420640 0.290504 0.261677 0.279184 0.351320 0.122982 0.159971 0.225705 0.194411 0.194743 0.177118 0.333482 0.157237 0.501300 0.285606 0.323403 0.291563 0.169068 0.073100 0.210470 0.392817 0.243167 0.399507 0.174240 0.336098 0.265443 0.488516 0.102392 0.056939 0.313344 0.358586 0.354980 0.314884 0.276729 0.381094 0.209367 0.220102 
   5 0.182105 0.224070 0.147811 0.165364 0.209258 0.283908 0.218482 0.168540 0.334554 0.297867 0.382308 0.184632 0.223289 0.091481 0.044549 0.482773 0.246971 0.205780 0.244389 0.311976 0.332071 0.352567 0.437159 0.278416 0.316027 0.468002 0.319209 0.540705 0.361039 0.329216 0.341630 0.229896 0.130031 0.254651 0.203507 0.188806 0.350148 0.308322 0.359186 0.533434 0.132128 0.225012 0.371242 0.396025 0.330992 0.516430 0.093248 0.209054 0.540009 
   6 0.324815 0.259241 0.431003 0.068196 0.283908 0.292848 0.279281 0.342993 0.338956 0.480611 0.368711 0.400148 0.478935 0.207975 0.208622 0.271984 0.210218 0.257974 0.430251 0.282337 0.478557 0.287581 0.427378 0.406467 0.306202 0.180475 0.370954 0.210746 0.153123 0.348601 0.333089 0.017308 0.108688 0.270448 0.409263 0.069391 0.247363 0.384765 0.487012 0.357181 0.244129 0.456781 0.252735 0.153819 0.317053 0.181669 0.334478 0.520152 0.456444 
   7 0.567781 0.332304 0.462727 0.260862 0.218482 0.279281 0.485603 0.327497 0.183268 0.247385 0.310648 0.397728 0.544732 0.255725 0.344650 0.248149 0.245622 0.227979 0.481881 0.105101 0.182248 0.231904 0.329927 0.378591 0.447049 0.337708 0.279611 0.488635 0.352969 0.118232 0.511610 0.240616 0.127412 0.290655 0.188970 0.307773 0.134908 0.285992 0.233378 0.400823 0.247404 0.155956 0.282305 0.343408 0.229765 0.053967 0.282482 0.220892 0.533466 
   8 0.313555 0.510799 0.246186 0.325354 0.168540 0.342993 0.327497 0.520193 0.228384 0.224822 0.375100 0.442410 0.090248 0.179646 0.331018 0.481133 0.545384 0.399852 0.295181 0.232685 0.253237 0.353067 0.349448 0.324831 0.283153 0.291723 0.247385 0.331793 0.443905 0.419470 0.069763 0.274265 0.199285 0.139198 0.386899 0.364060 0.502703 0.027236 0.238436 0.504937 0.518780 0.316517 0.114706 0.142169 0.122817 0.349286 0.204287 0.267379 0.173356 
   9 0.070342 0.478606 0.318265 0.180678 0.334554 0.338956 0.183268 0.228384 0.356762 0.451026 0.052741 0.380627 0.337061 0.053012 0.175600 0.357347 0.228719 0.176229 0.391945 0.254847 0.201316 0.388354 0.184709 0.155748 0.553535 0.302647 0.230631 0.278239 0.471593 0.343929 0.320734 0.285345 0.362343 0.497367 0.302100 0.136578 0.097574 0.202834 0.269116 0.128827 0.059682 0.185088 0.195837 0.169635 0.309026 0.459827 0.334974 0.348455 0.422012 
   10 0.352137 0.217305 0.406158 0.352931 0.297867 0.480611 0.247385 0.224822 0.451026 0.500628 0.275735 0.309566 0.225049 0.105053 0.204133 0.421395 0.291072 0.239008 0.408388 0.314875 0.291449 0.340369 0.385858 0.310713 0.239226 0.289051 0.342386 0.165944 0.254259 0.514615 0.368727 0.402976 0.410035 0.330447 0.203890 0.417599 0.239596 0.448452 0.497397 0.435242 0.184235 0.253844 0.273508 0.266854 0.470306 0.438089 0.383628 0.060177 0.366583 
   11 0.326241 0.135557 0.274789 0.360299 0.382308 0.368711 0.310648 0.375100 0.052741 0.275735 0.494131 0.208865 0.191294 0.410460 0.267422 0.402233 0.329847 0.180970 0.248087 0.319799 0.108781 0.242344 0.411158 0.411345 0.239777 0.233011 0.298279 0.307861 0.394104 0.212921 0.360715 0.294172 0.181719 0.320382 0.495415 0.221174 0.177394 0.172978 0.200214 0.108947 0.281702 0.234140 0.079392 0.296018 0.465332 0.244351 0.253392 0.506818 0.263784 
   12 0.198678 0.209218 0.269729 0.337822 0.184632 0.400148 0.397728 0.442410 0.380627 0.309566 0.208865 0.189238 0.271068 0.041023 0.382713 0.379781 0.314192 0.332175 0.120813 0.321408 0.396391 0.281088 0.307927 0.105863 0.420238 0.378584 0.238557 0.529279 0.318353 0.294192 0.288995 0.351008 0.536690 0.426439 0.208752 0.177491 0.267644 0.277606 0.313711 0.241941 0.352572 0.191390 0.243626 0.191372 0.120534 0.414326 0.216874 0.591116 0.569935 
   13 0.306898 0.455657 0.132762 0.420640 0.223289 0.478935 0.544732 0.090248 0.337061 0.225049 0.191294 0.271068 0.021527 0.089034 0.462620 0.414516 0.440408 0.458032 0.167502 0.575290 0.224489 0.239975 0.176528 0.326759 0.527861 0.450679 0.352240 0.212313 0.224872 0.246548 0.442421 0.187410 0.506254 0.413549 0.212236 0.443120 0.262565 0.269049 0.335055 0.389914 0.459843 0.123271 0.395315 0.416291 0.167604 0.327311 0.192412 0.444691 0.187166 
   14 0.324876 0.245283 0.534879 0.290504 0.091481 0.207975 0.255725 0.179646 0.053012 0.105053 0.410460 0.041023 0.089034 0.421072 0.219529 0.265295 0.260732 0.313988 0.344294 0.239973 0.518744 0.330068 0.396195 0.311557 0.279630 0.289130 0.383485 0.201793 0.260539 0.477214 0.282796 0.314265 0.157386 0.061243 0.411293 0.313157 0.253378 0.456019 0.537290 0.223219 0.496616 0.365368 0.482159 0.135562 0.149953 0.334491 0.365899 0.373695 0.382262 
   15 0.172399 0.083328 0.228093 0.261677 0.044549 0.208622 0.344650 0.331018 0.175600 0.204133 0.267422 0.382713 0.462620 0.219529 0.149689 0.324683 0.333452 0.093435 0.260014 0.261825 0.491890 0.195586 0.412537 0.428105 0.178980 0.147216 0.368088 0.309252 0.354007 0.508767 0.194560 0.514764 0.324641 0.246548 0.434781 0.553276 0.460923 0.460866 0.227087 0.403164 0.286750 0.096689 0.443568 0.305896 0.317146 0.071362 0.167778 0.216012 0.379216 
   16 0.492951 0.475774 0.364292 0.279184 0.482773 0.271984 0.248149 0.481133 0.357347 0.421395 0.402233 0.379781 0.414516 0.265295 0.324683 0.320317 0.136015 0.416100 0.431194 0.302563 0.552705 0.415509 0.190191 0.223234 0.371443 0.349479 0.212101 0.403124 0.419408 0.231503 0.386324 0.138354 0.323399 0.454438 0.264616 0.199740 0.283004 0.366713 0.292717 0.276245 0.082025 0.300490 0.222486 0.074406 0.370625 0.172696 0.368188 0.405220 0.387103 
   17 0.289190 0.097110 0.307909 0.351320 0.246971 0.210218 0.245622 0.545384 0.228719 0.291072 0.329847 0.314192 0.440408 0.260732 0.333452 0.136015 0.220315 0.301102 0.208426 0.349575 0.233126 0.200467 0.311946 0.160513 0.128836 0.254622 0.387945 0.255118 0.148829 0.546866 0.285212 0.403071 0.098649 0.302661 0.242107 0.416102 0.297896 0.284781 0.048760 0.107200 0.272879 0.248153 0.471231 0.244452 0.270243 0.233448 0.259032 0.269053 0.426031 
   18 0.252410 0.331418 0.372405 0.122982 0.205780 0.257974 0.227979 0.399852 0.176229 0.239008 0.180970 0.332175 0.458032 0.313988 0.093435 0.416100 0.301102 0.415451 0.339101 0.398100 0.357139 0.425617 0.274461 0.244760 0.473182 0.350836 0.563923 0.455048 0.244415 0.210224 0.551968 0.418256 0.510766 0.238016 0.432411 0.206278 0.297954 0.095443 0.315453 0.280307 0.235879 0.449700 0.166705 0.271210 0.147648 0.530783 0.045806 0.257200 0.473713 
   19 0.453260 0.505025 0.160032 0.159971 0.244389 0.430251 0.481881 0.295181 0.391945 0.408388 0.248087 0.120813 0.167502 0.344294 0.260014 0.431194 0.208426 0.339101 0.116637 0.480597 0.505876 0.099605 0.339639 0.501843 0.464094 0.311660 0.386560 0.438056 0.267912 0.301866 0.193587 0.248255 0.145276 0.241589 0.462198 0.310041 0.386025 0.122375 0.234070 0.211732 0.318653 0.543170 0.299973 0.408894 0.307309 0.416261 0.222059 0.402210 0.350100 
   20 0.038074 0.371849 0.298277 0.225705 0.311976 0.282337 0.105101 0.232685 0.254847 0.314875 0.319799 0.321408 0.575290 0.239973 0.261825 0.302563 0.349575 0.398100 0.480597 0.529015 0.499218 0.372261 0.217103 0.491452 0.354428 0.140469 0.230566 0.385580 0.273932 0.160667 0.297817 0.221760 0.449853 0.280381 0.255103 0.112867 0.352514 0.153858 0.301596 0.040875 0.203150 0.106801 0.244550 0.138924 0.360747 0.526038 0.401264 0.427045 0.431285 
   21 0.156159 0.160880 0.232422 0.194411 0.332071 0.478557 0.182248 0.253237 0.201316 0.291449 0.108781 0.396391 0.224489 0.518744 0.491890 0.552705 0.233126 0.357139 0.505876 0.499218 0.057466 0.289351 0.223269 0.189202 0.363755 0.233225 0.340672 0.249013 0.107744 0.493770 0.488053 0.258861 0.412245 0.236738 0.358454 0.232559 0.179727 0.095951 0.388906 0.187253 0.314045 0.143799 0.271016 0.213760 0.104829 0.168474 0.258634 0.258534 0.395787 
   22 0.167128 0.315357 0.290240 0.194743 0.352567 0.287581 0.231904 0.353067 0.388354 0.340369 0.242344 0.281088 0.239975 0.330068 0.195586 0.415509 0.200467 0.425617 0.099605 0.372261 0.289351 0.183567 0.369533 0.454314 0.485222 0.322970 0.075258 0.269533 0.476105 0.435818 0.434159 0.278347 0.072375 0.328910 0.325157 0.120669 0.274335 0.279477 0.500377 0.110393 0.425647 0.370519 0.188042 0.377776 0.362696 0.384538 0.307060 0.464364 0.166572 
   23 0.307271 0.163102 0.353232 0.177118 0.437159 0.427378 0.329927 0.349448 0.184709 0.385858 0.411158 0.307927 0.176528 0.396195 0.412537 0.190191 0.311946 0.274461 0.339639 0.217103 0.223269 0.369533 0.338106 0.339958 0.019072 0.458601 0.327256 0.110244 0.351751 0.239093 0.444490 0.136228 0.302340 0.085061 0.267771 0.227711 0.127597 0.423613 0.385855 0.259653 0.336414 0.269184 0.207251 0.193678 0.175884 0.294454 0.478557 0.560432 0.460884 
   24 0.143732 0.245393 0.364226 0.333482 0.278416 0.406467 0.378591 0.324831 0.155748 0.310713 0.411345 0.105863 0.326759 0.311557 0.428105 0.223234 0.160513 0.244760 0.501843 0.491452 0.189202 0.454314 0.339958 0.274522 0.205026 0.208693 0.377755 0.088067 0.293245 0.410385 0.392470 0.098509 0.256820 0.027244 0.198652 0.262827 0.301271 0.378701 0.495462 0.249366 0.210185 0.105873 0.334439 0.481699 0.224255 0.151985 0.100532 0.311027 0.292154 
   25 0.455980 0.283820 0.299213 0.157237 0.316027 0.306202 0.447049 0.283153 0.553535 0.239226 0.239777 0.420238 0.527861 0.279630 0.178980 0.371443 0.128836 0.473182 0.464094 0.354428 0.363755 0.485222 0.019072 0.205026 0.151171 0.217903 0.241079 0.281777 0.353234 0.280351 0.365339 0.314585 0.351951 0.254473 0.320432 0.124621 0.206307 0.351043 0.258874 0.376195 0.263080 0.300554 0.151840 0.182240 0.309889 0.193242 0.370111 0.389433 0.518781 
   26 0.043514 0.301810 0.243944 0.501300 0.468002 0.180475 0.337708 0.291723 0.302647 0.289051 0.233011 0.378584 0.450679 0.289130 0.147216 0.349479 0.254622 0.350836 0.311660 0.140469 0.233225 0.322970 0.458601 0.208693 0.217903 0.411684 0.244467 0.391136 0.286242 0.197477 0.446617 0.389334 0.341944 0.229200 0.406874 0.359419 0.064311 0.095544 0.307068 0.396886 0.225857 0.288313 0.167615 0.160660 0.154603 0.235742 0.275532 0.144129 0.283291 
   27 0.257826 0.306051 0.344370 0.285606 0.319209 0.370954 0.279611 0.247385 0.230631 0.342386 0.298279 0.238557 0.352240 0.383485 0.368088 0.212101 0.387945 0.563923 0.386560 0.230566 0.340672 0.075258 0.327256 0.377755 0.241079 0.244467 0.457343 0.436808 0.348611 0.244079 0.281319 0.301589 0.385803 0.485387 0.123686 0.031600 0.269787 0.280745 0.156146 0.283020 0.106017 0.203758 0.090816 0.301703 0.341373 0.481291 0.422450 0.282340 0.184612 
   28 0.471528 0.345693 0.154878 0.323403 0.540705 0.210746 0.488635 0.331793 0.278239 0.165944 0.307861 0.529279 0.212313 0.201793 0.309252 0.403124 0.255118 0.455048 0.438056 0.385580 0.249013 0.269533 0.110244 0.088067 0.281777 0.391136 0.436808 0.033810 0.207029 0.567014 0.439583 0.406388 0.299260 0.377193 0.315142 0.420733 0.385941 0.383072 0.324406 0.286943 0.510033 0.140376 0.315614 0.131292 0.322523 0.226857 0.328940 0.354128 0.266080 
   29 0.102874 0.180965 0.282125 0.291563 0.361039 0.153123 0.352969 0.443905 0.471593 0.254259 0.394104 0.318353 0.224872 0.260539 0.354007 0.419408 0.148829 0.244415 0.267912 0.273932 0.107744 0.476105 0.351751 0.293245 0.353234 0.286242 0.348611 0.207029 0.541407 0.417091 0.485006 0.440741 0.256971 0.195407 0.308662 0.334710 0.265229 0.277573 0.194365 0.298009 0.523151 0.293884 0.201147 0.476189 0.433955 0.339184 0.525183 0.165008 0.379219 
   30 0.300721 0.202040 0.380102 0.169068 0.329216 0.348601 0.118232 0.419470 0.343929 0.514615 0.212921 0.294192 0.246548 0.477214 0.508767 0.231503 0.546866 0.210224 0.301866 0.160667 0.493770 0.435818 0.239093 0.410385 0.280351 0.197477 0.244079 0.567014 0.417091 0.425957 0.490910 0.276391 0.234922 0.360058 0.304649 0.426492 0.238176 0.260018 0.167512 0.530808 0.305445 0.463884 0.282078 0.266778 0.253606 0.479600 0.282382 0.349253 0.216080 
   31 0.351520 0.025262 0.287452 0.073100 0.341630 0.333089 0.511610 0.069763 0.320734 0.368727 0.360715 0.288995 0.442421 0.282796 0.194560 0.386324 0.285212 0.551968 0.193587 0.297817 0.488053 0.434159 0.444490 0.392470 0.365339 0.446617 0.281319 0.439583 0.485006 0.490910 0.338841 0.376694 0.470713 0.304562 0.464423 0.280767 0.374255 0.229509 0.270499 0.463784 0.327002 0.194100 0.331212 0.047031 0.396526 0.059035 0.459420 0.393210 0.528922 
   32 0.224349 0.254109 0.432265 0.210470 0.229896 0.017308 0.240616 0.274265 0.285345 0.402976 0.294172 0.351008 0.187410 0.314265 0.514764 0.138354 0.403071 0.418256 0.248255 0.221760 0.258861 0.278347 0.136228 0.098509 0.314585 0.389334 0.301589 0.406388 0.440741 0.276391 0.376694 0.541581 0.125879 0.366227 0.189683 0.409874 0.095058 0.034362 0.329282 0.351371 0.572525 0.262920 0.245061 0.385977 0.107578 0.155553 0.168497 0.176790 0.473048 
   33 0.273034 0.171813 0.236628 0.392817 0.130031 0.108688 0.127412 0.199285 0.362343 0.410035 0.181719 0.536690 0.506254 0.157386 0.324641 0.323399 0.098649 0.510766 0.145276 0.449853 0.412245 0.072375 0.302340 0.256820 0.351951 0.341944 0.385803 0.299260 0.256971 0.234922 0.470713 0.125879 0.392251 0.264254 0.292985 0.484436 0.149388 0.252970 0.337860 0.173013 0.254710 0.207958 0.109805 0.197183 0.430549 0.310642 0.484256 0.359636 0.425565 
   34 0.487401 0.154291 0.125807 0.243167 0.254651 0.270448 0.290655 0.139198 0.497367 0.330447 0.320382 0.426439 0.413549 0.061243 0.246548 0.454438 0.302661 0.238016 0.241589 0.280381 0.236738 0.328910 0.085061 0.027244 0.254473 0.229200 0.485387 0.377193 0.195407 0.360058 0.304562 0.366227 0.264254 0.079755 0.314936 0.347466 0.228999 0.213883 0.026766 0.131856 0.364869 0.196502 0.332642 0.160652 0.362851 0.517242 0.288490 0.527731 0.420438 
   35 0.312668 0.359570 0.262068 0.399507 0.203507 0.409263 0.188970 0.386899 0.302100 0.203890 0.495415 0.208752 0.212236 0.411293 0.434781 0.264616 0.242107 0.432411 0.462198 0.255103 0.358454 0.325157 0.267771 0.198652 0.320432 0.406874 0.123686 0.315142 0.308662 0.304649 0.464423 0.189683 0.292985 0.314936 0.027749 0.066341 0.263371 0.225488 0.223492 0.333527 0.011947 0.270550 0.453481 0.159820 0.430376 0.508990 0.148790 0.379770 0.472315 
   36 0.184686 0.147724 0.403808 0.174240 0.188806 0.069391 0.307773 0.364060 0.136578 0.417599 0.221174 0.177491 0.443120 0.313157 0.553276 0.199740 0.416102 0.206278 0.310041 0.112867 0.232559 0.120669 0.227711 0.262827 0.124621 0.359419 0.031600 0.420733 0.334710 0.426492 0.280767 0.409874 0.484436 0.347466 0.066341 0.242750 0.338915 0.300838 0.582579 0.076363 0.422685 0.087576 0.143748 0.520458 0.343624 0.209692 0.141069 0.187868 0.393961 
   37 0.451932 0.288408 0.540889 0.336098 0.350148 0.247363 0.134908 0.502703 0.097574 0.239596 0.177394 0.267644 0.262565 0.253378 0.460923 0.283004 0.297896 0.297954 0.386025 0.352514 0.179727 0.274335 0.127597 0.301271 0.206307 0.064311 0.269787 0.385941 0.265229 0.238176 0.374255 0.095058 0.149388 0.228999 0.263371 0.338915 0.026378 0.406318 0.263506 0.300577 0.295398 0.319850 0.316208 0.345830 0.288658 0.246391 0.256324 0.144364 0.298597 
   38 0.213894 0.197118 0.564251 0.265443 0.308322 0.384765 0.285992 0.027236 0.202834 0.448452 0.172978 0.277606 0.269049 0.456019 0.460866 0.366713 0.284781 0.095443 0.122375 0.153858 0.095951 0.279477 0.423613 0.378701 0.351043 0.095544 0.280745 0.383072 0.277573 0.260018 0.229509 0.034362 0.252970 0.213883 0.225488 0.300838 0.406318 0.572942 0.340391 0.404724 0.357131 0.429527 0.161717 0.419622 0.137079 0.524341 0.304860 0.206506 0.311710 
   39 0.307495 0.292565 0.152644 0.488516 0.359186 0.487012 0.233378 0.238436 0.269116 0.497397 0.200214 0.313711 0.335055 0.537290 0.227087 0.292717 0.048760 0.315453 0.234070 0.301596 0.388906 0.500377 0.385855 0.495462 0.258874 0.307068 0.156146 0.324406 0.194365 0.167512 0.270499 0.329282 0.337860 0.026766 0.223492 0.582579 0.263506 0.340391 0.465805 0.465469 0.051125 0.411960 0.244012 0.167775 0.331567 0.170043 0.225557 0.216884 0.293252 
   40 0.152956 0.385939 0.331934 0.102392 0.533434 0.357181 0.400823 0.504937 0.128827 0.435242 0.108947 0.241941 0.389914 0.223219 0.403164 0.276245 0.107200 0.280307 0.211732 0.040875 0.187253 0.110393 0.259653 0.249366 0.376195 0.396886 0.283020 0.286943 0.298009 0.530808 0.463784 0.351371 0.173013 0.131856 0.333527 0.076363 0.300577 0.404724 0.465469 0.260441 0.390066 0.189837 0.361829 0.208824 0.253549 0.164800 0.329169 0.246058 0.361317 
   41 0.287944 0.358081 0.029914 0.056939 0.132128 0.244129 0.247404 0.518780 0.059682 0.184235 0.281702 0.352572 0.459843 0.496616 0.286750 0.082025 0.272879 0.235879 0.318653 0.203150 0.314045 0.425647 0.336414 0.210185 0.263080 0.225857 0.106017 0.510033 0.523151 0.305445 0.327002 0.572525 0.254710 0.364869 0.011947 0.422685 0.295398 0.357131 0.051125 0.390066 0.287815 0.190136 0.041087 0.362246 0.284086 0.226383 0.421751 0.128833 0.324050 
   42 0.156570 0.304199 0.326274 0.313344 0.225012 0.456781 0.155956 0.316517 0.185088 0.253844 0.234140 0.191390 0.123271 0.365368 0.096689 0.300490 0.248153 0.449700 0.543170 0.106801 0.143799 0.370519 0.269184 0.105873 0.300554 0.288313 0.203758 0.140376 0.293884 0.463884 0.194100 0.262920 0.207958 0.196502 0.270550 0.087576 0.319850 0.429527 0.411960 0.189837 0.190136 0.482971 0.332956 0.088074 0.153220 0.373300 0.353006 0.089502 0.212148 
   43 0.255402 0.150590 0.415670 0.358586 0.371242 0.252735 0.282305 0.114706 0.195837 0.273508 0.079392 0.243626 0.395315 0.482159 0.443568 0.222486 0.471231 0.166705 0.299973 0.244550 0.271016 0.188042 0.207251 0.334439 0.151840 0.167615 0.090816 0.315614 0.201147 0.282078 0.331212 0.245061 0.109805 0.332642 0.453481 0.143748 0.316208 0.161717 0.244012 0.361829 0.041087 0.332956 0.451669 0.321747 0.412515 0.285587 0.361725 0.247711 0.121082 
   44 0.423080 0.350860 0.257103 0.354980 0.396025 0.153819 0.343408 0.142169 0.169635 0.266854 0.296018 0.191372 0.416291 0.135562 0.305896 0.074406 0.244452 0.271210 0.408894 0.138924 0.213760 0.377776 0.193678 0.481699 0.182240 0.160660 0.301703 0.131292 0.476189 0.266778 0.047031 0.385977 0.197183 0.160652 0.159820 0.520458 0.345830 0.419622 0.167775 0.208824 0.362246 0.088074 0.321747 0.523310 0.261994 0.283760 0.238321 0.363954 0.082746 
   45 0.443685 0.406319 0.321942 0.314884 0.330992 0.317053 0.229765 0.122817 0.309026 0.470306 0.465332 0.120534 0.167604 0.149953 0.317146 0.370625 0.270243 0.147648 0.307309 0.360747 0.104829 0.362696 0.175884 0.224255 0.309889 0.154603 0.341373 0.322523 0.433955 0.253606 0.396526 0.107578 0.430549 0.362851 0.430376 0.343624 0.288658 0.137079 0.331567 0.253549 0.284086 0.153220 0.412515 0.261994 0.209763 0.315172 0.398030 0.499006 0.383010 
   46 0.064309 0.145551 0.199384 0.276729 0.516430 0.181669 0.053967 0.349286 0.459827 0.438089 0.244351 0.414326 0.327311 0.334491 0.071362 0.172696 0.233448 0.530783 0.416261 0.526038 0.168474 0.384538 0.294454 0.151985 0.193242 0.235742 0.481291 0.226857 0.339184 0.479600 0.059035 0.155553 0.310642 0.517242 0.508990 0.209692 0.246391 0.524341 0.170043 0.164800 0.226383 0.373300 0.285587 0.283760 0.315172 0.362804 0.261774 0.292809 0.278526 
   47 0.153719 0.393441 0.387024 0.381094 0.093248 0.334478 0.282482 0.204287 0.334974 0.383628 0.253392 0.216874 0.192412 0.365899 0.167778 0.368188 0.259032 0.045806 0.222059 0.401264 0.258634 0.307060 0.478557 0.100532 0.370111 0.275532 0.422450 0.328940 0.525183 0.282382 0.459420 0.168497 0.484256 0.288490 0.148790 0.141069 0.256324 0.304860 0.225557 0.329169 0.421751 0.353006 0.361725 0.238321 0.398030 0.261774 0.319441 0.393530 0.416886 
   48 0.313125 0.386339 0.322251 0.209367 0.209054 0.520152 0.220892 0.267379 0.348455 0.060177 0.506818 0.591116 0.444691 0.373695 0.216012 0.405220 0.269053 0.257200 0.402210 0.427045 0.258534 0.464364 0.560432 0.311027 0.389433 0.144129 0.282340 0.354128 0.165008 0.349253 0.393210 0.176790 0.359636 0.527731 0.379770 0.187868 0.144364 0.206506 0.216884 0.246058 0.128833 0.089502 0.247711 0.363954 0.499006 0.292809 0.393530 0.311841 0.177723 
   49 0.385662 0.369952 0.235585 0.220102 0.540009 0.456444 0.533466 0.173356 0.422012 0.366583 0.263784 0.569935 0.187166 0.382262 0.379216 0.387103 0.426031 0.473713 0.350100 0.431285 0.395787 0.166572 0.460884 0.292154 0.518781 0.283291 0.184612 0.266080 0.379219 0.216080 0.528922 0.473048 0.425565 0.420438 0.472315 0.393961 0.298597 0.311710 0.293252 0.361317 0.324050 0.212148 0.121082 0.082746 0.383010 0.278526 0.416886 0.177723 0.315282 ;

param q1 := 1 0.065317 2 0.144770 3 0.200262 4 0.353339 5 0.450535 6 0.214289 7 0.356911 8 0.069543 9 0.050288 10 0.224055 11 0.380253 12 0.115808 13 0.404566 14 0.126204 15 0.041901 16 0.256500 17 0.000489 18 0.354057 19 0.369530 20 0.486660 21 0.331582 22 0.247108 23 0.036812 24 0.267148 25 0.070915 26 0.401194 27 0.288074 28 0.106457 29 0.353528 30 0.166504 31 0.334549 32 0.389776 33 0.043288 34 0.255328 35 0.051837 36 0.324731 37 0.157749 38 0.321751 39 0.024277 40 0.433498 41 0.239080 42 0.396777 43 0.113318 44 0.167487 45 0.381887 46 0.426711 47 0.218562 48 0.465166 49 0.289807 ;
param q2_fix := 1 0.009819 2 0.090572 3 0.032080 4 0.146565 5 0.069471 6 0.040236 7 0.168558 8 0.163559 9 0.068729 10 0.080725 11 0.012120 12 0.035777 13 0.147184 14 0.113226 15 0.164647 16 0.100230 17 0.153572 18 0.101984 19 0.113614 20 0.036924 21 0.108880 22 0.040207 23 0.111244 24 0.028288 25 0.037202 26 0.152957 27 0.014177 28 0.073863 29 0.175576 30 0.020867 31 0.071831 32 0.022792 33 0.175308 34 0.025247 35 0.050911 36 0.084381 37 0.133051 38 0.068941 39 0.042700 40 0.074677 41 0.114205 42 0.198150 43 0.065433 44 0.072441 45 0.141247 46 0.059787 47 0.069940 48 0.198942 49 0.120853 ;
param diagQ2 := 1 0.591859 2 -0.843002 3 -0.638118 4 0.409911 5 0.071539 6 0.891476 7 -0.007867 8 -0.208613 9 -0.550127 10 0.162300 11 0.479925 12 0.763991 13 -0.652274 14 -0.885438 15 -0.039671 16 -0.570694 17 0.198610 18 0.216485 19 -0.162666 20 0.318969 21 -0.540593 22 0.555448 23 -0.809389 24 -0.590649 25 0.865084 26 0.720679 27 0.791512 28 0.735200 29 -0.105449 30 0.789847 31 -0.472656 32 -0.810874 33 0.103075 34 -0.336024 35 0.057739 36 -0.051105 37 -0.030362 38 0.126140 39 0.762196 40 -0.474854 41 0.676944 42 0.420904 43 -0.757421 44 0.603697 45 -0.184241 46 -0.295671 47 -0.899293 48 -0.457551 49 0.338303 ;