Obj: 6.248586989524543
SolTime: 29342.3848695755
Upper level solution: [ 5.82182801e-10 -3.81662043e-10  5.97064301e-10 -1.76439114e-10
  4.16081147e-03  1.14829342e-10 -1.17268039e-10  6.20918828e-11
 -3.24417924e-10 -3.92996455e-10 -5.06237179e-11  2.99008194e-10
  2.14127438e-02  1.09316724e-02  7.12551269e-03 -2.65182547e-10
 -1.02170572e-10 -3.62199427e-10  7.34781815e-03 -2.93023951e-10
 -3.71411791e-10  8.73537141e-03 -1.13645490e-10  2.77749790e-01
 -4.30998663e-10 -3.19478789e-10 -2.81730018e-10 -3.66753257e-10
 -3.43498971e-10 -3.19891546e-10 -3.85169175e-10 -2.74435073e-10
  2.63947852e-02  2.22723650e-02  1.00821277e-02  1.63285020e-10
 -6.37961826e-11  3.90215802e-11 -3.35666761e-10  8.26612695e-10
 -2.42463360e-10 -3.55946821e-10 -1.31011845e-10 -2.87144825e-10
  1.88724150e-11  1.00321009e-01  6.21698034e-02 -9.64063567e-13
 -1.48606506e-10 -2.80438505e-10 -2.99630384e-10 -4.31657524e-10
 -3.54995161e-10 -3.40052775e-10 -6.81997803e-11 -2.93864869e-10
 -1.65999544e-10 -3.15704599e-10  3.49756147e-10 -3.23320135e-10
 -3.54492940e-10 -7.68026236e-11 -2.94061431e-10 -3.20822360e-10
  1.44559873e-08 -1.92324980e-10  2.66906260e-10 -3.88740533e-10
 -3.57392323e-10  2.91826555e-10 -3.03610031e-10  2.34000754e-10
 -3.97876959e-10 -3.94359623e-10 -2.77729339e-10 -3.06330504e-10
 -3.00320761e-10  3.37639554e-09 -3.44345450e-10 -3.78129045e-10
 -2.65379674e-10 -2.34521773e-10 -3.19273238e-10 -3.30160442e-10
  7.22183564e-10  1.72232567e-09  5.84552227e-10 -3.03981113e-10
 -3.07393216e-10 -3.98190114e-10 -2.92970637e-10 -2.98041280e-10
  3.76773686e-02 -4.04427377e-10 -2.06990931e-10 -1.41305998e-10
 -3.15592820e-10 -3.40603937e-10 -2.60951555e-10 -3.98882497e-10
 -2.99590756e-10 -3.32992239e-10 -3.46911374e-10 -2.97530207e-10
  2.28701932e-02  2.58258694e-02 -1.68609471e-10 -3.58725296e-10
 -7.98526195e-11 -2.53720943e-10 -3.52225527e-10 -3.09301869e-10
 -3.30691918e-10  1.23188400e-03 -3.83297071e-10 -4.27884810e-10
 -1.64752746e-10  1.55356673e-02 -1.98144339e-10 -1.27146423e-10
  4.62599649e-10 -1.30849141e-10 -2.91189310e-10  6.35958867e-05
 -4.01904084e-10 -3.44329594e-10 -1.99472066e-10 -1.93532698e-10
 -1.25028768e-10 -2.84418658e-10 -2.55861052e-10  6.79598246e-11
 -1.47684324e-10 -3.41261800e-10 -3.76850082e-10  7.09231369e-03
  2.80988300e-02  3.34632811e-11 -2.83873280e-10 -3.21344592e-10
  5.89567402e-09  1.96452199e-02 -2.72427512e-10 -1.55748778e-10
 -3.40924811e-10 -2.98568771e-10 -3.08444106e-10 -2.28165793e-10
 -3.23992044e-10 -2.54861881e-10 -1.89513264e-10 -3.81778974e-10
  5.24234190e-02  1.04966995e-09  2.17474470e-09 -2.98210724e-10
 -1.63494597e-10 -3.72921480e-10 -3.91277009e-10 -3.74803521e-10
 -1.26246256e-10 -2.41686968e-10  3.11693712e-10  8.04559808e-02
  4.94856072e-09 -3.58903784e-10  6.94778335e-10 -3.44555807e-10
 -3.63249977e-10 -3.98932235e-10  1.75937182e-10 -3.15521532e-10
 -2.48409783e-10  6.48928193e-03 -3.02917910e-10 -1.33954134e-10
  4.00069527e-03 -3.17892297e-10 -3.71682826e-10  3.62213411e-02
 -3.51878354e-10 -1.86140351e-10 -3.43841582e-10 -2.37435720e-10
  7.07407231e-02 -2.94163547e-10  4.57954480e-10 -2.87855293e-10
 -2.12120103e-10 -2.63170075e-10  3.29238035e-02]
