Obj: -0.4618701957150699
SolTime: 0.6135921478271484
Upper level solution: [6.64601369e-02 1.87628064e-02 1.28307329e-05 8.65397326e-05
 1.87694420e-02 7.10913851e-02 1.85946583e-02 2.40257775e-10
 4.36620972e-02 4.37213586e-02 4.54159432e-10 1.86977772e-02
 6.08043295e-10 4.36595155e-02 5.62144423e-02 5.64387985e-02
 4.38297134e-02 9.03746595e-09 7.14459480e-09 4.37066406e-02
 5.64163819e-02 5.62442970e-02 4.37824403e-02 9.61701287e-10
 1.86984422e-02 6.16710975e-10 4.37159462e-02 4.36812774e-02
 1.10360987e-10 1.85891265e-02 7.11606632e-02 1.88654539e-02
 1.61067821e-05 5.89099658e-05 1.86624950e-02 6.64002972e-02]
