Finished before time limit.
Obj: 2.810171344542303
SolTime: 1651.7835521697998

Upper level solution: [ 1.38917944e-09  6.26578192e-09 -1.40117127e-09 -7.40000683e-10
  4.28968588e-10  1.47417088e-02  2.77947423e-09 -1.22759561e-09
 -9.12004399e-10  8.85538245e-02 -9.86712273e-10 -6.41765177e-10
 -1.05605347e-09 -5.59601048e-10 -1.26084798e-09  8.26150638e-12
 -8.40833295e-10 -1.16272103e-09 -1.14242353e-09 -9.29174967e-10
 -1.16978469e-09  1.36553687e-08  1.47047367e-02 -9.28882646e-10
  1.73533914e-03  1.97526931e-02  3.33518483e-02 -5.32088529e-10
 -6.92232648e-10  5.48219424e-10  3.73305688e-12 -9.74375646e-10
 -1.05004274e-09 -4.24777653e-10 -1.30237670e-09  7.16170585e-02
 -7.00208908e-10  7.15030216e-04  3.94131067e-10 -1.15940954e-09
 -1.36573991e-09 -1.69191387e-10  1.78771294e-11  5.34601383e-10
 -1.33699425e-09  6.43876101e-02  2.34020812e-01 -6.46416839e-11
 -1.20637184e-09 -1.38346722e-09  9.85993410e-10 -1.23263204e-09
  1.53070295e-02 -1.04472666e-09 -5.99903684e-10 -5.83225524e-10
 -1.05200571e-09 -1.04859170e-09 -9.87700168e-10 -1.13327611e-09
  2.57754698e-11 -1.13943968e-09 -1.15242613e-09 -1.07754762e-09
 -4.91518913e-10  4.87809979e-09  1.88392880e-02 -8.01310342e-10
  5.34436706e-02  1.99285271e-09 -3.17030459e-10  6.66264616e-10
  5.49793703e-03 -1.16016103e-09  9.70707110e-02 -1.26486357e-09
 -6.17028600e-10  1.23016557e-09  6.44658332e-02  3.44215331e-02
  1.13126861e-09 -1.00505960e-09 -1.03807137e-09 -1.04989600e-09
  3.08393760e-09 -9.72189196e-10 -9.82285692e-10 -4.21926410e-10
 -9.84364614e-10  1.88068848e-02  1.48566462e-01  2.50063471e-10
 -8.61419970e-10 -1.01114481e-09  1.12613347e-10 -6.92463655e-10]
