Finished before time limit.
Obj: 2.810169807410329
SolTime: 1049.3314411640167
It. number: 34

Upper level solution: [1.03585581e-09 6.80540856e-09 9.41824927e-11 3.30729730e-10
 6.72573735e-10 1.47164213e-02 8.85599880e-10 1.48396395e-10
 2.68594912e-10 8.85875840e-02 2.32230143e-10 3.66966459e-10
 2.16063912e-10 4.30913886e-10 1.39171909e-10 5.31119947e-10
 3.24857277e-10 1.83129123e-10 1.95615418e-10 2.35827755e-10
 1.73580731e-10 4.48233727e-09 1.46970457e-02 2.89731749e-10
 1.67044554e-03 1.97982315e-02 3.34291904e-02 4.56841982e-10
 3.01572119e-10 4.33795644e-10 4.53357815e-10 2.28886853e-10
 2.17727570e-10 3.71432642e-10 1.27244820e-10 7.15398333e-02
 4.21218485e-10 6.72781193e-04 8.99132277e-10 1.68961905e-10
 1.01784206e-10 4.80053015e-10 4.24426500e-10 7.15736890e-10
 1.21029247e-10 6.44305132e-02 2.34106495e-01 6.47469911e-10
 2.11527988e-10 1.02055674e-10 1.03885233e-09 1.88735767e-10
 1.52587705e-02 2.15677979e-10 7.15345219e-10 4.08014952e-10
 2.14862793e-10 2.67022266e-10 2.62648028e-10 2.20308341e-10
 7.42485057e-10 1.71716642e-10 1.91771156e-10 1.94739603e-10
 3.22305979e-10 1.14050844e-09 1.88094470e-02 3.33113352e-10
 5.35049993e-02 1.15238272e-09 4.84541906e-10 9.24827410e-10
 5.53407513e-03 1.94139394e-10 9.70948640e-02 1.56816788e-10
 3.09428673e-10 8.72580020e-10 6.44224246e-02 3.44687008e-02
 1.48824498e-08 2.21706830e-10 2.16531908e-10 1.91566652e-10
 2.10879231e-09 2.36809463e-10 2.03887288e-10 4.81050433e-10
 2.31459995e-10 1.87596750e-02 1.48498446e-01 4.88597853e-10
 2.77513011e-10 2.49099155e-10 5.97969254e-10 3.48681789e-10]
