Finished before time limit.
Obj: 2.8101710840747973
SolTime: 2525.3879930973053
It. number: 32
Percent. inner: 0.3240922597694579

Upper level solution: [ 1.16814626e-09  1.92083829e-08 -1.66216632e-09 -1.01008655e-09
 -7.68970907e-11  1.46647207e-02  3.11839855e-09 -1.49059539e-09
 -1.16727290e-09  8.86147640e-02 -1.23965860e-09 -8.93456092e-10
 -1.35937647e-09 -7.92621533e-10 -1.54148657e-09 -5.10263385e-10
 -1.14714674e-09 -1.44628743e-09 -1.42454594e-09 -1.23009136e-09
 -1.45150208e-09  2.50595586e-08  1.47114049e-02 -1.23415195e-09
  1.70280962e-03  1.97982381e-02  3.34150105e-02 -9.37601561e-10
 -1.02408453e-09 -2.41546427e-10 -3.90652622e-10 -1.26931085e-09
 -1.34081971e-09 -7.84691213e-10 -1.57612537e-09  7.15090340e-02
 -1.02355746e-09  7.01322524e-04  6.75150743e-11 -1.45957526e-09
 -1.62903093e-09 -4.71712867e-10 -5.73447588e-10  4.93307756e-11
 -1.60478418e-09  6.43951418e-02  2.34146442e-01 -4.07511997e-10
 -1.48066261e-09 -1.64832519e-09  2.71267250e-10 -1.50627834e-09
  1.52033093e-02 -1.35576486e-09 -8.62193629e-10 -1.00132205e-09
 -1.34034622e-09 -1.35094242e-09 -1.27382947e-09 -1.41604153e-09
 -2.92154250e-10 -1.41657987e-09 -1.41928673e-09 -1.37576007e-09
 -8.80022100e-10  4.69986417e-09  1.88615772e-02 -1.12042149e-09
  5.35178853e-02  1.57798923e-09 -7.09875241e-10  4.36911514e-10
  5.52332587e-03 -1.41682012e-09  9.70093939e-02 -1.53796429e-09
 -9.39133859e-10  9.62684808e-10  6.44554826e-02  3.45645704e-02
  1.62777124e-09 -1.29401832e-09 -1.31484028e-09 -1.34269110e-09
  3.30348528e-09 -1.23287490e-09 -1.28955089e-09 -8.10425330e-10
 -1.27915437e-09  1.87651772e-02  1.48440398e-01 -3.21289617e-10
 -1.14670472e-09 -1.28810942e-09 -3.65064036e-10 -1.00922617e-09]
