Finished before time limit.
Obj: 2.8101687146637566
SolTime: 1362.5329558849335
It. number: 30

Upper level solution: [6.72123410e-10 3.90175851e-09 6.03487646e-11 2.10894633e-10
 4.22956414e-10 1.47014160e-02 6.02079671e-10 9.53140424e-11
 1.71863928e-10 8.86317622e-02 1.49739263e-10 2.34132180e-10
 1.39598147e-10 2.77241766e-10 8.93028718e-11 3.39772010e-10
 2.09960407e-10 1.17704546e-10 1.24690959e-10 1.52695889e-10
 1.11289059e-10 2.64778507e-09 1.47473833e-02 1.84579673e-10
 1.96075494e-03 1.98605097e-02 3.32609275e-02 2.90379332e-10
 1.95701130e-10 2.80803877e-10 2.92002481e-10 1.46060012e-10
 1.40609290e-10 2.41166265e-10 8.18930349e-11 7.13858946e-02
 2.72870068e-10 6.90527577e-04 5.73695581e-10 1.09153024e-10
 6.54467049e-11 3.07771124e-10 2.73122104e-10 4.67084727e-10
 7.72806784e-11 6.45390948e-02 2.34114893e-01 4.17438890e-10
 1.35154840e-10 6.55385133e-11 7.07784016e-10 1.19930466e-10
 1.52684142e-02 1.39338289e-10 4.51764184e-10 2.62125246e-10
 1.38457928e-10 1.70201538e-10 1.69999638e-10 1.41504595e-10
 4.92087620e-10 1.12330764e-10 1.24089196e-10 1.24874276e-10
 2.07386455e-10 7.97089656e-10 1.88422661e-02 2.11901692e-10
 5.34732203e-02 7.81538737e-10 3.10448778e-10 5.91746546e-10
 5.47505416e-03 1.25391012e-10 9.71989350e-02 1.00721439e-10
 1.99829163e-10 5.65263881e-10 6.43327726e-02 3.46492124e-02
 2.79344347e-09 1.43589933e-10 1.39970275e-10 1.24297159e-10
 1.34434669e-09 1.53630348e-10 1.30786000e-10 3.06597529e-10
 1.48507955e-10 1.87749979e-02 1.48091935e-01 3.12579097e-10
 1.77264783e-10 1.59984193e-10 3.80618112e-10 2.23695612e-10]
