Obj: 3.2448522367631405
SolTime: 18.148386001586914
Upper level solution: [ 3.16547597e-06  5.33794927e-09  3.75622179e-09  1.50129594e-09
  2.35909463e-09  6.76465499e-09  4.43750070e-08  2.22639440e-08
  4.34879553e-09 -8.93182824e-10  9.62696890e-09  1.00868432e-08
  8.41789568e-09  3.68910768e-09 -7.71871920e-10  1.22176947e-10
  4.38798925e-10 -8.80580053e-10  4.64783949e-08 -1.12724704e-09
 -1.48171005e-09 -8.46377411e-11 -1.64512629e-09 -1.18891665e-09
  2.50349752e-09  1.02297152e-01  6.61032401e-03  2.22403824e-09
 -1.03866233e-09  1.12770374e-01  9.75660179e-03  2.19491860e-02
  2.08317268e-09 -7.24525683e-10  4.44474654e-02  2.98225161e-09
  2.56515921e-09 -3.69680571e-10  1.82855717e-10  1.33419951e-01
  3.99611778e-11 -2.22134703e-10  2.04302941e-09  6.40502959e-10
  2.46232544e-08  6.67127805e-02 -4.11231623e-10 -1.25043350e-09
  2.01732047e-09  1.47674807e-03  6.03929872e-09  5.71151203e-02
  5.80682781e-10  9.66397000e-09  7.83034397e-02  8.84673923e-02
  1.81299484e-10 -2.56839621e-10 -1.60112567e-09  9.23768543e-10
  1.20822464e-08  1.34713943e-10  4.54820447e-02 -1.08380519e-09
  8.05538638e-10  3.12198073e-10  2.77946230e-08 -1.00301284e-10
  5.59285343e-09 -2.76537885e-10 -3.71185429e-10  1.34653941e-08
 -4.74050499e-10 -5.30576880e-10  3.40278959e-10  2.70055074e-09
 -8.04167058e-11  6.34199644e-02 -4.42936312e-10  1.67768008e-01
  3.80371998e-09]
