Obj: 1.387576717336541
SolTime: 0.6841709613800049
Upper level solution: [ 1.13738118e-01  4.15996812e-02 -9.00889996e-11  1.79110810e-02
  8.37287307e-02 -2.45357920e-11  1.45269917e-11 -5.00295323e-11
  6.35246250e-02 -5.03796330e-11  7.59992688e-02  9.06903597e-02
  7.95926483e-10  5.91329637e-11  4.62538577e-11  5.55579142e-11
  8.68191175e-09  6.40000353e-02  4.77982131e-10  1.06002496e-01
 -6.99136951e-11  2.76351752e-10  5.80482854e-02  4.24466731e-11
  1.87652397e-10  9.76720233e-02  3.18293704e-02  5.44673888e-03
  6.31112954e-02 -8.27157462e-11  2.24684419e-03  2.30729750e-02
  2.82479009e-09  3.79149731e-02  2.34630841e-02  1.73180077e-09]
