Finished before TL = TrueObj: 2.9377729951665508
SolTime: 362.20729660987854
It. number: 36
Upper level solution: [3.84898073e-03 1.21753485e-09 1.33022470e-10 2.28291252e-10
 4.86477152e-03 7.73256997e-10 7.01604822e-02 1.28775308e-10
 6.94985184e-10 5.04840014e-10 1.73116818e-02 3.49125607e-10
 2.43760909e-10 3.30496922e-10 2.67365215e-10 4.32732440e-10
 2.96247730e-10 1.93576645e-10 1.25088941e-10 2.72675444e-10
 4.58156609e-10 2.50312430e-02 3.90870979e-02 1.17505831e-09
 1.89389851e-10 8.02870857e-02 1.34975535e-02 1.26391412e-09
 1.65875611e-10 4.06860557e-02 6.15971215e-10 3.01033576e-10
 4.36161610e-10 5.58316622e-10 2.17452605e-10 2.00472847e-10
 4.59275012e-02 1.51732422e-09 3.54975038e-02 5.06557404e-10
 1.29903336e-10 5.63192291e-10 3.89433048e-10 1.70892227e-09
 1.67384603e-09 2.79097147e-09 1.71645716e-01 1.15701933e-02
 2.81473691e-10 1.22542975e-10 1.66152848e-10 2.13155705e-10
 2.00181030e-10 3.41584060e-10 2.21386747e-10 4.85684979e-10
 2.22875375e-10 1.25630035e-10 2.45432520e-10 3.32897172e-10
 1.57035718e-10 1.72889438e-10 2.52864787e-10 2.29612723e-10
 2.35397101e-10 5.08087361e-10 2.39930876e-02 3.58306852e-10
 2.99904700e-10 1.12882011e-01 9.81879944e-09 4.52547187e-10
 6.94513090e-10 8.39482883e-02 1.54996085e-10 9.82639881e-10
 2.03296195e-10 2.35079576e-10 1.59976515e-09 6.32246864e-09
 5.40252662e-10 2.97434668e-10 2.34523321e-10 1.15370515e-10
 2.42812401e-10 1.98554509e-02 1.81466977e-10 3.16028705e-10
 8.36903607e-09 3.74142290e-10 4.21659709e-02 9.56280855e-02
 5.41703794e-10 2.93310719e-10 6.21111812e-02]
