Finished before time limit.
Obj: 528.9285058597239
Average LSE: 0.132232126464931
SolTime: 1.4374420642852783
It. number: 0
Percent. inner: 0.0

Q matrix recovered: [[ 2.94099439 -1.66543689 -0.08757635 -1.04338514  1.42706894  1.11199052
  -0.95954724  1.04604187 -0.48513061  0.20805842 -0.59230928 -1.40814516
   0.6416623  -0.04089472  2.68407192]
 [-1.66543689  5.79655603  0.37317791 -0.91725916  0.13434912 -0.66259026
  -0.37145581  2.10500324 -1.08918594  0.42831848  0.78404295  0.5166572
   0.07690715  2.55465949 -2.13500223]
 [-0.08757635  0.37317791  4.52864026  1.65715722 -0.50556591 -1.94537261
   1.0856565  -2.23803609 -1.51713188  1.16491429 -0.7321271  -1.8761088
   0.0550592   0.19170874 -1.58914793]
 [-1.04338514 -0.91725916  1.65715722  2.92235008 -0.87327392 -1.03970266
   0.72067647 -2.31394638  0.71361555  0.6035695  -0.40020792 -0.60856935
   0.83939742 -0.69125191 -1.34793008]
 [ 1.42706894  0.13434912 -0.50556591 -0.87327392  5.90784034 -0.0115496
  -1.14355587  0.86837319  0.42245465 -1.52016226 -1.36238869 -2.05453869
   2.38877534 -1.61347412  3.28906097]
 [ 1.11199052 -0.66259026 -1.94537261 -1.03970266 -0.0115496   4.36859514
  -1.88249606  0.36136165  1.73007429  2.55842204  2.16893833  2.95167998
   0.4756453   0.58001785  0.34946631]
 [-0.95954724 -0.37145581  1.0856565   0.72067647 -1.14355587 -1.88249606
   3.79879226 -0.08924881 -0.18859541 -0.37776721  1.67658142 -0.76455591
  -0.90862899 -0.46363776 -1.16263809]
 [ 1.04604187  2.10500324 -2.23803609 -2.31394638  0.86837319  0.36136165
  -0.08924881  6.775573    0.52828593  0.0565947   1.24018784  0.83003637
  -1.7391832   2.62394739  0.6791188 ]
 [-0.48513061 -1.08918594 -1.51713188  0.71361555  0.42245465  1.73007429
  -0.18859541  0.52828593  6.98900734 -0.20732931  1.7447191   1.74358042
   2.44564752 -0.08549875  0.20770473]
 [ 0.20805842  0.42831848  1.16491429  0.6035695  -1.52016226  2.55842204
  -0.37776721  0.0565947  -0.20732931  5.90871897  1.74657605  1.94234454
  -1.39113941  2.78119061 -2.44601276]
 [-0.59230928  0.78404295 -0.7321271  -0.40020792 -1.36238869  2.16893833
   1.67658142  1.24018784  1.7447191   1.74657605  6.41630155  1.9306019
   0.71725703  0.39189209 -2.28735248]
 [-1.40814516  0.5166572  -1.8761088  -0.60856935 -2.05453869  2.95167998
  -0.76455591  0.83003637  1.74358042  1.94234454  1.9306019   5.28644514
  -1.76669646  1.20619505 -1.80172244]
 [ 0.6416623   0.07690715  0.0550592   0.83939742  2.38877534  0.4756453
  -0.90862899 -1.7391832   2.44564752 -1.39113941  0.71725703 -1.76669646
   7.31943308 -0.79321578  2.92658567]
 [-0.04089472  2.55465949  0.19170874 -0.69125191 -1.61347412  0.58001785
  -0.46363776  2.62394739 -0.08549875  2.78119061  0.39189209  1.20619505
  -0.79321578  5.66262123 -0.24911456]
 [ 2.68407192 -2.13500223 -1.58914793 -1.34793008  3.28906097  0.34946631
  -1.16263809  0.6791188   0.20770473 -2.44601276 -2.28735248 -1.80172244
   2.92658567 -0.24911456  5.86987988]]
q vector recovered: [-0.75053316 -0.92263811  0.32179102  0.5883358  -0.93389963 -2.20974133
  0.00373422 -1.28027047 -1.04519043 -1.59737412 -2.4700286  -1.39178066
 -1.89937145 -1.45654434 -0.82993782]
Scalar c recovered: [1.53697191]
