Obj: 0.9603379125338176
SolTime: 0.2691309452056885
Upper level solution: [ 6.05581068e-02  2.35612271e-02  5.57340084e-02  1.38998782e-01
  9.99137293e-02  2.42604040e-02  6.30067933e-02  1.15335382e-01
 -2.72919539e-09  4.10481087e-02  1.77493996e-07 -2.47218798e-09
  7.02710943e-02 -2.11157140e-09 -1.98234014e-09 -2.59057768e-09
  2.48089596e-02 -1.83339211e-09  1.46977008e-02 -2.30093438e-09
  9.93390228e-10  1.47575995e-01  1.20229542e-01]

Obj: v = 1.25241
_total_solve_time = 112.504
:         x            y        :=
1    0.294839      0
2    1.50823e-06   0
3    0.0330693     0
4    2.25169e-07   0.0802205
5    1.34671e-07   0
6    2.799e-05     0.582531
7    0.0806017     0
8    0.0625815     0
9    7.32108e-08   0
10   5.0726e-07    0.119518
11   5.1691e-05    0
12   3.70831e-08   0
13   0.156216      0
14   1.54037e-07   0
15   0.158931      0
16   3.98193e-08   0
17   0.00240406    0
18   1.29487e-07   0
19   5.04292e-07   0.217731
20   8.74913e-08   0
21   1.35607e-07   0
22   0.03093       0
23   0.180344      0
;

