Obj: 2.064522550918842
SolTime: 2.8095428943634033
Upper level solution: [ 1.76858386e-02  3.07379038e-02  7.31600481e-02  3.17009230e-02
 -2.88254296e-12  5.04657681e-11  1.42388247e-11  2.06826074e-02
  4.29584282e-02  8.18370304e-12  1.38621347e-11  4.70468147e-02
  1.62175777e-02  4.07399621e-02  4.80885091e-02  6.23814174e-13
  9.13417479e-10  2.65077913e-02  1.60541795e-03  2.14887370e-02
  1.51191233e-11  6.25349197e-11  1.25315527e-02  2.87287238e-02
  4.13263244e-12  6.16014173e-04  2.72605503e-02  4.49923706e-02
  3.58131406e-12  9.98644428e-02  4.88347290e-12  1.63541857e-11
  1.03860963e-01  1.03514874e-11  8.12199800e-04  3.11101626e-11
  1.97743279e-13  2.92866673e-11  2.67227986e-02  4.43270211e-12
  3.06287527e-02  6.64115673e-03  8.39239982e-02  2.10730557e-02
  8.25744466e-03  2.15268322e-02 -1.76677955e-12  9.15801365e-12
  6.39385839e-02]
