Obj: -0.28390774187405937
SolTime: 42.12570405006409
Upper level solution: [2.66604911e-02 2.67460668e-02 2.68191483e-02 2.68003019e-02
 2.67605969e-02 1.80135232e-02 1.80157381e-02 1.78603375e-02
 1.79149949e-02 1.79473612e-02 3.59692149e-02 1.47457947e-02
 1.46324984e-02 1.45889211e-02 1.46366303e-02 1.46199179e-02
 9.19679460e-03 9.24479014e-03 9.43804646e-03 9.25692818e-03
 9.34893841e-03 2.01205190e-02 5.03207560e-02 1.29894534e-02
 1.27880936e-02 1.27115825e-02 1.28448339e-02 1.28833472e-02
 7.90877133e-03 8.10728245e-03 8.16239374e-03 7.99418067e-03
 7.90410813e-03 1.80117621e-02 5.02671492e-03 5.47766070e-03
 5.83986955e-03 5.52717504e-03 5.90260921e-03 3.25671759e-03
 2.93035126e-03 3.34392272e-03 2.84106138e-03 3.26691837e-03
 7.59897866e-03 2.28324405e-02 6.91908287e-02 1.30281020e-02
 1.24283810e-02 1.23356178e-02 1.25414959e-02 1.24519258e-02
 7.66613275e-03 7.86361069e-03 7.41657056e-03 7.67830333e-03
 7.25124393e-03 1.75679607e-02 4.22767658e-03 4.64396054e-03
 4.64643889e-03 4.73021336e-03 4.69341489e-03 2.60509482e-03
 2.64068673e-03 2.60304791e-03 2.49585908e-03 2.56069920e-03
 5.77892286e-03 1.89745902e-02 1.92085869e-03 2.40829247e-03
 2.44680859e-03 2.46560176e-03 2.22880776e-03 1.04313884e-03
 8.59307956e-04 8.77263977e-04 8.54908950e-04 1.18170291e-03
 2.74504104e-03 4.12868644e-04 1.18286000e-09 1.23769304e-08
 1.30854081e-08 1.18402647e-08 1.00368826e-08 6.45405006e-09
 6.05059525e-09 5.80139613e-09 3.65468240e-08 3.04662159e-04
 9.78586912e-11 1.07905567e-02 7.56307571e-02]
