Obj: 3.2707780796742285
SolTime: 18.95972490310669
Upper level solution: [ 1.29715283e-09  1.51256165e-09 -8.99319376e-11 -7.61271823e-10
 -2.13129143e-10  1.13760559e-09  4.42635425e-09  5.28143672e-11
  5.27794424e-09 -7.14539589e-10  2.11066401e-07  3.62040494e-02
  7.48489431e-09  5.22982192e-11 -2.23978599e-10  3.27691516e-10
 -6.14746516e-10 -4.16145160e-10  2.37480784e-09  2.22925002e-10
 -3.93824975e-10 -4.09521003e-10 -5.35796065e-10  2.49240844e-10
  9.27128379e-10  1.79742569e-01 -1.29543714e-10  6.07296638e-09
 -6.44806000e-10  4.41923632e-09  2.75191004e-09  9.38072080e-08
  6.28538212e-02 -1.61346791e-10  1.99018246e-09  2.74690678e-09
  5.78178398e-02 -6.92393423e-10 -9.13351634e-11  9.79190024e-10
  7.72894954e-09 -6.11307170e-10  2.56905257e-02  8.35197706e-10
  5.44882026e-10  1.18083651e-02 -7.65951510e-11 -5.81377883e-10
 -7.86472753e-10  3.13562417e-09  2.39011959e-09  1.83302163e-09
  2.17930198e-09 -6.37207171e-10  1.15378632e-01  4.32471121e-01
  2.63119612e-08 -3.07964140e-10 -5.69055089e-10 -6.23117948e-10
  1.40647767e-03  1.28131028e-09  8.59742426e-10  3.25861441e-09
 -3.15975887e-10  2.11446564e-08 -1.89579636e-10 -1.14560099e-10
 -5.12811181e-10  6.78610179e-09 -1.01488580e-10  1.73389111e-10
 -2.49103240e-10 -6.35639576e-10 -9.16152125e-11  1.45363031e-09
  1.13763601e-09  1.61104591e-09  7.66261784e-02 -1.71715810e-10]
