Finished before time limit.
Obj: -0.5536298186290622
SolTime: 1.7283298969268799
It. number: 165

Upper level solution: [1.11062849e-01 1.21501238e-05 8.84044896e-10 4.48800868e-09
 1.11022825e-01 4.72548685e-10 4.22842769e-09 1.11118032e-01
 1.66591982e-04 4.88962473e-10 2.63351752e-10 1.10981397e-01
 1.11273899e-01 1.10976570e-01 2.64923121e-10 4.78111790e-10
 1.83253982e-04 1.11104871e-01 3.02326163e-09 4.68187755e-10
 1.11005157e-01 6.37652006e-09 9.09054470e-10 2.80366806e-05
 1.11064344e-01]
