Finished before time limit.
Obj: -0.5536292595437807
SolTime: 0.16727328300476074
It. number: 0

Upper level solution: [ 1.11042825e-01  2.19501796e-05  1.85966683e-09  1.27134143e-08
  1.11035977e-01  6.26122928e-10  1.25244232e-08  1.11098999e-01
  1.81395920e-04  6.85585947e-10 -9.72675338e-12  1.10989320e-01
  1.11260965e-01  1.10974545e-01 -4.22498020e-12  6.51934050e-10
  1.85536865e-04  1.11100778e-01  9.34267999e-09  6.24754049e-10
  1.11022845e-01  2.81690495e-08  1.93770942e-09  4.56029943e-05
  1.11039191e-01]
