Finished before time limit.
Obj: -0.5536303341294069
SolTime: 19.06178617477417
It. number: 151

Upper level solution: [1.11040896e-01 9.98922772e-07 5.00113625e-10 2.77047145e-09
 1.11040435e-01 2.55731526e-10 2.96193959e-09 1.11120793e-01
 1.73841634e-04 2.67148336e-10 1.43228037e-10 1.11012617e-01
 1.11242076e-01 1.10969808e-01 1.43199613e-10 2.63331326e-10
 1.85505816e-04 1.11074063e-01 1.49642118e-09 2.44661393e-10
 1.11019168e-01 3.02070531e-09 4.79015157e-10 7.30084424e-05
 1.11046777e-01]
