Obj: -0.28414859204351367
SolTime: 36.46702003479004
Upper level solution: [ 2.61586432e-02  2.62662954e-02  2.60630183e-02  2.57411774e-02
  2.59463193e-02  1.71890830e-02  1.70393808e-02  1.71509598e-02
  1.75610842e-02  1.72902214e-02  3.82832698e-02  1.39160611e-02
  1.38329949e-02  1.38835583e-02  1.42360189e-02  1.39919108e-02
  9.49219090e-03  9.51254936e-03  9.61018567e-03  1.00111664e-02
  9.99309968e-03  1.67455497e-02  4.84975416e-02  1.34086159e-02
  1.32207559e-02  1.33741420e-02  1.36517487e-02  1.34924993e-02
  9.28773719e-03  9.22094043e-03  9.30020735e-03  9.68189614e-03
  9.67912741e-03  1.84880761e-02  6.30153341e-03  5.83535571e-03
  6.48872951e-03  6.41855262e-03  6.75987671e-03  2.07253745e-03
  1.53101440e-03  1.79515475e-03  1.69722311e-03  2.30414328e-03
  8.73276269e-03  2.17245101e-02  7.34462013e-02  1.34034991e-02
  1.32357211e-02  1.32048019e-02  1.30821818e-02  1.31459658e-02
  8.45693780e-03  8.63710326e-03  8.33714521e-03  7.88255374e-03
  7.77122015e-03  1.71464431e-02  5.83082420e-03  6.35043903e-03
  6.15270797e-03  5.81019972e-03  5.75963408e-03  2.64720917e-03
  2.49751714e-03  2.60881538e-03  2.48581909e-03  2.68068760e-03
  7.31806236e-03  2.30280307e-02  9.60001184e-04  1.59368503e-03
  1.21511933e-03  1.05764931e-03  7.74806930e-04  2.65971922e-07
  2.85682665e-07  1.24717848e-05  3.95055101e-07  1.53155325e-04
  1.43772310e-04  2.30631185e-09  3.26021532e-09  4.94743209e-09
  3.47280772e-09  5.13878311e-09  4.13347301e-09  3.92947595e-09
  4.81504784e-09  3.98276650e-09  4.90613760e-09  3.54582676e-04
 -2.48278262e-11  3.83465012e-03  7.60999730e-02]
