Obj: -0.36142546920877594
SolTime: 5.133778095245361
Upper level solution: [ 3.66158867e-02  2.90218825e-02 -1.08663087e-12  1.09177121e-02
  1.09506382e-02  6.11848884e-11  2.89956032e-02  3.65722777e-02
  2.90588705e-02  4.50566735e-03  3.49766445e-03  2.34259495e-02
  2.34678283e-02  3.54643509e-03  4.52933619e-03  2.89676605e-02
  5.76612621e-11  3.51908062e-03  2.33225781e-02  2.58803356e-02
  2.58951166e-02  2.33680369e-02  3.55607809e-03 -1.13506863e-12
  1.08969984e-02  2.34018086e-02  2.58543625e-02  7.58167379e-13
  6.07145558e-13  2.58750367e-02  2.34463543e-02  1.09189500e-02
  1.09190547e-02  2.34377465e-02  2.58730745e-02  1.18595314e-12
  1.39218487e-12  2.58529885e-02  2.33951408e-02  1.08995211e-02
 -1.13546281e-12  3.56044175e-03  2.33670646e-02  2.58924751e-02
  2.58745147e-02  2.33247534e-02  3.52519804e-03  5.77516755e-11
  2.89576381e-02  4.53123388e-03  3.55448743e-03  2.34706480e-02
  2.34248535e-02  3.50622311e-03  4.50245742e-03  2.90503127e-02
  3.65704673e-02  2.89947283e-02  6.12127496e-11  1.09554776e-02
  1.09228322e-02 -1.09023085e-12  2.90173874e-02  3.66111304e-02]
