Obj: -0.3246689486968934
SolTime: 15.450181007385254
Upper level solution: [ 1.69455292e-02  2.30801784e-02  1.32652364e-02  9.84902087e-03
  1.39299554e-02  9.85225674e-03  1.16884964e-02  2.30632113e-02
  1.90297871e-02  2.30943421e-02  5.85805879e-03  4.66795197e-03
  1.69106742e-02  1.53588819e-02  1.63958303e-02  4.67058560e-03
  6.42040440e-03  2.30726895e-02  1.32704084e-02  4.66801519e-03
  9.49981774e-03  1.76602962e-02  1.22563387e-02  1.76778363e-02
  1.11184657e-02  4.67657721e-03  1.16620682e-02  9.84208600e-03
  1.69167017e-02  1.76648282e-02  6.30923082e-03  1.20017536e-09
  4.19899821e-03  1.76805783e-02  1.63970771e-02  9.83548749e-03
  1.39179562e-02  1.53535854e-02  1.22290565e-02  1.23649450e-09
 -4.79061625e-10  1.23694747e-09  1.22329113e-02  1.53542607e-02
  1.39108968e-02  9.84627613e-03  1.64008942e-02  1.76825734e-02
  4.19924973e-03  1.20051738e-09  6.31691363e-03  1.76765467e-02
  1.69170911e-02  9.83384349e-03  1.16639213e-02  4.66987216e-03
  1.11156187e-02  1.76754491e-02  1.22615456e-02  1.76709133e-02
  9.49311036e-03  4.65119699e-03  1.32890530e-02  2.30636260e-02
  6.42523963e-03  4.67576911e-03  1.63904687e-02  1.53603632e-02
  1.69106066e-02  4.65131825e-03  5.87930820e-03  2.30937653e-02
  1.90283469e-02  2.30665258e-02  1.16955638e-02  9.84186356e-03
  1.39191142e-02  9.83978953e-03  1.32865451e-02  2.30806633e-02
  1.69404789e-02]
