Finished before time limit.
Obj value returned by the CP solver: 503.87547516725004
Average LSE: 0.12596886879181252
SolTime: 5.17275071144104
It. number: 18

Q matrix recovered: [ 1.68316713  1.44145998  1.32988156  1.07724583  0.45663757 -0.40194147
 -0.16892252 -1.44993031  0.6137223   0.38035694  1.44145998 -0.55476386
 -1.16867848  0.32519925  0.26405759  0.61668811 -0.47638748 -0.38942826
 -0.53718748  0.70011832  1.32988156 -1.16867848  0.44726635  0.95428957
  1.30526752 -0.22307058 -0.01886646 -0.65339365  0.2781253  -0.09161988
  1.07724583  0.32519925  0.95428957 -0.51553704 -0.16016831  0.90801838
  0.29056798  0.2195445  -0.1530171  -0.06664031  0.45663757  0.26405759
  1.30526752 -0.16016831 -0.58838172  0.27750665 -0.37724156 -0.42413087
 -0.33607592  0.05661888 -0.40194147  0.61668811 -0.22307058  0.90801838
  0.27750665 -0.06091723 -1.16048101 -0.65626854 -0.57011997  0.78946007
 -0.16892252 -0.47638748 -0.01886646  0.29056798 -0.37724156 -1.16048101
 -0.24278986 -0.30755191  1.18539877 -0.16840656 -1.44993031 -0.38942826
 -0.65339365  0.2195445  -0.42413087 -0.65626854 -0.30755191 -0.35393803
 -1.17644337  0.76185133  0.6137223  -0.53718748  0.2781253  -0.1530171
 -0.33607592 -0.57011997  1.18539877 -1.17644337  0.79712408 -0.59674164
  0.38035694  0.70011832 -0.09161988 -0.06664031  0.05661888  0.78946007
 -0.16840656  0.76185133 -0.59674164 -0.400081  ]
q vector recovered: [ 0.65794118  0.80447172 -1.16850181 -2.43985116  0.12715354 -1.97397056
 -2.09530109 -0.39560459  1.10674891 -1.59012123]
Scalar c recovered: [9.6489159]
