Finished before TL = TrueObj value returned by the CP solver: 503.87545350902326
Average LSE = 0.12596886337725582SolTime: 14.562505722045898
It. number: 19
Q matrix recovered: [ 1.68317925  1.44143562  1.3299065   1.07724321  0.45660213 -0.40193495
 -0.16891066 -1.44992862  0.61385093  0.38032471  1.44143562 -0.55474265
 -1.16861837  0.32521302  0.26399593  0.61672752 -0.47634508 -0.38938249
 -0.53724466  0.70018945  1.3299065  -1.16861837  0.44727115  0.95426024
  1.30528623 -0.22309605 -0.01890048 -0.65342683  0.27814542 -0.09160571
  1.07724321  0.32521302  0.95426024 -0.5155486  -0.16013801  0.9079933
  0.29055406  0.21954549 -0.15314352 -0.06659871  0.45660213  0.26399593
  1.30528623 -0.16013801 -0.58839152  0.27754229 -0.3772038  -0.42410008
 -0.3360739   0.05661563 -0.40193495  0.61672752 -0.22309605  0.9079933
  0.27754229 -0.06095227 -1.1604924  -0.65628592 -0.57024901  0.7894885
 -0.16891066 -0.47634508 -0.01890048  0.29055406 -0.3772038  -1.1604924
 -0.2428104  -0.30755606  1.1852648  -0.16837854 -1.44992862 -0.38938249
 -0.65342683  0.21954549 -0.42410008 -0.65628592 -0.30755606 -0.35395614
 -1.17657615  0.76189566  0.61385093 -0.53724466  0.27814542 -0.15314352
 -0.3360739  -0.57024901  1.1852648  -1.17657615  0.79676461 -0.59689589
  0.38032471  0.70018945 -0.09160571 -0.06659871  0.05661563  0.7894885
 -0.16837854  0.76189566 -0.59689589 -0.40007568]
q vector recovered: [ 0.65789525  0.80440068 -1.16851853 -2.43979181  0.12713833 -1.97390424
 -2.0952535  -0.39556391  1.10720102 -1.5901394 ]
Scalar c recovered: [9.64881082]
