Obj: -0.284148592045559
SolTime: 34.54478645324707
Upper level solution: [ 2.61586428e-02  2.62662961e-02  2.60630199e-02  2.57411776e-02
  2.59463210e-02  1.71890836e-02  1.70393801e-02  1.71509581e-02
  1.75610844e-02  1.72902199e-02  3.82832672e-02  1.39160584e-02
  1.38329899e-02  1.38835583e-02  1.42360217e-02  1.39919103e-02
  9.49219222e-03  9.51254931e-03  9.61018192e-03  1.00111664e-02
  9.99310466e-03  1.67455501e-02  4.84975385e-02  1.34086171e-02
  1.32207545e-02  1.33741457e-02  1.36517551e-02  1.34925029e-02
  9.28773690e-03  9.22093903e-03  9.30020233e-03  9.68189500e-03
  9.67913063e-03  1.84880779e-02  6.30153077e-03  5.83535028e-03
  6.48872898e-03  6.41855542e-03  6.75987573e-03  2.07253917e-03
  1.53101550e-03  1.79515231e-03  1.69722377e-03  2.30414912e-03
  8.73275868e-03  2.17245081e-02  7.34462042e-02  1.34034995e-02
  1.32357237e-02  1.32047993e-02  1.30821767e-02  1.31459634e-02
  8.45693807e-03  8.63710502e-03  8.33715061e-03  7.88255503e-03
  7.77121702e-03  1.71464438e-02  5.83082646e-03  6.35044431e-03
  6.15270889e-03  5.81019680e-03  5.75963509e-03  2.64720901e-03
  2.49751681e-03  2.60881702e-03  2.48581914e-03  2.68068138e-03
  7.31806738e-03  2.30280373e-02  9.60000341e-04  1.59368719e-03
  1.21511713e-03  1.05764313e-03  7.74804821e-04  2.66707262e-07
  2.86344696e-07  1.24745189e-05  3.96328301e-07  1.53150299e-04
  1.43770082e-04  2.30881097e-09  3.26337823e-09  4.95145768e-09
  3.47565246e-09  5.14254428e-09  4.13690803e-09  3.93293828e-09
  4.81911107e-09  3.98627990e-09  4.90983764e-09  3.54586020e-04
 -2.31318545e-11  3.83464548e-03  7.60999729e-02]
