Finished before time limit.
Obj: -0.2841492270955932
SolTime: 399.2462348937988
It. number: 2203

Upper level solution: [2.61389014e-02 2.62581647e-02 2.60721855e-02 2.57533307e-02
 2.59478045e-02 1.72166853e-02 1.70509171e-02 1.71445241e-02
 1.75585811e-02 1.72751794e-02 3.82832357e-02 1.39051319e-02
 1.38167258e-02 1.38616883e-02 1.42325511e-02 1.39953242e-02
 9.49101829e-03 9.52035041e-03 9.63129046e-03 9.99493258e-03
 9.98084711e-03 1.67670525e-02 4.84832632e-02 1.33975777e-02
 1.32195400e-02 1.33536116e-02 1.36373374e-02 1.35014293e-02
 9.29570318e-03 9.23531674e-03 9.30453425e-03 9.69074964e-03
 9.66169597e-03 1.85116969e-02 6.29958118e-03 5.83000418e-03
 6.48352528e-03 6.38159022e-03 6.75341957e-03 2.07048732e-03
 1.54841356e-03 1.81832851e-03 1.71230683e-03 2.29469276e-03
 8.75379861e-03 2.17357604e-02 7.34565920e-02 1.34218557e-02
 1.32368026e-02 1.32326492e-02 1.31029564e-02 1.31716135e-02
 8.45258735e-03 8.63444414e-03 8.30552593e-03 7.87086828e-03
 7.78284524e-03 1.71146873e-02 5.83219663e-03 6.36160428e-03
 6.16307591e-03 5.82202518e-03 5.76699808e-03 2.65800374e-03
 2.50850912e-03 2.59408051e-03 2.47830989e-03 2.66977244e-03
 7.29634061e-03 2.30378195e-02 9.47628989e-04 1.58831198e-03
 1.24015427e-03 1.06498364e-03 7.81949460e-04 5.03272799e-09
 4.89441809e-09 5.69321963e-08 8.32575225e-09 1.31472553e-04
 1.20288670e-04 1.64551799e-10 1.88031538e-10 2.28448351e-10
 1.91553844e-10 2.31730887e-10 2.08856089e-10 2.03698190e-10
 2.25448021e-10 2.04666841e-10 2.26886698e-10 3.60479035e-04
 1.08255734e-10 3.82065046e-03 7.61010536e-02]
