Finished before time limit.
Obj: -0.28414859214223936
SolTime: 41.351677894592285
It. number: 0

Upper level solution: [ 2.61586398e-02  2.62662955e-02  2.60630258e-02  2.57411826e-02
  2.59463302e-02  1.71890891e-02  1.70393833e-02  1.71509537e-02
  1.75610814e-02  1.72902120e-02  3.82832565e-02  1.39160471e-02
  1.38329777e-02  1.38835626e-02  1.42360252e-02  1.39919075e-02
  9.49219804e-03  9.51255481e-03  9.61017339e-03  1.00111599e-02
  9.99311545e-03  1.67455553e-02  4.84975288e-02  1.34086190e-02
  1.32207548e-02  1.33741620e-02  1.36517711e-02  1.34925122e-02
  9.28773706e-03  9.22093873e-03  9.30018807e-03  9.68188322e-03
  9.67913579e-03  1.84880846e-02  6.30151992e-03  5.83533918e-03
  6.48872912e-03  6.41855669e-03  6.75986848e-03  2.07254567e-03
  1.53102396e-03  1.79514892e-03  1.69722308e-03  2.30416710e-03
  8.73274510e-03  2.17245016e-02  7.34462105e-02  1.34035034e-02
  1.32357279e-02  1.32047859e-02  1.30821638e-02  1.31459563e-02
  8.45693529e-03  8.63710302e-03  8.33716361e-03  7.88256569e-03
  7.77121187e-03  1.71464461e-02  5.83083424e-03  6.35045263e-03
  6.15270731e-03  5.81019334e-03  5.75964208e-03  2.64720923e-03
  2.49751614e-03  2.60881978e-03  2.48582237e-03  2.68065928e-03
  7.31808264e-03  2.30280571e-02  9.59999189e-04  1.59368675e-03
  1.21510625e-03  1.05763086e-03  7.74803158e-04  2.71035896e-07
  2.90277925e-07  1.24821213e-05  4.04078652e-07  1.53132261e-04
  1.43763365e-04  2.32820997e-09  3.28730602e-09  4.98202627e-09
  3.49820461e-09  5.17200488e-09  4.16325465e-09  3.95938704e-09
  4.84989490e-09  4.01330186e-09  4.93847510e-09  3.54596750e-04
 -9.92650993e-12  3.83463527e-03  7.60999726e-02]
