Finished before time limit.
Obj: -0.2841496653475346
SolTime: 6737.6105971336365
It. number: 2008

Upper level solution: [2.61391264e-02 2.63201582e-02 2.61021358e-02 2.57103953e-02
 2.59524948e-02 1.72038527e-02 1.70241196e-02 1.71352357e-02
 1.75650739e-02 1.72738887e-02 3.82807837e-02 1.38829096e-02
 1.38260532e-02 1.38804523e-02 1.42183823e-02 1.39801071e-02
 9.54803918e-03 9.50566217e-03 9.59781420e-03 1.00429638e-02
 1.00009708e-02 1.67714312e-02 4.84902126e-02 1.34363570e-02
 1.32265678e-02 1.33782763e-02 1.36225788e-02 1.34577439e-02
 9.33405722e-03 9.25899021e-03 9.28999341e-03 9.72133048e-03
 9.61462266e-03 1.85264494e-02 6.31389876e-03 5.80196146e-03
 6.46762177e-03 6.37810340e-03 6.74586718e-03 2.08871698e-03
 1.52260414e-03 1.75753483e-03 1.71597831e-03 2.34636072e-03
 8.75108189e-03 2.17106913e-02 7.34435412e-02 1.34434222e-02
 1.32225821e-02 1.31953272e-02 1.30679682e-02 1.31421027e-02
 8.42125557e-03 8.60323638e-03 8.32265197e-03 7.91852507e-03
 7.78781768e-03 1.70958641e-02 5.79779737e-03 6.33656146e-03
 6.18873231e-03 5.86071297e-03 5.78188030e-03 2.64227709e-03
 2.50785702e-03 2.57758828e-03 2.44643174e-03 2.67029817e-03
 7.29589397e-03 2.30349033e-02 9.51723011e-04 1.57394806e-03
 1.20890392e-03 1.10094796e-03 8.17505550e-04 4.27047673e-09
 4.15436633e-09 4.84881222e-08 6.90007552e-09 1.57984597e-04
 1.30300142e-04 1.38431810e-10 1.57983587e-10 1.91712121e-10
 1.61028964e-10 1.94361908e-10 1.75627203e-10 1.71141590e-10
 1.89261888e-10 1.71900839e-10 1.90667927e-10 3.78216496e-04
 9.09229073e-11 3.86107521e-03 7.60944500e-02]
