Obj: -0.4196019364914
SolTime: 0.6663501262664795
Upper level solution: [ 3.11059576e-02  3.73212356e-02  4.00685474e-02  4.08325019e-02
  3.82873602e-02  3.08648273e-02  3.81201466e-02  1.48064356e-02
  2.40167537e-02  2.44271358e-02  1.55319513e-02  3.79042799e-02
  3.99273615e-02  2.31292800e-02 -6.66087017e-13 -1.72958629e-12
  2.34687164e-02  4.01875094e-02  4.01875093e-02  2.34687164e-02
 -1.72958620e-12 -6.66086896e-13  2.31292800e-02  3.99273615e-02
  3.79042799e-02  1.55319513e-02  2.44271358e-02  2.40167537e-02
  1.48064356e-02  3.81201466e-02  3.08648273e-02  3.82873602e-02
  4.08325019e-02  4.00685474e-02  3.73212356e-02  3.11059576e-02]
