Obj: -0.3163836535070682
SolTime: 1.8037784099578857
Upper level solution: [4.51437557e-02 4.69871658e-02 4.70856877e-02 4.54652738e-02
 4.54467264e-02 2.24376079e-02 2.25725383e-02 2.70194555e-02
 2.67565041e-02 3.05363295e-02 5.67490425e-02 1.72129298e-02
 1.65563024e-02 1.57839290e-02 1.58092360e-02 1.51933256e-02
 1.45846298e-02 1.37166115e-02 1.63572858e-02 1.65668399e-02
 1.86290436e-02 3.30988038e-02 7.48154611e-02 1.98327241e-02
 1.81961552e-02 1.42794977e-02 1.47274350e-02 1.29749910e-02
 9.26959965e-03 8.83974943e-03 9.86138526e-03 1.09583949e-02
 9.97233674e-03 1.46532882e-02 7.30733401e-03 7.30701697e-03
 3.67533582e-03 5.43399646e-03 2.97270446e-03 1.06955531e-08
 1.82928860e-07 7.40116843e-09 1.56387652e-03 8.27344016e-09
 1.97349269e-02 3.07991952e-02 9.31153619e-02]
