Obj: 3.813064470942407
SolTime: 38.53070116043091
Upper level solution: [ 2.10021186e-09  5.02386891e-09 -1.32147440e-10  1.10660183e-10
  6.04211893e-10  4.64621807e-10  4.95037911e-09 -8.44243651e-11
  5.08540359e-11  1.05947829e-01  7.06524218e-11  9.31056727e-11
  3.65196207e-11  1.36824651e-10 -8.03005479e-11  4.69837761e-10
  7.85294026e-11 -4.32410976e-11 -7.37861166e-11  2.20536416e-11
 -5.95500037e-11  1.02886996e-03  3.08496686e-02 -1.11867066e-11
  1.08836745e-02  7.14593342e-03  5.00195909e-02  2.89756418e-10
  1.04640911e-10  2.47888272e-10  1.92795335e-10 -4.54904048e-11
 -1.43104729e-11  1.54515102e-10 -1.00957605e-10  3.26030854e-02
  1.18425326e-10  6.61342361e-08  5.48760675e-10 -4.53213980e-11
 -1.20740992e-10  9.74101888e-11  1.96898658e-10  5.90202700e-10
 -1.25872833e-10  8.98661423e-02  2.29911219e-01  2.25780302e-10
 -5.26820803e-11 -1.22929237e-10  6.28557552e-10 -7.62665071e-11
  2.43144853e-02 -4.31229994e-11  3.01535563e-10  1.13523481e-10
 -2.33604875e-11 -5.24440271e-11 -9.00553129e-13 -5.62617921e-11
  9.08965004e-10 -3.01992788e-11 -6.35062568e-11 -1.17903630e-11
  1.10577056e-10  1.80633514e-09  5.65328228e-02  9.11991658e-11
  5.78971826e-02  1.07836211e-09  1.01296967e-10  5.65838171e-10
  9.02063761e-10 -5.71064708e-11  7.14046495e-02 -8.91505738e-11
  1.18735165e-10  1.32937761e-10  3.78046807e-02  2.42223189e-02
  6.09995895e-10 -2.34903485e-11 -4.50179702e-11 -1.61160994e-11
  4.63232639e-09  8.88112658e-11  1.43146853e-11  6.18548567e-10
  3.73623696e-11  2.21169890e-02  1.47450763e-01  3.88961399e-10
  1.22174245e-10  1.59996376e-11  2.01290922e-10  4.73909799e-11]
