Finished before time limit.
Obj: 2.297860867966232
SolTime: 2612.6325829029083
It. number: 39
Percent. inner: 0.6985898713581441

Upper level solution: [ 1.21529706e-02  6.83640208e-12 -2.24879245e-10 -2.66509480e-10
 -2.48113782e-10 -2.54359271e-11  1.63720950e-09  1.93359876e-09
 -2.44993442e-11 -5.08694169e-10  4.49093202e-11 -2.05842209e-10
 -8.32900823e-11 -2.35067184e-10 -5.24558236e-10 -4.70599566e-10
 -4.46586299e-10 -4.94895320e-10  1.69849564e-10 -5.31827720e-10
 -5.57297902e-10 -4.84272006e-10 -5.66299380e-10 -5.44639827e-10
 -3.31443030e-10  1.02844637e-01  3.29124263e-09 -3.48766320e-10
 -5.31460214e-10  9.70711784e-02  1.51173266e-09  3.78629818e-02
 -3.74636578e-10 -5.01511119e-10  4.92217039e-02 -1.98823541e-10
 -2.77379505e-10 -4.79859521e-10 -4.65297351e-10  1.31297091e-01
 -4.37405696e-10 -4.87213648e-10 -4.04817847e-10 -4.13222823e-10
  1.14997027e-09  6.94811870e-02 -4.64398845e-10 -5.43693289e-10
 -4.17014897e-10  1.74874077e-02 -3.20094039e-10  5.37694569e-02
 -4.36098439e-10 -2.27080151e-12  7.36414388e-02  7.83860815e-02
 -4.59106719e-10 -4.98026255e-10 -5.63859647e-10 -4.55880881e-10
 -1.94672851e-10 -4.66668206e-10  4.06509321e-02 -5.26134399e-10
 -4.19893386e-10 -4.61369478e-10  5.14410411e-11 -4.93783103e-10
 -3.46998589e-10 -5.09431210e-10 -4.95563036e-10  2.21570902e-10
 -4.66680731e-10 -4.72408460e-10 -4.57460061e-10 -3.36466121e-10
 -4.67174741e-10  6.06841611e-02 -5.12903983e-10  1.75448784e-01
 -2.62294514e-10]
