Finished before time limit.
Obj: 2.2978488100353935
SolTime: 2671.557247877121
It. number: 34

Upper level solution: [1.18169948e-02 2.73797786e-10 2.73800286e-10 2.20523433e-10
 1.85083463e-10 4.11437330e-10 3.72996401e-09 1.82990266e-07
 3.15987853e-10 9.25107985e-11 1.02225446e-09 4.28837545e-10
 4.39935702e-10 2.69074729e-10 9.39355288e-11 1.12032310e-10
 1.09776086e-10 8.21309613e-11 4.44293305e-10 6.63813473e-11
 6.61234162e-11 9.81014054e-11 5.61330007e-11 6.60864111e-11
 1.72908486e-10 1.03401271e-01 6.49089934e-10 1.67144375e-10
 8.39931189e-11 9.66833398e-02 1.53431098e-09 3.79230417e-02
 1.62913691e-10 8.22037010e-11 4.87177126e-02 1.76422434e-10
 2.72659034e-10 1.06822548e-10 9.56687169e-11 1.31449835e-01
 1.03853274e-10 1.13617225e-10 1.70840623e-10 1.22518761e-10
 1.34694133e-09 6.97046279e-02 9.98591171e-11 6.98050627e-11
 1.31322964e-10 1.73316761e-02 2.36088522e-10 5.36619406e-02
 1.27022457e-10 3.09400384e-10 7.39066979e-02 7.84674843e-02
 9.53091821e-11 1.02294323e-10 5.66394324e-11 1.28983184e-10
 2.40084436e-10 1.27907537e-10 4.09527795e-02 6.83761424e-11
 1.06595406e-10 1.04015807e-10 2.99593870e-10 1.02152032e-10
 2.47585436e-10 9.31990303e-11 8.53188581e-11 4.06779382e-10
 9.17094903e-11 1.02919608e-10 1.17524738e-10 1.84891208e-10
 1.08978509e-10 6.04743894e-02 9.04341181e-11 1.75508007e-01
 2.35995069e-10]
