Obj: [647.08655546]
Average LSE = [0.16177164]SolTime: 218.62335515022278
Q matrix recovered: [[ 1.15865203  0.94946978  0.36928696  1.00918577 -0.48055647  0.92367572
  -0.71633531 -0.02839229  0.04138371 -0.96899532 -0.50702001 -0.04811992
  -0.24778371]
 [ 0.94946978  0.6260516  -1.05280955  0.15956399 -0.04618698  0.99547319
  -0.47766921 -0.70914681  0.73533747  0.72502658 -0.42379891 -0.76702757
  -0.74288835]
 [ 0.36928696 -1.05280955  0.75329412  1.192809   -0.06320362 -0.48602176
  -1.13665858  1.6720834  -1.00283761 -0.60126429  0.01976076 -0.89761789
   0.33667899]
 [ 1.00918577  0.15956399  1.192809    2.15000829 -1.253255    0.00728421
   0.30182289 -1.04037099  0.03435147 -0.84473233 -1.50528318  0.33839538
   0.79303555]
 [-0.48055647 -0.04618698 -0.06320362 -1.253255    0.78346737 -0.28236212
   0.36351155  0.32303598  0.04654405  0.58192299 -0.98035573  0.81093058
  -1.11440136]
 [ 0.92367572  0.99547319 -0.48602176  0.00728421 -0.28236212  0.84367974
  -0.62306019 -0.20599261  0.87879815 -0.1419384   1.30192531 -1.27942161
  -0.34677045]
 [-0.71633531 -0.47766921 -1.13665858  0.30182289  0.36351155 -0.62306019
  -0.41156835  0.34710461  0.13317926  0.40503055  0.97177936  0.38393033
   0.44374237]
 [-0.02839229 -0.70914681  1.6720834  -1.04037099  0.32303598 -0.20599261
   0.34710461  1.90630195 -0.63097778 -0.30242504 -0.15520434 -0.10318194
   0.96346983]
 [ 0.04138371  0.73533747 -1.00283761  0.03435147  0.04654405  0.87879815
   0.13317926 -0.63097778 -0.72313047  1.06515361 -0.58642574 -0.24527652
  -0.40697521]
 [-0.96899532  0.72502658 -0.60126429 -0.84473233  0.58192299 -0.1419384
   0.40503055 -0.30242504  1.06515361  0.38992013 -0.01429993  0.08765096
   0.00261822]
 [-0.50702001 -0.42379891  0.01976076 -1.50528318 -0.98035573  1.30192531
   0.97177936 -0.15520434 -0.58642574 -0.01429993  0.62104528  0.05914817
  -1.31954364]
 [-0.04811992 -0.76702757 -0.89761789  0.33839538  0.81093058 -1.27942161
   0.38393033 -0.10318194 -0.24527652  0.08765096  0.05914817  0.78235435
  -0.51296575]
 [-0.24778371 -0.74288835  0.33667899  0.79303555 -1.11440136 -0.34677045
   0.44374237  0.96346983 -0.40697521  0.00261822 -1.31954364 -0.51296575
   1.5756446 ]]
q vector recovered: [ 0.1833036   0.39802277  1.26729073  1.25250177 -0.13310913 -0.29195809
 -2.53196267 -3.22118514  0.85270739 -1.29724633 -3.40425644 -2.70035924
  0.96839619]
Scalar c recovered: [11.45202437]
