Obj: 4.084749221142904
SolTime: 43.22479510307312
Upper level solution: [ 4.62565408e-02  4.49971756e-02 -1.39877170e-11 -3.39186253e-12
  4.40686844e-02  1.97988186e-02  1.10311380e-01 -1.19980724e-11
  1.53393993e-11 -5.63853374e-12  5.22821054e-02  1.25989727e-11
  3.79803543e-11  1.01722345e-02 -1.37832016e-11  1.13860363e-10
  5.37292017e-11 -2.47025530e-12 -1.17763975e-11 -4.05798009e-12
  7.07277071e-11  7.25722470e-02  2.44375327e-02  2.23252200e-12
 -4.10746152e-12  1.03993670e-01  3.16782406e-02  1.47157540e-10
 -1.54372250e-11 -5.95694836e-12  7.84694919e-03 -1.42266610e-11
 -1.04592559e-11  1.80827664e-11 -1.26724990e-11 -8.48646237e-13
  6.90563822e-03  7.78964225e-12  5.35726648e-02 -1.19791204e-11
 -8.57322120e-12  1.58867946e-11  9.30910980e-12 -1.08962053e-11
  1.95336495e-11  2.54927523e-02  9.67074899e-02  3.61367849e-02
  1.49851001e-11 -1.52722352e-11 -1.28592039e-11  1.11284782e-11
 -1.37117090e-11 -5.44258810e-12 -1.21392003e-11 -9.85325906e-12
 -4.00404669e-12 -1.02692376e-11 -2.05307743e-12  5.68722044e-11
 -1.49807768e-11 -1.55791407e-11  3.59017904e-11 -1.39050088e-12
  6.35961693e-12 -2.88242573e-12  1.15021393e-02  5.12564603e-11
  1.55613260e-10  3.54315828e-02  1.57762266e-02  5.22835920e-11
 -7.21304020e-12  3.27826639e-02 -1.10110537e-11 -1.04711871e-11
 -4.90681473e-12 -5.00779717e-12 -1.34345548e-11  8.84081611e-11
  9.86057670e-12 -7.22485831e-12  4.31777737e-13 -8.40587853e-12
 -2.51616548e-12 -7.07842993e-12 -7.73583240e-12  5.99675541e-12
  1.77265971e-10  1.06900792e-11  8.58255010e-03  2.92145001e-02
  7.31833835e-12 -1.44970555e-11  7.94794273e-02]
