Obj: -0.07600649471140922
SolTime: 19.104762077331543
Upper level solution: [-1.05051108e-10 -8.13091853e-11  7.74157233e-02  2.20460889e-08
  4.07985980e-09 -1.07120452e-10  2.04833529e-08  2.81953849e-02
  2.04686390e-08  4.07989238e-09  3.04610200e-10  2.91472150e-09
  4.84437046e-02  7.75340060e-02  1.00268625e-08 -1.07116772e-10
  4.07989735e-09 -3.25486261e-11  1.96803590e-08  4.26942037e-09
  7.63598569e-02  4.27052772e-09  5.89802927e-09  2.16315507e-09
  2.02659189e-08 -1.07112981e-10  2.02497608e-08 -8.11318117e-11
  7.67197673e-02 -8.14040605e-11 -1.06971086e-10 -9.63484900e-11
  2.02469806e-08  1.96727069e-08 -1.07121825e-10  2.69450771e-09
  7.80677746e-02  4.78058527e-02  4.19706157e-09  2.02489132e-08
 -9.83779551e-11  3.17143930e-10  2.78947158e-02  1.30898104e-09
  2.89783828e-09  3.28290738e-10 -1.06423294e-10 -5.50259846e-12
  7.64611489e-02  2.22949206e-08  1.44111836e-07  2.90315640e-02
  5.07357227e-10  3.28303304e-10 -9.12625005e-11  4.77761153e-02
  7.74524526e-02 -8.13083459e-11  3.66263223e-11 -1.07110191e-10
 -1.06969856e-10 -1.06960180e-10  2.02496524e-08 -1.06963254e-10
 -1.05100789e-10  1.96820645e-08 -1.06969893e-10  1.97069975e-08
  2.02539369e-08  5.81995715e-10  7.59948437e-02  7.76861151e-02
  2.27343544e-08  1.11581990e-09 -1.07110224e-10  3.02271063e-09
  7.71604425e-02 -8.13907308e-11  1.97069745e-08 -1.05089778e-10]
