Finished before time limit.
Obj: 0.8510762536825851
SolTime: 565.3656022548676
It. number: 76

Upper level solution: [7.10070379e-02 3.31221731e-02 1.56995425e-10 5.50332467e-02
 4.24480904e-02 2.73567523e-10 3.57704452e-10 2.35966630e-10
 4.93220081e-02 2.14805911e-10 5.28290134e-02 6.57623383e-02
 8.95805432e-10 5.81839135e-10 2.93307691e-10 5.87387266e-10
 2.28869843e-09 7.99842837e-02 9.00723317e-09 8.40679463e-02
 1.75449666e-10 1.01392150e-09 8.89351159e-02 4.98092022e-10
 6.93525716e-10 6.93313492e-02 5.87064069e-02 4.73572141e-02
 6.43986421e-02 1.38852041e-10 1.20680053e-02 1.30090233e-02
 6.04238566e-03 2.16811068e-02 5.68628452e-02 2.80317503e-02]
