Finished before time limit.
Obj: 0.8510812137797874
SolTime: 257.99112129211426
It. number: 61

Upper level solution: [ 7.07084673e-02  3.33162358e-02 -4.23086685e-10  5.53515838e-02
  4.22141414e-02 -3.18936550e-10 -2.46254656e-10 -3.43689148e-10
  4.97112576e-02 -3.79235695e-10  5.29606950e-02  6.59573758e-02
  2.09849424e-10 -1.27328586e-10 -2.45104779e-10  1.15018726e-10
  1.40598138e-09  7.95438889e-02  3.65425458e-09  8.31634642e-02
 -4.05478725e-10  1.77772342e-10  8.91780522e-02 -1.45079090e-10
  9.72038772e-11  6.92512531e-02  5.92030915e-02  4.64831136e-02
  6.47702535e-02 -4.43099116e-10  1.18558696e-02  1.26706728e-02
  6.29778518e-03  2.23534284e-02  5.70475280e-02  2.79618391e-02]
