Finished before time limit.
Obj: 0.8507832764946262
SolTime: 113.78524494171143
It. number: 31

Upper level solution: [7.34858268e-02 3.43294233e-02 3.95792398e-12 5.49206834e-02
 4.26711967e-02 6.89038034e-12 8.95040225e-12 5.94781711e-12
 4.69833591e-02 5.36430948e-12 4.93511739e-02 6.65783723e-02
 2.24306713e-11 1.48462223e-11 7.47879386e-12 1.47896970e-11
 6.04396927e-11 7.87191140e-02 1.74505092e-10 8.11967397e-02
 4.40113441e-12 2.55094775e-11 9.00941770e-02 1.23605995e-11
 1.76616469e-11 7.08898237e-02 5.96463302e-02 4.95310517e-02
 6.56891802e-02 3.49477258e-12 9.02976892e-03 1.32937497e-02
 7.82568326e-03 2.50067576e-02 5.51753906e-02 2.55821974e-02]
