Obj: 2.397879987183738
SolTime: 163.42080545425415
Upper level solution: [-5.91388304e-10 -7.45885127e-10 -2.07624338e-09 -2.82515414e-09
 -2.16736867e-09 -4.10331431e-10  2.08999529e-09 -1.81008653e-09
  4.60319898e-09 -2.76263439e-09  6.34630960e-08  2.88757095e-02
  2.89162780e-09 -2.00795038e-09 -1.90510339e-09 -1.61826655e-09
 -2.63913106e-09 -2.49912058e-09  3.62326632e-10 -1.64431227e-09
 -2.51989548e-09 -2.40982007e-09 -2.55379198e-09 -1.77671727e-09
 -1.20233724e-09  1.83741663e-01 -2.16172701e-09  6.79273776e-09
 -2.59432349e-09  3.66293887e-09  1.10031344e-09  8.74168857e-03
  3.49815390e-02 -2.11989346e-09  8.76143597e-10  8.12534025e-10
  6.61636028e-02 -2.74520948e-09 -2.01935409e-09 -1.12780469e-09
  5.62861160e-09 -2.64559165e-09  1.40422866e-02 -9.55459789e-10
 -1.48918150e-09  1.51105116e-02 -2.00761480e-09 -2.63810488e-09
 -2.85467823e-09  6.39731659e-10  2.04150695e-10 -3.20627181e-10
  2.82889432e-10 -2.65748724e-09  1.26186211e-01  4.48432003e-01
  5.80822006e-09 -2.28742587e-09 -2.45198693e-09 -2.66246588e-09
  1.47072980e-02 -6.28073120e-10 -1.26505091e-09  1.30303754e-06
 -2.36653430e-09  3.02876738e-08 -2.15158368e-09 -2.11754329e-09
 -2.57018958e-09  5.32453656e-09 -2.18219362e-09 -1.52873211e-09
 -2.30926391e-09 -2.65253298e-09 -2.14082642e-09 -6.99497500e-10
  2.53911996e-10 -2.88985576e-10  5.90161424e-02 -2.22283801e-09]
