Obj: 8.196028405911598
SolTime: 1574.2409958839417
Upper level solution: [ 1.70549842e-08  3.50948542e-11  2.22977630e-03  4.55706436e-02
  3.07698388e-02  4.13035060e-09  3.84808614e-08  1.24480300e-08
  8.41448098e-09 -1.02304528e-10  9.10798300e-03  4.71766344e-02
  2.82012609e-02  2.84204303e-02  3.38314668e-03  5.22751968e-03
  1.28471533e-08  3.44993299e-10  2.58010464e-02  2.36632185e-09
  2.00558048e-09  3.97994944e-02  5.12886878e-09  1.15601893e-01
 -1.12500958e-09  2.75867472e-09  2.02347899e-07 -9.82754561e-10
 -4.83550871e-10  6.79238756e-09 -5.76201640e-10  9.75600432e-09
  7.82462073e-09  1.65333160e-02  1.35640827e-02  1.98360368e-02
  9.11445933e-09  9.52129264e-09  1.62944716e-09  2.94072950e-08
  3.60910144e-09 -3.24578795e-10  5.34944735e-09  1.96273289e-09
  1.21472478e-08  6.18468997e-02  9.74660055e-02  4.08303494e-08
  2.79280416e-02  4.10665274e-09  1.57710672e-08 -1.54963563e-09
  9.67557615e-10  1.92382317e-09  1.87250360e-08  1.82162098e-08
  1.06754401e-08  2.16927023e-09  1.91981277e-03  9.31587228e-10
  5.18751981e-10  5.66048264e-09  3.33385476e-09  2.07891844e-10
  9.04072557e-08  2.18980054e-09  2.27529838e-08 -1.49867230e-10
  1.01780113e-09  1.98109846e-02  3.27286684e-10  2.27279089e-08
 -5.47645582e-10  8.20002345e-10  5.33927570e-10  7.78509775e-10
  3.80890604e-09  1.40411883e-02  1.84988081e-09 -2.76536350e-10
  8.41710886e-10  2.41166909e-09  4.02957732e-10  1.17589580e-09
  1.74364218e-08  3.60507187e-03  8.34756478e-09  1.49555481e-09
  7.43942963e-10 -7.60905441e-10  2.34479628e-09  2.24231439e-09
  3.72973937e-02  6.51535129e-10  2.24192717e-02  8.51092900e-09
 -2.76662823e-10  1.06495839e-09  3.92843210e-09 -9.83934461e-10
  1.01159727e-09  1.46802622e-09  3.86486166e-10  9.56432426e-10
  4.91901407e-02  1.94254814e-02  2.31683038e-08 -1.97738252e-10
  4.68215188e-09  9.00143104e-10  1.28841705e-09  5.08338463e-09
  8.47586527e-10  2.59243158e-08 -1.00084033e-09 -1.14204099e-09
  7.70857480e-09  3.64533609e-02  2.70652124e-09  3.59597696e-09
  5.43744674e-07  1.48259606e-08  1.46217749e-09  1.65515256e-08
 -3.77292815e-10 -2.43551715e-10  3.50992130e-09  2.33427649e-09
  6.92351610e-09  2.46946862e-09  1.73610799e-09  1.64955967e-08
  7.71628885e-09  9.17485070e-10  3.65600123e-10  5.72953300e-08
  1.73414312e-03  5.48526148e-09  1.74450048e-09  9.11667948e-10
  6.11882091e-06  1.84038418e-07  2.82087129e-09  1.54847762e-09
  1.57760375e-09  1.18298603e-09  6.29254782e-10  2.98848814e-09
  5.06456376e-10  6.40407753e-09  2.46169661e-09 -6.98775142e-10
  1.13086309e-02  6.43950709e-03  5.06151287e-09  8.59919167e-10
  7.59177365e-10 -1.49371382e-10 -7.17268598e-10 -7.56329426e-10
  1.75444849e-09  4.45290014e-10  1.62938007e-02  3.84696875e-02
  9.14720580e-08 -4.04115320e-10  2.86268322e-09  7.10778915e-10
  5.33765679e-10 -7.99836782e-10  3.42840249e-09  2.08638005e-10
  5.71388052e-10  1.09519485e-07 -2.06506205e-10  2.77074608e-09
  1.32811465e-08 -1.35601509e-10 -5.91453050e-10  1.77535500e-03
  4.48503111e-11  1.90883640e-09 -3.21301120e-10  7.31818167e-10
  4.39082212e-02  8.48380368e-10  7.52832958e-09  1.43199900e-09
  2.33300617e-09  1.00157710e-02  4.74200756e-02]
  
*************CP********************
v = 12.4031
_total_solve_time = 746.402

:          x            y        :=
1     1.6736e-08    0
2     2.46985e-09   0
3     1.58035e-08   0
4     6.82014e-09   0
5     5.00624e-08   0
6     7.37534e-09   0
7     5.7636e-09    0
8     5.20359e-09   0
9     3.2135e-09    0
10    2.24236e-09   0
11    1.25985e-08   0
12    1.06271e-08   0
13    0.0171385     0
14    0.00876832    0
15    2.27616e-08   0
16    4.29266e-09   0
17    7.60344e-09   0
18    3.03125e-09   0
19    2.82159e-08   0
20    4.28155e-09   0
21    2.61751e-09   0
22    1.11266e-07   0
23    7.69802e-09   0
24    0.270976      0
25    1.71422e-09   0
26    4.32579e-09   0
27    3.99826e-09   0
28    3.01537e-09   0
29    3.69102e-09   0
30    3.57476e-09   0
31    2.46836e-09   0
32    4.80175e-09   0
33    0.00260272    0
34    1.25337e-07   0
35    0.0352094     0
36    1.1223e-08    0
37    7.47202e-09   0
38    1.03517e-08   0
39    3.86165e-09   0
40    1.10001e-07   0
41    5.27534e-09   0
42    3.09794e-09   0
43    8.8903e-09    0
44    4.74319e-09   0
45    1.19686e-08   0
46    0.142408      0
47    0.00729151    0
48    8.09688e-09   0
49    1.05979e-08   0
50    4.71383e-09   0
51    4.13171e-09   0
52    1.864e-09     0
53    2.95608e-09   0
54    3.8551e-09    0
55    7.38108e-09   0
56    3.87533e-09   0
57    6.27815e-09   0
58    3.75971e-09   0
59    1.57727e-08   0
60    3.63761e-09   0
61    3.01909e-09   0
62    1.11376e-08   0
63    4.43644e-09   0
64    3.98419e-09   0
65    2.29659e-08   0
66    6.64798e-09   0
67    8.0555e-09    0
68    2.40624e-09   0
69    2.79493e-09   0
70    9.79202e-09   0
71    4.76789e-09   0
72    1.78487e-08   0
73    2.48957e-09   0
74    2.64578e-09   0
75    5.40698e-09   0
76    3.95756e-09   0
77    5.28611e-09   0
78    0.0164274     0
79    3.63073e-09   0
80    2.79901e-09   0
81    5.69961e-09   0
82    5.33132e-09   0
83    4.11015e-09   0
84    4.28278e-09   0
85    6.4268e-08    0
86    2.80165e-08   0
87    1.75568e-08   0
88    3.95987e-09   0
89    3.96003e-09   0
90    2.2545e-09    0
91    4.93822e-09   0
92    4.39515e-09   0
93    0.0426514     0
94    2.05595e-09   0
95    5.52559e-09   0
96    1.40583e-08   0
97    4.18625e-09   0
98    3.34983e-09   0
99    4.74347e-09   0
100   2.38726e-09   0
101   3.9823e-09    0
102   3.96585e-09   0
103   3.30941e-09   0
104   4.24333e-09   0
105   5.79268e-08   0
106   0.0451439     0
107   7.96182e-09   0
108   3.19641e-09   0
109   1.46687e-08   0
110   4.95741e-09   0
111   3.33958e-09   0
112   4.03626e-09   0
113   3.52221e-09   0
114   0.0185369     0
115   2.97148e-09   0
116   1.8369e-09    0
117   9.62671e-09   0
118   2.27303e-07   0
119   7.5199e-09    0
120   8.60574e-09   0
121   1.42302e-08   0
122   7.46304e-09   0
123   3.77354e-09   0
124   0.010925      0
125   2.41032e-09   0
126   3.52451e-09   0
127   8.16818e-09   0
128   5.88081e-09   0
129   8.89347e-09   0
130   6.10397e-09   0
131   4.67211e-09   0
132   1.31877e-08   0
133   7.35724e-09   0
134   3.24661e-09   0
135   3.11988e-09   0
136   3.59601e-08   0
137   0.0467868     0
138   1.32551e-08   0
139   5.76576e-09   0
140   4.14889e-09   0
141   2.59309e-07   0
142   0.0150467     0
143   4.34601e-09   0
144   6.60195e-09   0
145   3.56582e-09   0
146   4.47024e-09   0
147   4.8444e-09    0
148   5.57943e-09   0.0250506
149   4.03171e-09   0
150   4.49998e-09   0
151   5.61541e-09   0
152   2.90039e-09   0
153   0.0714228     0
154   1.94003e-08   0
155   1.28376e-07   0
156   4.82034e-09   0
157   8.44036e-09   0
158   3.16927e-09   0
159   2.46134e-09   0
160   3.16438e-09   0
161   8.79762e-09   0
162   5.304e-09     0
163   3.49086e-08   0
164   0.0992926     0
165   0.0058212     0
166   3.11208e-09   0
167   1.28039e-08   0
168   3.76559e-09   0
169   3.25237e-09   0
170   2.28163e-09   0
171   3.88683e-08   0
172   4.59721e-09   0
173   5.64753e-09   0
174   0.0322466     0
175   4.71288e-09   0
176   1.06864e-08   0
177   0.000282461   0.974949
178   4.22511e-09   0
179   3.07982e-09   0
180   0.0251261     0
181   3.51815e-09   0
182   7.56838e-09   0
183   4.06196e-09   0
184   5.2479e-09    0
185   0.0707583     0
186   6.55233e-09   0
187   2.09722e-08   0
188   4.48931e-09   0
189   6.67652e-09   0
190   4.94482e-09   0
191   0.0151353     0
;

