Finished before TL = TrueObj: 1.8122466572079396
SolTime: 308.6898913383484
It. number: 35
Upper level solution: [1.01230178e-01 3.96524583e-10 9.30516361e-02 1.85369977e-10
 4.13894448e-10 1.86794900e-10 5.31652342e-10 2.11021476e-09
 2.18548558e-10 3.08440276e-09 5.70226086e-02 4.07904358e-10
 4.49089028e-10 4.04427881e-02 1.78544287e-02 2.89375537e-10
 3.87358493e-10 1.61775616e-10 1.88674743e-10 8.19323346e-10
 7.59730897e-10 1.08326005e-10 4.03642786e-10 3.82034978e-10
 2.71499577e-10 1.32108951e-10 2.66664907e-10 1.20123702e-10
 2.88828679e-10 3.69404511e-10 2.16103293e-10 3.64892127e-10
 4.89910498e-10 1.72529490e-02 4.42718760e-10 1.25005897e-10
 2.55753694e-10 1.38322092e-01 1.63337309e-01 1.46029693e-02
 6.39395470e-02 1.68112347e-10 3.18583635e-10 6.49623609e-02
 8.68155541e-04 8.44723795e-10 4.43615400e-04 2.78484559e-10
 3.54772684e-10 1.84368729e-09 1.36797599e-02 4.57776714e-10
 1.70060534e-09 8.85118900e-10 5.39077677e-10 6.97986056e-02
 1.41674082e-09 9.88285830e-02 1.11943422e-08 1.37302854e-10
 9.45980520e-11 4.43623765e-02 5.55699847e-10 1.02451934e-09]
