Finished before time limit.
Obj: -0.31638422688177137
SolTime: 21.603941679000854
It. number: 684

Upper level solution: [4.51270439e-02 4.69696186e-02 4.71228631e-02 4.54653786e-02
 4.54871347e-02 2.24492070e-02 2.25895092e-02 2.70067501e-02
 2.67599235e-02 3.05249667e-02 5.67442131e-02 1.72117890e-02
 1.65698647e-02 1.57584814e-02 1.58257666e-02 1.51875191e-02
 1.46135054e-02 1.37203220e-02 1.63517730e-02 1.65547602e-02
 1.86081104e-02 3.30983929e-02 7.47994136e-02 1.98336322e-02
 1.82032236e-02 1.42485129e-02 1.47307318e-02 1.29521884e-02
 9.28333318e-03 8.82736873e-03 9.85918463e-03 1.09501314e-02
 9.96213635e-03 1.46586056e-02 7.31851257e-03 7.31242905e-03
 3.69161494e-03 5.42254863e-03 2.96395488e-03 2.12248187e-08
 1.21712990e-07 2.01547946e-08 1.56172422e-03 2.38346883e-08
 1.97339269e-02 3.08259848e-02 9.31137618e-02]
