Finished before time limit.
Obj: -0.3163836535116098
SolTime: 1.5113558769226074
It. number: 0
Percent. inner: 0.0

Upper level solution: [4.51437559e-02 4.69871656e-02 4.70856874e-02 4.54652745e-02
 4.54467271e-02 2.24376080e-02 2.25725382e-02 2.70194555e-02
 2.67565039e-02 3.05363292e-02 5.67490419e-02 1.72129296e-02
 1.65563021e-02 1.57839290e-02 1.58092358e-02 1.51933254e-02
 1.45846299e-02 1.37166119e-02 1.63572859e-02 1.65668396e-02
 1.86290434e-02 3.30988043e-02 7.48154611e-02 1.98327241e-02
 1.81961550e-02 1.42794978e-02 1.47274349e-02 1.29749908e-02
 9.26959969e-03 8.83974989e-03 9.86138540e-03 1.09583946e-02
 9.97233651e-03 1.46532885e-02 7.30733369e-03 7.30701693e-03
 3.67533580e-03 5.43399584e-03 2.97270412e-03 1.07875294e-08
 1.83721876e-07 7.48529955e-09 1.56387628e-03 8.37196546e-09
 1.97349274e-02 3.07991952e-02 9.31153619e-02]
