Finished before time limit.
Obj: -0.31638464647110975
SolTime: 412.44160175323486
It. number: 628

Upper level solution: [4.51979957e-02 4.70276294e-02 4.70566593e-02 4.55253994e-02
 4.54637488e-02 2.24343739e-02 2.25557856e-02 2.70530319e-02
 2.67303059e-02 3.05277867e-02 5.67568235e-02 1.71782947e-02
 1.65270921e-02 1.58051436e-02 1.57881449e-02 1.51790266e-02
 1.45816576e-02 1.37467533e-02 1.63491278e-02 1.65756023e-02
 1.86313442e-02 3.30656292e-02 7.47581001e-02 1.97926642e-02
 1.81443285e-02 1.42897329e-02 1.46589176e-02 1.29261713e-02
 9.25405264e-03 8.83186907e-03 9.84985541e-03 1.09768831e-02
 9.99627678e-03 1.46214453e-02 7.31254846e-03 7.33016496e-03
 3.67165891e-03 5.46383974e-03 2.99590875e-03 1.28018848e-08
 6.73177318e-08 1.17947733e-08 1.54186008e-03 1.39654683e-08
 1.98113919e-02 3.08958209e-02 9.31190469e-02]
