Obj: 2.3978662916686755
SolTime: 7.538378953933716
It. number: 7
Upper level solution: [1.08827880e-11 9.95076311e-12 4.77402422e-12 2.66417735e-12
 4.83448657e-12 1.07194651e-11 1.74634112e-11 5.96149815e-12
 2.00356779e-11 2.91577614e-12 5.04244841e-10 2.88862258e-02
 2.55315255e-11 2.51181438e-11 4.77171527e-12 7.04116081e-12
 3.31173405e-12 3.84514041e-12 1.22546787e-11 6.67420182e-12
 4.14105340e-12 4.09519152e-12 3.68571502e-12 1.09389584e-10
 8.07153535e-12 1.83753723e-01 4.90475904e-12 2.60173481e-10
 3.21944615e-12 2.59275092e-11 1.67935352e-11 8.74653765e-03
 3.49740006e-02 4.84916105e-12 1.49657478e-11 1.65996300e-11
 6.61840916e-02 2.89992053e-12 5.37439899e-12 8.28805530e-12
 4.16937127e-11 3.26088019e-12 1.40763130e-02 8.07242906e-12
 7.32753863e-12 1.51105906e-02 5.42689425e-12 3.28169036e-12
 2.66532212e-12 1.44711308e-11 1.45919982e-11 1.20014318e-11
 1.40241205e-11 3.28646380e-12 1.26192378e-01 4.48444678e-01
 1.98039916e-11 4.42878120e-12 4.06676551e-12 3.26810238e-12
 1.47123450e-02 1.04883763e-11 7.95546396e-12 5.31097295e-06
 4.32193325e-12 4.88636201e-11 5.02706222e-12 4.98198511e-12
 3.53605989e-12 3.71550529e-11 5.03761709e-12 5.42095739e-12
 4.42375223e-12 3.35550781e-12 5.02560601e-12 1.00391233e-11
 1.02579112e-11 1.17842668e-11 5.89138040e-02 4.80585642e-12]
