Obj: 3.487896982061887
SolTime: 22.36998200416565
Upper level solution: [ 9.80916993e-08  3.23994541e-08  2.30948988e-09 -6.83203007e-10
  8.99438574e-10  6.75771442e-09  8.05554807e-09 -4.68571857e-10
  2.32817431e-09 -7.82042609e-10  7.98932876e-09  1.30283196e-01
  3.31161696e-02  7.32610586e-09  2.05172378e-09  1.00237403e-08
 -3.54487914e-10  5.09496416e-10  4.57280477e-09  2.56472805e-09
  1.10041363e-09  6.36696639e-10 -1.13844017e-09  1.60250576e-08
  1.56393182e-08  1.37958851e-01  5.15626255e-09  1.88412223e-02
 -1.33174233e-09  2.88567405e-08  6.91477942e-09  1.66936277e-02
  8.35498187e-02 -9.40961666e-11  1.81258504e-08  5.12209583e-09
  3.06217162e-02 -9.42128652e-10  1.80685479e-09  4.19729039e-08
  3.39405096e-08 -1.08635976e-09  1.95649333e-08  1.30371770e-09
  6.32586882e-03  8.43274722e-02  1.19248214e-09 -6.53385188e-10
 -8.04109737e-10  1.81127007e-02  4.34287738e-08  2.89494604e-07
  5.11911176e-09  9.71532259e-10  1.07698703e-01  2.60185347e-01
  8.15134070e-09  3.66248479e-10 -7.84138561e-10 -1.12830589e-09
  1.92505203e-02  7.75472558e-09  1.96074255e-08  3.01376422e-08
  1.01875680e-09  5.67545667e-09  6.51821810e-10  1.04181060e-09
  1.16486503e-09  1.13989183e-08  2.86251579e-09 -7.65783383e-10
  3.28984776e-09 -8.26468415e-10  3.20286741e-09  1.38339292e-08
  4.57933034e-10  3.31956566e-09  5.30339539e-02  4.36240947e-09]
