Obj: -0.26082473851398436
SolTime: 1157.096415758133
Upper level solution: [ 1.83626311e-02  1.84844280e-02  1.85517912e-02  1.85468689e-02
  1.84890645e-02  1.23629484e-02  1.21775502e-02  1.22563705e-02
  1.21944338e-02  1.22918507e-02  2.50090540e-02  9.84051551e-03
  9.74026869e-03  9.69483700e-03  9.73968978e-03  9.75301165e-03
  6.46532392e-03  6.62718971e-03  6.53685280e-03  6.49837255e-03
  6.50766109e-03  1.26061331e-02  3.37323969e-02  8.04090744e-03
  8.08947909e-03  7.95580956e-03  8.15837002e-03  7.98199927e-03
  5.36850339e-03  5.41240530e-03  5.38551316e-03  5.38039835e-03
  5.38700201e-03  1.09668325e-02  4.29658531e-03  4.42372846e-03
  4.41569938e-03  4.47424647e-03  4.54190065e-03  3.32314759e-03
  3.35542545e-03  3.31060196e-03  3.21773798e-03  3.24984521e-03
  5.56674279e-03  1.35494086e-02  4.15006412e-02  8.38963969e-03
  8.23776311e-03  8.16883146e-03  8.21236457e-03  8.24294925e-03
  5.42383472e-03  5.43704581e-03  5.40839890e-03  5.51224461e-03
  5.40559401e-03  1.13336995e-02  4.25557554e-03  4.22623086e-03
  4.21243129e-03  4.21546588e-03  4.17377871e-03  2.32893569e-03
  2.45152287e-03  2.45475491e-03  2.47447894e-03  2.41430188e-03
  5.65006065e-03  1.43779509e-02  3.34092515e-03  3.33300096e-03
  3.31879531e-03  3.29056039e-03  3.29245696e-03  1.86339829e-03
  1.83164055e-03  1.89620896e-03  1.93974625e-03  1.95596609e-03
  4.81062640e-03  8.95559873e-04  8.05672000e-04  8.79297421e-04
  8.22072506e-04  8.24111334e-04  1.43557153e-04  4.15549765e-05
  1.43088647e-04  8.19702070e-05  1.85214993e-04  1.58113607e-03
  5.65745229e-03  1.79999540e-02  6.18415559e-02  8.30541221e-03
  8.12653079e-03  8.03819169e-03  8.01925610e-03  8.06160894e-03
  5.08935863e-03  5.27806899e-03  5.24759743e-03  5.32831128e-03
  5.23538865e-03  1.07103410e-02  3.84839782e-03  4.05070831e-03
  4.03984729e-03  3.94469623e-03  3.91300772e-03  2.38344520e-03
  2.15578415e-03  2.27824026e-03  2.43579146e-03  2.43639772e-03
  5.80235860e-03  1.38877285e-02  3.17249344e-03  3.19286033e-03
  3.25928252e-03  3.19921724e-03  3.24893783e-03  1.90371041e-03
  1.83244008e-03  1.97112501e-03  1.80268588e-03  1.97814031e-03
  4.66802177e-03  1.01531182e-03  8.71816508e-04  1.04215674e-03
  8.29187523e-04  9.33378515e-04  1.05882626e-08  8.57631836e-09
  1.09217791e-08  8.68428733e-09  1.07485253e-08  1.35503696e-03
  5.34157074e-03  1.78561499e-02  3.59184346e-04  4.76051354e-04
  6.45754561e-04  7.50869580e-04  7.49012606e-04  5.30840585e-04
  6.60884059e-04  2.59563018e-04  1.37449847e-04  4.87898176e-05
  5.89650310e-04  2.11106575e-09  3.14283730e-09  2.43288421e-09
  3.14094318e-09  2.41837687e-09  7.02235423e-09  8.83781406e-09
  7.54550274e-09  8.87061598e-09  7.48119711e-09  2.09389305e-09
  3.21601765e-09 -5.55996386e-10 -6.70153511e-10 -5.97563177e-10
 -6.74944551e-10 -6.01326162e-10 -8.30655681e-10 -8.74683517e-10
 -8.58172152e-10 -8.68095682e-10 -8.54918397e-10 -5.38180076e-10
 -9.68572131e-10 -9.90014986e-10 -9.76402455e-10 -9.89220653e-10
 -9.77425076e-10 -9.35512264e-10 -9.52545151e-10 -9.44323726e-10
 -9.52445924e-10 -9.45271951e-10 -1.03024415e-09 -8.36784995e-10
 -1.44494175e-09  3.33482492e-03  6.37614921e-02]
