Obj: -0.30001326655683747
SolTime: 40.74439311027527
Upper level solution: [0.01437814 0.01396379 0.01116322 0.0104873  0.00954698 0.00987903
 0.00987917 0.00956404 0.0105169  0.01114516 0.01393866 0.0143168
 0.01543986 0.01008758 0.01159753 0.01112396 0.00908069 0.00642777
 0.00643993 0.0090729  0.01113019 0.01162712 0.01008036 0.01542082
 0.01493826 0.01270191 0.00980852 0.00823202 0.00780943 0.00636161
 0.00634153 0.00781076 0.00822423 0.00982559 0.01273941 0.01491115
 0.01749803 0.01384642 0.00865702 0.00409558 0.00487807 0.00800366
 0.0080129  0.00485799 0.00410775 0.00865716 0.01385116 0.01752193
 0.01752193 0.01385116 0.00865716 0.00410775 0.00485799 0.0080129
 0.00800366 0.00487807 0.00409558 0.00865702 0.01384642 0.01749803
 0.01491115 0.01273941 0.00982559 0.00822423 0.00781076 0.00634153
 0.00636161 0.00780943 0.00823202 0.00980852 0.01270191 0.01493826
 0.01542082 0.01008036 0.01162712 0.01113019 0.0090729  0.00643993
 0.00642777 0.00908069 0.01112396 0.01159753 0.01008758 0.01543986
 0.0143168  0.01393866 0.01114516 0.0105169  0.00956404 0.00987917
 0.00987903 0.00954698 0.0104873  0.01116322 0.01396379 0.01437814]
