-0.337727172961162
-0.20233517575950305
-0.15348362186584422
-0.14388523253551755
-0.12868076800450634
-0.11031945619077303
-0.10400708811936384
-0.09397882571226404
-0.09193524429345923
-0.08428446213599132
-0.07475388308575819
-0.06240807459509934
-0.039922736391287766
-0.0798781820537201
-0.03051715270715441
-0.01055296134068312
-0.010219470330669334
-0.030025754276597705
-0.007868402487568343
-0.03511711064520809
-0.009705949211897769
-0.005967507098590369
-0.003079008110100978
-0.0038635310572132653
-0.0024229970317622973
-0.0036437167813152815
-0.004317013727822311
-0.0017226910486434766
-0.0018491855634479026
-0.0018398042280767246
-0.0014236746516523013
-0.0013418904906083717
-0.0015141392298078926
-0.0013853800425913942
-0.0011945696117292293
-0.0014274629628202862
-0.00119252101988096
-0.000855564932210201
-0.0006050076267306026
-0.0006717330578048519
-0.0005463652264192376
-0.0007456921299570929
-0.0006227810362968433
-0.000703521621229386
-0.00040044709779848975
-0.00045895568510923024
-0.0003978647664533985
-0.0004651307652029646
-0.00038674520748605
-0.00037922109219107325
-0.00033344098180446147
-0.00027938486209716507
-0.000272288962986339
-0.00032828992323594153
-0.00024406266139062605
-0.00016694111321152727
-0.00021274195648418592
-0.00027521500426674894
-0.0002755549905840704
-0.00018807397982961715
-0.00016627975790567406
-0.00020490560058392115
-0.00017348882185835857
-0.0002294860763761286
-0.00016590056411108778
-0.0001827755025656519
-0.00010576125047262463
-0.0001471949410012663
-0.00014475509055220104
-0.00012463122570233187
-0.00011229125975867338
-0.00010460840246345748
-0.0001300882993050534
-7.49526096246178e-05
-8.295622967269267e-05
-0.0001088672406159008
-0.0001323821966154881
-9.06782336888845e-05
-9.734478580955552e-05
-7.888328224364693e-05
-8.008209738505356e-05
-6.440869294935259e-05
-8.017455151387853e-05
-7.333287132413324e-05
-4.317656030250472e-05
-9.002726957657581e-05
-8.87015864197982e-05
-8.326109203449228e-05
-4.927726386422249e-05
-6.511241008672064e-05
-5.112623614261791e-05
-6.335667680518187e-05
-5.808762196149453e-05
-5.522011377648295e-05
-6.142577356724188e-05
-5.648957704071367e-05
-3.448173982614766e-05
-3.860268541974743e-05
-4.1053426981962904e-05
-3.255215133265987e-05
-4.465284198729158e-05
-3.6281108739932844e-05
-3.872799123449955e-05
-3.621094113687162e-05
-2.6016166321751744e-05
-2.2210425291685487e-05
-3.213139855853808e-05
-3.722111466961109e-05
-2.82619964963593e-05
-2.4394834700292023e-05
-2.911801351943022e-05
-2.2431694653823886e-05
-1.789785210751238e-05
-2.242714920985822e-05
-1.87101712170179e-05
-2.2829422906184282e-05
-2.0827686791680122e-05
-1.7286577258468494e-05
-1.568327287881921e-05
-1.161629135995601e-05
-2.3638580813195587e-05
-1.9554523753295694e-05
-1.7543059454727672e-05
-1.7181779317726464e-05
-1.0600904652685594e-05
-1.9744263252435834e-05
-1.3199465172891722e-05
-1.4616496464670004e-05
-9.110123769751066e-06
-1.5194126234102656e-05
-1.3621229960014691e-05
-9.656158547866056e-06
-1.2320939854454371e-05
-8.858938893158141e-06
-8.937650259832619e-06
-1.0142631805820645e-05
-8.032076646347086e-06
-8.935431204559752e-06
-6.4389696974587185e-06
-6.810320346967158e-06
-5.9125240240431864e-06
-9.465506006195445e-06
-5.111623939180188e-06
-8.032158309301263e-06
-8.879422777385848e-06
-6.24632720722107e-06
-5.773636928774195e-06
-5.102494386566292e-06
-4.812038071483338e-06
-6.027393098684275e-06
-4.865075814097786e-06
-3.1914473910543695e-06
-6.061865291090429e-06
-3.8910188530083545e-06
-4.975052279754255e-06
-3.763301433368227e-06
-3.6512447959269334e-06
-3.66486772818142e-06
-3.7176894320811726e-06
-3.390640848588422e-06
-2.369828508541616e-06
-2.6953143625607634e-06
-2.5524091127326898e-06
-3.340597320516947e-06
-2.381499003833998e-06
-2.3684513360544557e-06
-2.8324327830953067e-06
-1.9291643982843887e-06
-2.083094334109914e-06
-2.0662538695037647e-06
-2.635387868127337e-06
-1.5829193450722645e-06
-1.650561416016716e-06
-1.3643713359934306e-06
-2.041039340677786e-06
-1.7621527052813502e-06
-1.58702793295884e-06
-1.4157528741842729e-06
-1.0763068406249854e-06
-1.7022894132079358e-06
-1.2767219697007448e-06
-1.0115069262461862e-06
-1.2906935292211763e-06
-1.5703433538793998e-06
-9.457451765892966e-07
