-0.9611074225399816
-0.8113983279450023
-0.5543801829234183
-0.14704538610556595
-0.08291765213615832
-0.043398227846884074
-0.044612461937622916
-0.03677516744981146
-0.04581250001520276
-0.008795472845772867
-0.013138684168282344
-0.006500593032600088
-0.01735375045831622
-0.004577816405527124
-0.005436998917628777
-0.005608261558492089
-0.0022019707153943524
-0.000894906908133708
-0.0006926858383905499
-0.001036523525822286
-0.00046837648289899114
-0.0004172574223079706
-0.0003955305518280605
-0.0002694683377975071
-0.001593175306021044
-0.0002478297775974081
-9.704212652683619e-05
-0.00012478937803667156
-2.6866720611806727e-05
-2.7055295193090245e-05
-9.172192342032925e-06
-8.106592534751211e-06
-8.804864384037714e-06
-4.8192729732443595e-06
-4.333776911225051e-06
-3.3022071345145676e-06
-4.3585174153149e-06
-3.147058484975762e-06
-2.502844964447082e-06
-1.1090370750643785e-06
-1.306948017365528e-06
-1.3882058423342336e-06
-7.551379562764637e-07
