-1.0000010303235192
-0.47810250473147936
-0.4325487364381077
-0.41312021776265884
-0.39256146315551965
-0.2082020839763522
-0.2407146883815564
-0.19847753963252263
-0.23481786053516268
-0.21172456830415437
-0.21421481068889725
-0.2093583449824573
-0.19322710017174938
-0.11186955166502421
-0.06301066789596438
-0.03299271296072387
-0.01505149611455675
-0.010149312088390039
-0.028753379931025613
-0.05152689447571446
-0.0179430947747376
-0.01401757786572344
-0.013195005646529312
-0.009427437370812142
-0.010035138973605862
-0.00999668599480713
-0.008400671645602542
-0.008635289283242198
-0.008814022108262043
-0.007308615725941825
-0.007739542211887662
-0.005574145630280192
-0.005403963093848663
-0.004362843064152022
-0.005763105401353941
-0.004942396440782204
-0.0036302907898731474
-0.0027598372477207755
-0.005471832474331528
-0.0029126142861657933
-0.0025394481498161037
-0.002847023273236604
-0.0022519282787109574
-0.0018684662681322517
-0.001817371579143523
-0.004069748361002878
-0.002306396690030854
-0.0025803081549579665
-0.0016536181614945078
-0.0015998635720104182
-0.001551541102001508
-0.002067992608301261
-0.003298537079926167
-0.0019471171121402397
-0.002021662947494285
-0.001436362694144988
-0.0008242651927694578
-0.0027081780112415688
-0.001113721952829383
-0.0011837896455985653
-0.0010690197897602616
-0.0008861228921773767
-0.001086992988714508
-0.0010603929790279354
-0.0010780288174159214
-0.0017581373916731313
-0.001403201365620832
-0.0012261113647556443
-0.0009883112190826604
-0.0007201525058352365
-0.0008199716345973496
-0.0010317763514531841
-0.0008134532721454923
-0.0009461524179447123
-0.0007850218639867124
-0.0006423418317446639
-0.0005840168118472766
-0.0008245240555512234
-0.0007557974730669215
-0.0005345185526930973
-0.0007557851340621591
-0.0006217124341026947
-0.000688021655655735
-0.0006647072954493738
-0.0005216325568514479
-0.0007874409370814406
-0.0005185707647343274
-0.0007039589379324029
-0.0006042466034364424
-0.0006457554339819871
-0.000373334422712035
-0.0004897854509908761
-0.00045112211952419434
-0.0003905650639021707
-0.0005948025594978978
-0.0005455177540549805
-0.0003828021562841122
-0.00040443789040767175
-0.00044053198992027864
-0.000366901701406408
-0.0003980001701426872
-0.00037207780703529814
-0.00026597089981450495
-0.00032993096548844525
-0.00044078556888998977
-0.0004340260935074558
-0.00029096145199880574
-0.0003522476610144931
-0.00040592075662704286
-0.0003954723272814875
-0.00028491922282525284
-0.00035973414686274463
-0.0003311335458976994
-0.00029214826304047037
-0.0002636566952176067
-0.00025730339752705333
-0.0003215884033219707
-0.00033396498642163097
-0.00023906851463806333
-0.00026536019681122625
-0.0002790612153313887
-0.00038896034663210566
-0.0002107832997043646
-0.0002004472925503098
-0.0003278164395869032
-0.0001676607521522988
-0.0003734871184155608
-0.0002760883698390004
-0.00029303154449084046
-0.00020143859091448224
-0.0002457658905987148
-0.00024014984212772372
-0.00021278704145438754
-0.0002356023445038713
-0.0001719070002167422
-0.00018016293038120024
-0.0001549327935888578
-0.00016853088193446997
-0.000163536288911581
-0.0001930694803780053
-0.0001848846383476488
-0.00017281080853326358
-0.00015911032276733073
-0.00014889211347263176
-0.00012100480610832687
-0.0001391557049321146
-0.00015310971804882723
-0.00013639161240952546
-0.00017706783052734432
-0.00010893857808041973
-0.00016698065743264712
-0.00014934010583855795
-0.00016906876312888786
-0.00012199989560307545
-0.00018785640377438906
-0.00017556504000521
-0.00010731650850631658
-0.00014621597312364232
-0.00016839759769138318
-0.00014921535755302306
-0.00013197116570801137
-0.00010920791312896139
-0.00010599914752540407
-0.0001179722486598922
-0.00010149660180636122
-9.423203808983649e-05
-0.00010061955549717227
-0.00010708249054425245
-8.643306639294357e-05
-7.060976627942805e-05
-0.00010097727747560015
-9.537444833923603e-05
-9.229821924083836e-05
-6.730128462545393e-05
-8.912517545117682e-05
-8.946506028356671e-05
-7.51462672225478e-05
-9.417046673998453e-05
-6.675172232473159e-05
-7.923491390504633e-05
-7.558507794153124e-05
-0.00010121125356815641
-6.401629236779671e-05
-7.773185967502316e-05
-6.828960884325275e-05
-7.40727830095822e-05
-5.99962512948804e-05
-6.491877097947185e-05
-6.065633956603422e-05
-4.852110325120895e-05
-7.030147884556914e-05
-5.263834188884431e-05
-5.435011816384838e-05
-5.6653239131621014e-05
-6.571420285972351e-05
-6.747058508671522e-05
-5.725739701445409e-05
-4.2854825117233375e-05
-6.119984417007895e-05
-6.944824391275084e-05
-4.232698895634268e-05
-4.6376163695460715e-05
-4.436976266675163e-05
-5.244443962032497e-05
-5.45356620275661e-05
-5.5826068205144797e-05
-4.1964088226431606e-05
-5.02573563512243e-05
-4.012927060192961e-05
-5.046026393862313e-05
-5.2122784545083345e-05
-3.6680889110851655e-05
-4.27207584649536e-05
-3.406906607333893e-05
-4.542835237086873e-05
-3.6823710532596365e-05
-3.9691121498597326e-05
-4.624526316759914e-05
-3.4547654066241495e-05
-3.359096924104854e-05
-3.3634996957521146e-05
-3.4365964376559255e-05
-2.9350180375864454e-05
-3.412878322262003e-05
-3.3827836439959125e-05
-2.9830207315506563e-05
-2.388294494753973e-05
-2.2259732692320178e-05
-4.736625596662991e-05
-5.002273990273309e-05
-2.868055463461916e-05
-3.635728659928672e-05
-3.433594966434361e-05
-4.036342637731005e-05
-3.100013215706632e-05
-3.28236188051334e-05
-2.269830641388193e-05
-2.6205958111813477e-05
-2.8925933572954143e-05
-3.288789650007784e-05
-2.9624465456179472e-05
-2.4607425411493633e-05
-2.7655445180241323e-05
-2.419005026454979e-05
-1.9363474996092478e-05
-2.2766159496978577e-05
-2.085243393745717e-05
-1.6194006472569633e-05
-2.9126642903998246e-05
-2.3109195227188906e-05
-3.327676690079162e-05
-1.9021642580940856e-05
-2.017404441800874e-05
-2.0603565860422002e-05
-1.87468304849725e-05
-2.141509109337969e-05
-1.4927077888915452e-05
-1.8161290973484068e-05
-1.5292888412343775e-05
-1.894039760480526e-05
-1.6410976660830023e-05
-1.8400525078177132e-05
-1.5861198440991764e-05
-1.550688211798823e-05
-1.4848493038288613e-05
-1.6836619898763505e-05
-1.76245173652001e-05
-1.2358656816036095e-05
-1.4641973402951258e-05
-1.76108938492181e-05
-1.3178882829978367e-05
-1.121444630641788e-05
-1.4106159955118436e-05
-2.1750757257965603e-05
-1.3449351814576183e-05
-1.4571675621188884e-05
-1.4335301225576469e-05
-1.542820995253935e-05
-1.4525623347971806e-05
-1.3538985644045987e-05
-1.3358483455572223e-05
-1.137263290224011e-05
-1.0491490151365301e-05
-1.0745033060644005e-05
-1.14286080880599e-05
-1.1263067928035664e-05
-9.100430580277763e-06
-1.6253288824430445e-05
-1.0282070719125347e-05
-1.0347946735211888e-05
-1.174547537541315e-05
-1.1887577140379246e-05
-9.098492260883884e-06
-8.64754639240406e-06
-9.699787980266272e-06
-8.22698650571052e-06
-1.070160722366209e-05
-1.0054265966841225e-05
-1.0599738603733755e-05
-7.279698075124408e-06
-6.9752797613453765e-06
-1.3344425408123861e-05
-9.145839542756828e-06
-9.987586780280111e-06
-8.392465474349464e-06
-7.860283915916977e-06
-8.746487676181136e-06
-7.846041724879349e-06
-6.899612189692483e-06
-8.14882880828538e-06
-5.3608896283252605e-06
-7.602946362039731e-06
-8.118289916370092e-06
-1.0502057128991549e-05
-6.823271344880144e-06
-6.128440100561239e-06
-7.000639228871286e-06
-6.620523384404109e-06
-6.2186622507010014e-06
-5.0693277011681914e-06
-5.671609479895867e-06
-5.621996997495771e-06
-5.784967702426869e-06
-5.871376447696974e-06
-4.889664465990151e-06
-5.40229415313398e-06
-5.152170773181641e-06
-4.45249750169463e-06
-6.361004092070299e-06
-4.254191073582714e-06
-4.982300581601873e-06
-4.114078410222266e-06
-4.374490663872077e-06
-5.047087069276479e-06
-4.595074559576862e-06
-5.230597078631494e-06
-5.580534405302817e-06
-3.188096095507742e-06
-4.4437719199930115e-06
-6.438190549407086e-06
-4.723371364201423e-06
-4.40020811959263e-06
-4.001519236296325e-06
-3.144302121338427e-06
-3.916844083906579e-06
-3.1608644117664397e-06
-4.507217579996503e-06
-4.538746081417244e-06
-4.1267871743744244e-06
-3.7797604117151273e-06
-5.454533704152276e-06
-4.172596435425557e-06
-3.5240506321976284e-06
-2.8660002738267742e-06
-3.87828746711838e-06
-3.127192925556077e-06
-2.8385572077849197e-06
-3.176198513921147e-06
-4.021633448925144e-06
-2.8092059590201224e-06
-3.1337281199972367e-06
-3.800168079493016e-06
-2.5003450437877106e-06
-3.717091480837098e-06
-3.1734783060288763e-06
-3.1455336002017553e-06
-2.152551246414891e-06
-2.614233395314969e-06
-2.3036818517785385e-06
-2.6392098099181638e-06
-3.1144052394793675e-06
-2.287693657954115e-06
-3.1069340714062754e-06
-2.1728766722572956e-06
-2.518167007525829e-06
-1.951718314519013e-06
-3.2051352469864014e-06
-2.327540333801892e-06
-2.4926339794451025e-06
-2.513152751237868e-06
-2.8896574625902893e-06
-1.911819117461633e-06
-2.2346321749133757e-06
-2.8432932551725187e-06
-2.492823267308264e-06
-1.7456371523838499e-06
-1.9089282531914442e-06
-1.8154712081441815e-06
-2.5267676987961174e-06
-1.9842852782003817e-06
-1.8380895484004789e-06
-2.0499060311984785e-06
-1.3884093765792471e-06
-1.8971417250490674e-06
-1.597107606055026e-06
-1.7444249673648216e-06
-1.9600885382553557e-06
-1.4341429945274875e-06
-1.7925340102808995e-06
-1.4965426662905124e-06
-1.5267120954676194e-06
-1.5954348998037382e-06
-1.4475041724137938e-06
-1.2881238672934892e-06
-1.2340996817239436e-06
-2.3120855777714056e-06
-1.9230655610713576e-06
-1.2444508139530797e-06
-1.3964644308139817e-06
-1.6152080321574225e-06
-1.3554255621217592e-06
-1.3019458893204217e-06
-1.0583269677288953e-06
-1.4403599645773646e-06
-1.0859650928507492e-06
-1.1789629098535315e-06
-1.0730737342590224e-06
-1.1369333016708616e-06
-1.2175397924307774e-06
-1.3324490008015388e-06
-9.689987065519823e-07
