-1.0015550195439915
-0.5334104495041766
-0.42120800273516484
-0.337079036524869
-0.314918423004466
-0.252796688298911
-0.230992498116219
-0.23040647607380438
-0.21986334848821992
-0.25658149405467845
-0.17584231243955573
-0.1622931074866894
-0.17908173515737924
-0.15977276840480917
-0.16284367487838547
-0.2285437704970697
-0.14512120173002746
-0.13970384727685042
-0.14455951803631722
-0.10129887509054558
-0.09851632568217211
-0.08863418808219958
-0.09263608392382189
-0.08355556672324438
-0.0748530421503723
-0.059342140283781986
-0.08901456890365272
-0.06888982100384133
-0.06846585300700281
-0.057793906870118594
-0.04287977645219809
-0.035780793990738635
-0.034597934545166964
-0.030281899689716563
-0.031983290745886905
-0.023407523031973076
-0.025544067788168145
-0.030576949732648073
-0.02117412612749542
-0.021183754270758526
-0.02142235760496497
-0.020468471325376603
-0.019628397761535354
-0.01673205724757021
-0.016109548832472675
-0.013265825616118831
-0.011980595141357242
-0.013493412825808515
-0.013012720503340347
-0.011969510563829666
-0.011618265835450392
-0.014377922365087448
-0.010066951628867782
-0.0226971418864238
-0.02046856423155896
-0.017974976315963342
-0.017205923489477803
-0.016442704576916878
-0.010501807754208003
-0.029295116962492762
-0.01764827643006661
-0.016399628463959037
-0.012367553284276911
-0.0139626169489252
-0.009258771464867532
-0.018019349134876017
-0.010211137386797353
-0.010078244197073594
-0.019118689764973107
-0.009931925248399476
-0.011106985338850739
-0.009220944135494069
-0.014006107301343995
-0.00978421353963399
-0.010277471735664845
-0.00889210709064947
-0.011516237799954143
-0.008839837210870116
-0.008677935691645544
-0.011217516940153438
-0.007597225324483148
-0.006815065084054106
-0.007201415283976165
-0.007037726551959889
-0.006891849701984032
-0.0065203552735862425
-0.006352807236825964
-0.007118278806999279
-0.006565899347819093
-0.006726088366745153
-0.00685548770072425
-0.005515367208890343
-0.007484984352130963
-0.004805365825382324
-0.005174599029855564
-0.005800090238428146
-0.004851153933993657
-0.0041632657391917904
-0.005266167976026914
-0.004714423240761212
-0.006040431445302974
-0.004019000897943492
-0.0042471300608868945
-0.004406774872223074
-0.0044195006667751
-0.004308376365583899
-0.004854538964572774
-0.003249409964773853
-0.003916280548504958
-0.0036323599973154264
-0.003386310874453513
-0.0037134736232233845
-0.003336866118197168
-0.0038381214220718496
-0.003203100778989554
-0.0033804337428612885
-0.0028274770777440006
-0.0023132912923271576
-0.0023748784986348803
-0.00216568024287217
-0.0029815388478799942
-0.002739529020729159
-0.0023534779729580957
-0.0020935164043828225
-0.0030182988573297376
-0.00458422827314342
-0.002282522902245787
-0.0023153796161484164
-0.0023396996964933914
-0.0018903260083779072
-0.002166474073146518
-0.001960567820854353
-0.00205229544227592
-0.002057127174691975
-0.002609566118078721
-0.0023969902069592153
-0.002804604332802163
-0.002469166311817872
-0.0017391743159910211
-0.002015461879857461
-0.0022083967353584977
-0.002357178058736642
-0.0020102288123777234
-0.001641563207742669
-0.002091626575964789
-0.001939578583741941
-0.002147963487755311
-0.002368016687850416
-0.0019482970922218845
-0.0017810187447449555
-0.0018819282693958717
-0.0018678091451660994
-0.0014928269063234634
-0.0012911550202832633
-0.0021565380532367895
-0.0016580166426676812
-0.0021527028594453546
-0.0018553689523672645
-0.0013605700409822785
-0.002132449917858714
-0.0017553660530563175
-0.0016413319658740155
-0.0014609219745210789
-0.0017822832436757419
-0.0021395368513911772
-0.0025705360727025783
-0.0018368754963838385
-0.0013910634959120594
-0.0021671996533388915
-0.001691579809185939
-0.0020508277210324888
-0.0016137052548197972
-0.0014513616343964642
-0.001790936987681735
-0.001489199867107771
-0.0016734916687558
-0.0024184448106951972
-0.0011983592618407535
-0.0017573657261059639
-0.0014036981423802275
-0.0014191052660471604
-0.0014142434082413669
-0.0015577868130748906
-0.0014428780093059812
-0.0015374022186231406
-0.0012963579394030256
-0.0015341432965845225
-0.0013379360690843334
-0.0016791008569978505
-0.00128349877000411
-0.001631738059401422
-0.001184899308159293
-0.0015382139770560022
-0.0010979914753829756
-0.001291323608664019
-0.0013213532915932746
-0.0013866535718084494
-0.001218955209077055
-0.0010397549508068815
-0.0012989798769243444
-0.001466090287688404
-0.0013636860484352309
-0.000988712480824716
-0.0012827847666757042
-0.0010241377940273244
-0.0014513724307824716
-0.0013304621373511072
-0.0011933579367724434
-0.0013908361255766666
-0.0013405168442523485
-0.0015712872627487995
-0.0012060894959875501
-0.0013111910460209542
-0.001622689584064252
-0.0010477019421828437
-0.0010779409948385998
-0.0012537826296538102
-0.0013762826003420603
-0.0011683533796096324
-0.000918855635646254
-0.0015149727173803251
-0.0012005941800302677
-0.0010238862229423606
-0.0009418620889379281
-0.0010165723682243888
-0.0013824993431397758
-0.0012647087279506475
-0.001033956739697195
-0.0008905004209995848
-0.001112306477135172
-0.0010509076625403457
-0.0009432875996926993
-0.0010382986540574124
-0.0009643993095798109
-0.0010332473994164038
-0.0009942777701769656
-0.0007793498452517977
-0.0010035969092737074
-0.0010394485727646674
-0.0013569449600843164
-0.0007749242059221784
-0.0009922203264551843
-0.0009482739915592231
-0.0007202366356554024
-0.0009340893340112899
-0.0011554814072788355
-0.0008235352074913993
-0.0010913484478971003
-0.0008360750261779404
-0.0009227717942563718
-0.0009123578127789855
-0.0009003357077523866
-0.0008399421853642619
-0.0007622558579801764
-0.0006685003018354063
-0.0008351826052514499
-0.0008064645297177764
-0.000764553065911111
-0.0008530678408686376
-0.000978248659953218
-0.0009352930900609624
-0.0009210163225583101
-0.0007191761335615943
-0.0010101416496920423
-0.0008192560571664287
-0.0007574774407644314
-0.0007060803481537259
-0.0008489361031304155
-0.0007913091490587831
-0.0008466188670037678
-0.0008341320105030303
-0.0008461589215795207
-0.0008383459701116758
-0.0007492911636098332
-0.0007462689447735316
-0.0008272556895413952
-0.0007256344215227917
-0.0009586020216535429
-0.000780770147146892
-0.0007075994887854042
-0.000759129922281665
-0.0007688331778291091
-0.0006877694359081477
-0.0006238139422471423
-0.0007868965898864544
-0.0006905619391610052
-0.0006371925649190091
-0.0005753325940774934
-0.0006682854876647881
-0.0005857035969191182
-0.0007251832702657723
-0.0005913769018565107
-0.000650589605444396
-0.0006682695007518835
-0.0006651055280352258
-0.0005290421444132387
-0.000968063745278025
-0.0011366627217742065
-0.000880231847140589
-0.0007971242872805151
-0.0008946055212657456
-0.0007744065425351887
-0.0007285381623439724
-0.000733949515425103
-0.0006975087575460392
-0.0006311648173092377
-0.0006326142207588314
-0.0006104183951170516
-0.0006861003143988076
-0.0006876873539567452
-0.0006711454586922905
-0.0007048576792320627
-0.0006911870158272659
-0.0005657000295027914
-0.0006466494965444158
-0.0006816179796271249
-0.0005330250226927014
-0.0006238181850145574
-0.0006411604470273335
-0.0005050874965643604
-0.0005814042933544039
-0.0006406246718815845
-0.0005838478674923264
-0.0005121115558738287
-0.000804164041468769
-0.0006385563045001041
-0.000794402635478253
-0.0006169109092121206
-0.0006320242289820088
-0.0005645314473513019
-0.0005074382954748935
-0.0006199587837627529
-0.00043213924688179084
-0.0004886579891256182
-0.0007500228214582516
-0.0006003185385909937
-0.0005286412969519039
-0.0005523697622071833
-0.0005170628427310642
-0.000575273977016344
-0.0004983789122299243
-0.0005478633556360024
-0.0005044244635109552
-0.0005856048108085488
-0.00047945639769125803
-0.0004112083258455135
-0.0005710571937219133
-0.0005665270890056195
-0.000484527244914823
-0.0005022681263175954
-0.0006821218094845705
-0.0005978553332230963
-0.0005784212632917174
-0.0005048951175621319
-0.0004800448800841295
-0.00043728416418592486
-0.0005624897196549461
-0.0004734502019611564
-0.000491493279409283
-0.00047517678133585095
-0.00043708699622152514
-0.0005002337195743056
-0.0006168943927207238
-0.0005603882324575205
-0.000535118157904857
-0.0004948371542203289
-0.0004539582499146211
-0.0004542827521262227
-0.0004574959952022284
-0.0004162170542236776
-0.00042507769851257704
-0.000476864760489637
-0.0005361669560911553
-0.00045546830959325435
-0.0003740497531309339
-0.0003970841224484323
-0.00046062109204103585
-0.0005037834870224023
-0.0004413822924448918
-0.0005320939256969748
-0.0005481975886673651
-0.00042167069540482993
-0.0004756806608690045
-0.000421646008097909
-0.0004575797597812792
-0.0004549074993480118
-0.0004064034178143938
-0.0004365120947368295
-0.00045887045466003196
-0.0004574708093285085
-0.00046522716833391486
-0.0004660314009662936
-0.00044475974693874987
-0.0003844139173788119
-0.0003941100333981207
-0.00036133065919113916
-0.0003357158573431551
-0.0004623861520373085
-0.0003638935973120927
-0.0003993520342270296
-0.0003286529453935816
-0.0004164438730379638
-0.0003674306383879
-0.0003895750797790476
-0.0004162427163995619
-0.00037459361354502674
-0.00034675231133196593
-0.00041189637874572416
-0.00033665051133946466
-0.00038465269820653347
-0.00030467890928265184
-0.0003817106779086532
-0.00031963949152730153
-0.0003630951294572582
-0.0003768432299864344
-0.00036893140000437974
-0.00033082013442975455
-0.0003476022233859233
-0.0004015658930324184
-0.0003147402424851786
-0.0003236576495650456
-0.00028877462980969604
-0.00031073606193565695
-0.0003000054244274297
-0.00028728879965117526
-0.0003574145782898053
-0.00029742398763332734
-0.00028521472236009426
-0.00038922137406605106
-0.0002959754435176154
-0.00024851073187820427
-0.0004392273623115006
-0.0003348243546327234
-0.00028045690909728194
-0.00032771118336932803
-0.0003535316821074441
-0.00028874810287804475
-0.00029895054262119025
-0.00031658730714456684
-0.0003252568661560318
-0.0003785422322095666
-0.0003221834884524766
-0.00033126941984462643
-0.00033037664483331897
-0.00024970841199123406
-0.000381475731439318
-0.0004048737684862469
-0.0002781986977887785
-0.00031759132135106283
-0.0002516350662361
-0.00027721657890994456
-0.0002660720127230509
-0.00027776777868565583
-0.0002769613660224546
-0.00024648055070736197
-0.00027080291713371674
-0.00022360219302275386
-0.0002712210630773648
-0.0002835817493938575
-0.00023739387965943104
-0.0002748675233534281
-0.00023096638731417984
-0.00031134580555142177
-0.00024993727468897164
-0.00031575341936529444
-0.00027000880494176815
-0.000251261175992612
-0.00023843455859834384
-0.00027290560903686645
-0.00024642589559770167
-0.00020328486030823933
-0.0002908857786762531
-0.00024234251811805496
-0.00029992931452355043
-0.0002626417703107675
-0.00034837190314573885
-0.0002998095444374793
-0.00030573463562305614
-0.00029264549461388567
-0.0002507153388756067
-0.0003151866831944128
-0.0002494122369475771
-0.00023669949910393173
-0.0002417187526542186
-0.00023099998431702629
-0.00026224572982358474
-0.00030556332614689596
-0.00023617604122910807
-0.0002503856290829165
-0.00023971127217303767
-0.00021270689007213406
-0.00022164190665230343
-0.0002313859153162956
-0.00027574207421349195
-0.00019626063006256134
-0.00021682208807594083
-0.00021278842606187176
-0.00023329977809283253
-0.00020726980189789135
-0.00023025121596953468
-0.0002168505210758398
-0.0001975212082877542
-0.0002656185069121464
-0.00020419565779450366
-0.0003423631357584167
-0.00023455667321964357
-0.00028278068448961413
-0.00026093135315524707
-0.00024233126274830763
-0.00019852283282073557
-0.00019782400157869473
-0.00025726295068700944
-0.0002165804219608214
-0.00018845277480211697
-0.00025657235498965925
-0.00022675498874696887
-0.00023919249953352484
-0.00023569870678913363
-0.00021546597242061427
-0.00022071875059415103
-0.00020612663155183952
-0.00020696510498185994
-0.00026398620427048325
-0.00030673549628418284
-0.00022131261174562766
-0.00026646250103168345
-0.0002223311637370995
-0.00022452086027807683
-0.00024194229343427187
-0.00023063587117777562
-0.00022105014312434612
-0.00021623786682306578
-0.00023002457734494497
-0.00018470877738208102
-0.0002211624644019583
-0.00026256075709779614
-0.0002186963623562188
-0.00018862408722081225
-0.00018862196793734132
-0.00017975590780328066
-0.00020684374186491494
-0.00020053203002434739
-0.00017604099269957763
-0.00022819092210552006
-0.00020581282272347234
-0.00021105281846994783
-0.0001916887121196087
-0.0002428349283377651
-0.00016956773001841619
-0.00017642785685345608
-0.00018233487050256514
-0.00023510751408084563
-0.00021172951915826577
-0.00022169611817035584
-0.00024450638100176336
-0.0001955422655813277
-0.00022664550715290055
-0.00017137858197774358
-0.00018187014409842828
-0.0001903996749980097
-0.00018328007732620888
-0.00017704914238036995
-0.00018748109972138716
-0.0001594897764567449
-0.00021223130017261616
-0.00018419540874875517
-0.00017621751387220108
-0.00017018162010262738
-0.0001920960304737096
-0.00019858895764240936
-0.0001677206994368241
-0.0001996616492169201
-0.0001831360909905766
-0.000197522360060709
-0.00018387213025966576
-0.0001789464160285581
-0.0002089100532625121
-0.00014412006080488649
-0.00014038860264187214
-0.00016793395303849046
-0.00019592321614114727
-0.00014829518683218135
-0.00021728376340074407
-0.00021687016431926054
-0.00024357078275455413
-0.00017493647842703464
-0.0001593917078865359
-0.0001643426622102706
-0.00020307467474239838
-0.00016673109446097012
-0.0002207724734338279
-0.00016647801337121848
-0.0001555595201362392
-0.00020538554624199845
-0.00021615195966490086
-0.00019269188700155038
-0.00018647958121859043
-0.0001866396050287933
-0.00018799917516698628
-0.00013160913938076169
-0.00021785398043788762
-0.00020757200493037864
-0.00019575291309748
-0.00017774283103300093
-0.00016923290497067311
-0.00016716200893623911
-0.0001579271374710367
-0.00018204070594490807
-0.00020179854520063767
-0.00015910452149831
-0.00017293285820330073
-0.00021958949078815237
-0.0001658388479283679
-0.00018081343580128584
-0.00016467830705824138
-0.00015746275129413512
-0.00016986221969689241
-0.00021295856417297143
-0.00014762204078916374
-0.00013810377474510194
-0.00020752612298924333
-0.00015176074849881926
-0.00015529278010517622
-0.0001427876301907105
-0.00017478432499568042
-0.00017151805009735233
-0.00015779511046626338
-0.00016240646925796964
-0.00016339275256693764
-0.00015869146900088227
-0.00012157516663652279
-0.00013707884687558236
-0.000169990855171942
-0.00020208773155222515
-0.00016029134449441207
-0.00014976407199457364
-0.00014521964728436698
-0.00014751901134224532
-0.00016119174513823387
-0.00014841328243409002
-0.0001603989033194808
-0.00016216568128818443
-0.00012616978949125945
-0.00014232814423709161
-0.00015993637750033596
-0.00013054841711562792
-0.00014529771142279824
-0.0001364367410585099
-0.000137193288151094
-0.00014793775877630644
-0.00015018508976966105
-0.00014693854780312154
-0.0001650440567576017
-0.00012582829540030982
-0.0001258740198669117
-0.00012107189882637481
-0.00017753703936423948
-0.0001217859022519252
-0.00011576677641195188
-0.0001893917617160623
-0.00015117577090378864
-0.00015268126782624902
-0.0001545679481769202
-0.00011794606128168184
-0.00012661516332279632
-0.00014788607776272666
-0.00016592338299797893
-0.00015252323337067164
-0.00013491929916015222
-0.00011978790700206687
-0.00011385282395065532
-0.000147140124106937
-0.00010442854338477137
-0.00014621784355001166
-0.0001424670354043811
-0.00012932312888846997
-0.00016370621649081096
-0.00014765238821273785
-0.0001501570557046472
-0.00012118053987836275
-0.0001033366896978638
-0.0001832446843265112
-0.00015026986479954596
-0.00012908298709607413
-0.00015395956041025505
-0.00012721889720268553
-0.0001505022386341648
-0.00015836475495306646
-0.00013881249672770268
-0.00011409605413803536
-0.00013684335139579895
-0.00015031660741476882
-0.00014641229505069076
-0.0001232749123738497
-9.66883499283755e-05
-0.00010630713089182509
-0.00012493548925279763
-0.0001254763661108771
-0.00011820956657487836
-0.00012494872595925077
-0.00012647014584032945
-0.00010302024012620592
-0.00014415280770141425
-0.0001201901508283143
-0.00012788835252058872
-0.00012581182364285182
-9.564872223027931e-05
-0.0001220994726761071
-0.00016804613000570567
-0.00015144807484512857
-0.00014851381071978587
-0.00012588276705072232
-0.00013188512889728
-0.0001304159327356058
-0.0001442667904418271
-0.00013406715935210256
-0.00012311568985406973
-0.0001193350410030325
-0.00011556538433499242
-0.00010760576950508138
-0.00012694798613160918
-0.00011429721216826838
-0.00011336737988421053
-0.00011634885402617146
-0.00010327215078559382
-0.00010404969009247811
-9.69910932921425e-05
-0.00010956851409987811
-0.00011423205675886727
-0.00011196780507721771
-0.00010659282389258173
-0.00010612658986142165
-0.00010349637806489342
-8.969278926401758e-05
-0.0001027014712957075
-9.827613529622692e-05
-0.0001376093705400261
-8.150692398661841e-05
-8.946967259210181e-05
-8.450086188876993e-05
-0.00011195105851785625
-9.444966612009997e-05
-0.00011154829650494857
-9.901730440298184e-05
-0.00010488941827752063
-8.531398495464915e-05
-0.00012224982906872128
-0.00012397908454109263
-8.001473193858244e-05
-0.0001330885647412572
-0.00010135722072490694
-0.00013734625005618062
-0.00010643718235453514
-9.70873127147942e-05
-0.00012554458328939422
-9.146598813841722e-05
-0.00010783662498481394
-8.611175852263342e-05
-8.489827044844134e-05
-9.786522544391607e-05
-0.00010603123938252024
-0.00010972549877724669
-9.745628930224459e-05
-0.00011870337910363515
-0.00010570764871703497
-0.00010517445191582375
-7.131984913505418e-05
-0.00010000217184380489
-0.00011191062594689827
-8.609023086353362e-05
-0.00010196346205093576
-0.00012141067144672002
-0.00012031790876071424
-9.458594302969026e-05
-0.00010129270484687813
-8.659415647455093e-05
-8.553005967260052e-05
-0.00011180797982518476
-0.00010578435268349118
-0.00010078438973026849
-9.040505517066144e-05
-7.609870824115683e-05
-0.00011445403428561596
-0.00010531554117970687
-8.721249323495606e-05
-0.00012094857639466383
-8.638268195360066e-05
-8.330379209819938e-05
-0.00011190589679133112
-0.00010166159865437896
-9.364831333830148e-05
-9.995467012863246e-05
-0.00010509079407516886
-8.596940657268348e-05
-0.00010882529839351118
-0.00010613640413548175
-8.721264708894116e-05
-0.0001066414079389788
-9.75551289915666e-05
-7.554807495380178e-05
-9.152275023044387e-05
-9.844352600757444e-05
-9.602069352282472e-05
-8.908422050951659e-05
-0.00010692356177882667
-8.001920157768572e-05
-8.802714803590739e-05
-0.0001007417876203176
-7.777042592838068e-05
-8.044041616656061e-05
-6.694887412411754e-05
-8.246589908167401e-05
-9.531739631940539e-05
-9.040005238397653e-05
-7.567367480371123e-05
-7.924199554859568e-05
-7.453893455100502e-05
-7.97313557862056e-05
-7.487203334294312e-05
-7.464733535594847e-05
-8.740352532204954e-05
-6.959201140011029e-05
-6.842731217709952e-05
-5.589991823468088e-05
-0.00010476021016281312
-0.00010183335701607898
-7.90989604396719e-05
-8.797788742581636e-05
-7.55646114222186e-05
-0.00010364512204785736
-8.935418098882097e-05
-9.933331970779502e-05
-8.44103171181998e-05
-9.518148364556778e-05
-8.395923393733629e-05
-8.731091630514998e-05
-9.216924274929594e-05
-7.753302383356475e-05
-7.204897229434737e-05
-9.098980094218723e-05
-8.67261982642753e-05
-8.104398859148931e-05
-6.916484980989956e-05
-8.61151124043058e-05
-8.199743573999996e-05
-8.033556334280378e-05
-7.193796386822937e-05
-6.959151123109297e-05
-8.757747642929026e-05
-6.709714438007941e-05
-8.290658359499936e-05
-8.557024459027174e-05
-7.078874419003123e-05
-9.03155846322945e-05
-7.68467374612225e-05
-7.960268219892042e-05
-6.568165363735057e-05
-7.652033376870371e-05
-8.04577312124577e-05
-8.294437403894017e-05
-6.688653717318305e-05
-7.947242192068993e-05
-6.305938296369273e-05
-7.493666046465286e-05
-6.408420203402043e-05
-7.767631376753847e-05
-5.81135854486603e-05
-8.803191331396842e-05
-5.6038292354843033e-05
-7.646858195425876e-05
-7.290789847952395e-05
-7.720916754871965e-05
-6.623536292471588e-05
-6.492125590384923e-05
-7.469979946073124e-05
-8.296410737107518e-05
-6.868108137492168e-05
-7.172745511413448e-05
-5.7718510633852915e-05
-6.87779948453926e-05
-6.489973825518636e-05
-5.7032118303657064e-05
-7.46403728962286e-05
-5.883114432564396e-05
-5.8302954531852524e-05
-6.438838109690259e-05
-5.554482508263181e-05
-6.889109867308507e-05
-6.448825648014411e-05
-6.414473069332738e-05
-7.098130973143268e-05
-5.9950128347918685e-05
-6.20629844442222e-05
-5.7726450724215894e-05
-5.43072351233409e-05
-7.21405620049409e-05
-5.619569157877535e-05
-7.18281009588484e-05
-6.649024297383788e-05
-5.933411065184302e-05
-5.484330270150162e-05
-5.2529889929431306e-05
-4.8823038944989516e-05
-6.119653996650154e-05
-6.774883915977581e-05
-5.767532566108846e-05
-5.0433971542585e-05
-6.591460703198049e-05
-7.532396668152863e-05
-6.400722959298832e-05
-5.696735417021204e-05
-5.811632968033553e-05
-6.218569230681537e-05
-6.277500035661854e-05
-4.510958708031643e-05
-4.987656295896148e-05
-6.666127486232298e-05
-7.150995038873731e-05
-5.4960040606677474e-05
-4.979544812189207e-05
-4.581416595633714e-05
-5.334164263082197e-05
-6.96471553224276e-05
-6.184612354309671e-05
-5.622180120234965e-05
-6.020910041831806e-05
-4.999913074388296e-05
-5.2158013345737775e-05
-5.0166837456733226e-05
-5.359051483255772e-05
-5.7999823446952536e-05
-5.791755070644333e-05
-5.6576606471125945e-05
-5.671889752434378e-05
-4.126800106868389e-05
-4.798595109667403e-05
-5.727467671917674e-05
-6.373584051644343e-05
-5.27632757971741e-05
-5.40528821638131e-05
-4.972826817800646e-05
-5.612390556009039e-05
-6.59176047990706e-05
-4.4388637333525605e-05
-5.334148057684063e-05
-4.859998466738569e-05
-7.037103705864745e-05
-5.185076073405126e-05
-4.462909574670659e-05
-5.3425449837329886e-05
-5.121184723699823e-05
-4.3717001031007285e-05
-4.661625649643453e-05
-4.5941568185159376e-05
-4.0681186921132095e-05
-3.9588463257078654e-05
-4.885668576520841e-05
-4.623673546871876e-05
-5.1392375973902116e-05
-5.225669452063597e-05
-5.273024492408185e-05
-4.1599432479833e-05
-3.9524979609351085e-05
-5.3858695381825417e-05
-4.240593307092144e-05
-4.805467240476258e-05
-5.1574218034367014e-05
-3.839679226996795e-05
-5.168554447737561e-05
-4.488569676175391e-05
-4.9309547439813084e-05
-5.4721263481827265e-05
-5.842169972430922e-05
-4.924639109332718e-05
-3.8992273551197165e-05
-4.171274333508723e-05
-5.182065504388822e-05
-5.8516028079158566e-05
-4.799459648330284e-05
-5.074373851338132e-05
-3.669835985492531e-05
-4.1217621169320484e-05
-4.228755341051382e-05
-6.406140507697611e-05
-5.2333869269283184e-05
-5.2446027057673206e-05
-5.470269068413858e-05
-5.306662187498645e-05
-4.2324752345002103e-05
-5.0238474615715845e-05
-5.051562212560201e-05
-5.2686993812833816e-05
-5.649429174442444e-05
-4.810018467621413e-05
-4.2038315404169246e-05
-5.2286720838790046e-05
-4.511975761839482e-05
-3.629375614377928e-05
-4.565714284160416e-05
-5.119023846605897e-05
-4.188286925910223e-05
-4.575701289044609e-05
-4.55107107557029e-05
-3.9673979906340584e-05
-3.865926000018449e-05
-4.961520930329977e-05
-5.553634225380355e-05
-4.686734740794174e-05
-4.3782135634495845e-05
-4.954094670250875e-05
-4.848129472634355e-05
-3.5920140102285725e-05
-4.560371493556037e-05
-4.5556717796546575e-05
-5.7953000495991613e-05
-4.278837711535477e-05
-4.101247074511649e-05
-3.468572655895841e-05
-4.453306619023323e-05
-3.61615225281664e-05
-4.448715518856616e-05
-3.7275012600923585e-05
-4.312839939246693e-05
-3.6421720874535435e-05
-3.95587067148484e-05
-4.341138228658448e-05
-5.398099480102836e-05
-4.546388889764552e-05
-4.4478824888338764e-05
-4.186396763167233e-05
-4.648734916745667e-05
-3.8065276882326415e-05
-4.278152717124284e-05
-3.674039182283151e-05
-3.1529574901822954e-05
-3.985882688245512e-05
-4.160631311872498e-05
-3.775111054338254e-05
-4.2068365763536786e-05
-3.723958176427011e-05
-3.552802293993462e-05
-3.8426107911382346e-05
-4.078600783768982e-05
-3.7929339438080856e-05
-3.998624918494231e-05
-4.0016565387934744e-05
-3.752856578526087e-05
-4.1965166078850036e-05
-3.877474777302936e-05
-3.5554298279172336e-05
-3.3200904126617914e-05
-3.891348153517438e-05
-3.36465098497718e-05
-3.163215886509141e-05
-3.4052255365291106e-05
-4.3467205990077584e-05
-3.7111153133040364e-05
-3.6669263323740875e-05
-4.331658893957924e-05
-3.397252863041045e-05
-3.27507948911232e-05
-3.6150245251886926e-05
-3.1410233287509914e-05
-4.328748458004572e-05
-3.978425837469768e-05
-4.103605320204817e-05
-3.2443611510113435e-05
-3.3639076586933214e-05
-3.161200032109068e-05
-2.495653233880457e-05
-4.165680285267426e-05
-3.5304156984772295e-05
-3.78977301307426e-05
-4.364719715049814e-05
-3.1202705543909026e-05
-4.177853302189671e-05
-4.22298740640481e-05
-4.1949630689930295e-05
-3.708332833213257e-05
-4.1316831517923536e-05
-4.4036596725860466e-05
-3.7933415517721336e-05
-3.6166474620236144e-05
-3.127411316594664e-05
-3.4474520175353796e-05
-3.414428277365156e-05
-3.510774493703517e-05
-3.305233822037401e-05
-3.6190321763940325e-05
-4.0109464317428234e-05
-2.894122708285707e-05
-3.1270145140482875e-05
-4.893421010504495e-05
-3.6143343735695055e-05
-3.869545155954501e-05
-4.208864776433785e-05
-3.071024605699746e-05
-3.4306459940403045e-05
-3.741141577245921e-05
-3.4089917493262956e-05
-3.5430200718888916e-05
-3.416784291548902e-05
-2.6251699025092723e-05
-3.6163975103253865e-05
-4.20426250941075e-05
-3.559562280408546e-05
-2.701331710852628e-05
-3.7637079114416494e-05
-4.1887567249598856e-05
-3.319088605624465e-05
-3.562040424243129e-05
-3.5033281781893244e-05
-3.193624958514052e-05
-2.9956906481887202e-05
-2.7603211356197477e-05
-3.814145827357729e-05
-3.0618445841679165e-05
-3.5116602014551024e-05
-3.876347717707285e-05
-3.1424239523680786e-05
-3.0336633219496534e-05
-4.796789143751701e-05
-4.037598184236657e-05
-3.1333848508563467e-05
-3.9798825019865536e-05
-3.353152497087564e-05
-4.41882305192709e-05
-3.7162404813273486e-05
-3.5572177945142336e-05
-3.888812909175199e-05
-2.687674010609653e-05
-3.11881729610497e-05
-3.6924928577042326e-05
-3.463957619359581e-05
-3.3601466215782416e-05
-3.337231756528336e-05
-3.899884849845048e-05
-3.737273371057226e-05
-3.2883109557735324e-05
-3.145453743191862e-05
-2.7486153203304386e-05
-3.115401600189971e-05
-3.0898129528611484e-05
-2.7830918946758487e-05
-2.920955666624314e-05
-2.5019004462445427e-05
-2.7908821717159693e-05
-4.231687061706513e-05
-3.195539518874302e-05
-2.740912347060087e-05
-3.817676919110058e-05
-3.016902251651299e-05
-3.952175852650619e-05
-3.339979538669047e-05
-3.0207965422857086e-05
-4.0226034552115486e-05
-2.890058218329994e-05
-2.8311209059050935e-05
-2.663965194305007e-05
-2.838051749676218e-05
-2.755259825404366e-05
-3.0295407991043355e-05
-2.188997966323658e-05
-2.530580500859081e-05
-2.7723380441602163e-05
-2.4286416138108446e-05
-2.3014124815090575e-05
-2.6472326238535793e-05
-2.4401422773212555e-05
-3.056586571253961e-05
-2.4527022340070648e-05
-2.7647648463746677e-05
-2.599730799873745e-05
-2.349557259162527e-05
-2.8033327160947863e-05
-2.6550233242050858e-05
-2.471232126183276e-05
-2.6813429364891395e-05
-2.9838909742285757e-05
-2.4377764197447416e-05
-2.7674224738150066e-05
-2.978026773570175e-05
-2.7592747652294136e-05
-2.0617270691192235e-05
-2.4966208932164502e-05
-3.1860208647371824e-05
-2.93974698220012e-05
-2.8630870696044752e-05
-2.327632105980637e-05
-3.0306026283843934e-05
-2.1417134022483353e-05
-2.3726962718295663e-05
-2.2917846882963833e-05
-3.01623956699415e-05
-2.5301791662712958e-05
-2.6435741167951665e-05
-3.423654628087469e-05
-2.9782680574186315e-05
-2.018712734003225e-05
-2.600321859974608e-05
-2.8208149674746608e-05
-3.162402917206153e-05
-2.8708617796691094e-05
-2.531988782988881e-05
-3.0275231607146402e-05
-2.4881366272044847e-05
-2.594283539369968e-05
-2.1116482660399338e-05
-2.7055855922830663e-05
-2.2069621435027997e-05
-2.948042228356762e-05
-2.492007777110672e-05
-2.398203689690792e-05
-2.4387555871918654e-05
-2.2896544709494204e-05
-2.189107048322647e-05
-2.1857915345036005e-05
-2.3034285180856262e-05
-2.8374440698752945e-05
-2.8973610159299668e-05
-2.4810716941991995e-05
-2.8236684798510492e-05
-2.4021900156545595e-05
-2.6207722629845165e-05
-2.1339802893705073e-05
-3.576469982846664e-05
-2.531346820605629e-05
-2.2726164700337392e-05
-2.2353735573132916e-05
-2.345308091050713e-05
-2.3257976215440568e-05
-2.4333565254941458e-05
-2.397890709748829e-05
-1.9506275635738923e-05
-2.6481975964498528e-05
-2.314790984370152e-05
-2.0460440474878716e-05
-2.237436989188657e-05
-2.250460272162913e-05
-1.8315527309242796e-05
-1.992478073820081e-05
-1.8542719713521283e-05
-2.2120560122074195e-05
-2.5695649786994235e-05
-2.215910566610857e-05
-1.9546419318949848e-05
-3.161651531796705e-05
-2.1177863999688462e-05
-2.5891631357022327e-05
-2.289849085268525e-05
-2.484115761908212e-05
-1.8611112116151407e-05
-2.483026606120431e-05
-2.5120678131929086e-05
-2.1186367401671014e-05
-1.9723245060832006e-05
-1.8672288237653323e-05
-1.862971735483443e-05
-2.0383603758000746e-05
-2.340397759975632e-05
-2.238687397543293e-05
-1.8459608653875748e-05
-2.2427711269423778e-05
-1.957420721737657e-05
-1.7071459570139336e-05
-1.84299030822066e-05
-2.2812650681269808e-05
-2.1055977808714932e-05
-2.3597240804973385e-05
-1.9035627612795647e-05
-1.5744336827716587e-05
-1.7695530204198118e-05
-2.1991435057322484e-05
-1.6399699135138945e-05
-2.029300607281348e-05
-1.7248587819762573e-05
-2.0651491863477034e-05
-1.687933015470655e-05
-1.733085808625079e-05
-1.9755531588061537e-05
-1.7643405045952854e-05
-1.7447713388463182e-05
-1.8518579541604296e-05
-2.085552592967499e-05
-2.240867849334638e-05
-1.7807794846447234e-05
-1.760753123619674e-05
-1.684070252294667e-05
-2.051032257388563e-05
-1.8230067181601584e-05
-1.7599572591786572e-05
-1.605091587419949e-05
-2.1286087120542252e-05
-1.4638449908899176e-05
-2.1624321174640304e-05
-2.460637032886126e-05
-2.059719851221775e-05
-1.724437147065938e-05
-1.5571975256867265e-05
-1.747078987096584e-05
-1.9620975515055594e-05
-1.8226284939693027e-05
-1.6294791921278584e-05
-2.2563652065377138e-05
-1.7124772105414632e-05
-1.6123856378391643e-05
-1.7358313086524024e-05
-1.679880193944383e-05
-2.0057951453877898e-05
-1.5478628100085157e-05
-1.4597679864225555e-05
-1.7030692907538114e-05
-1.857632410756649e-05
-1.8926670920627053e-05
-1.7604973400142665e-05
-2.2653145505147076e-05
-1.5837147719410805e-05
-1.4837893665298196e-05
-1.8939875873646983e-05
-1.89934240066858e-05
-1.831625171322404e-05
-1.6573644699480194e-05
-1.2281840538863609e-05
-1.6572029171157965e-05
-1.8031518834615845e-05
-1.8357437054195014e-05
-1.5923904124082178e-05
-1.890012701732946e-05
-2.113598311986875e-05
-1.84042340510282e-05
-2.1055281788640023e-05
-1.9013171163928533e-05
-1.5948006394039815e-05
-1.964193621495358e-05
-1.8959347837244067e-05
-1.8124239281158694e-05
-1.7365769239718887e-05
-1.443420922359051e-05
-2.0808416029083343e-05
-1.61190218041507e-05
-1.5395360091263743e-05
-1.996217604721684e-05
-1.7942671446669056e-05
-1.6995630703453557e-05
-1.7809918344657838e-05
-1.9718571909577154e-05
-1.4848436766023987e-05
-1.829683747744948e-05
-1.8122280162014004e-05
-1.5097046548451232e-05
-1.5844194988900995e-05
-1.69000551999976e-05
-1.4049787244507783e-05
-1.6611067943594904e-05
-1.5156101523527976e-05
-1.637635821916117e-05
-1.505565926468444e-05
-1.3642462720342419e-05
-1.9412945822305794e-05
-1.828098702122416e-05
-1.5079665144357435e-05
-1.5051630920137615e-05
-1.4009693450944827e-05
-1.6113992312327685e-05
-1.6287265748093915e-05
-1.8004048323916333e-05
-1.5515958253498052e-05
-1.6635554752064685e-05
-1.5640528995997105e-05
-1.4511970771236005e-05
-1.3306402244672721e-05
-1.3601797995199671e-05
-1.741513115566251e-05
-1.3911994696247376e-05
-1.885908023890881e-05
-1.4882615704259194e-05
-1.6883292413782947e-05
-1.732052388014882e-05
-1.5631077177058472e-05
-1.394874489579756e-05
-1.479681190180715e-05
-1.6973117053620257e-05
-1.4481959480228124e-05
-1.458758207484312e-05
-1.6538656802622675e-05
-1.7994930685161226e-05
-1.5946816157741406e-05
-1.3392611974749613e-05
-1.3174251179859375e-05
-1.2318362111130021e-05
-1.183752421846096e-05
-1.559570495285323e-05
-1.5526908380969484e-05
-1.183615777133884e-05
-1.3907807465296518e-05
-1.2277177868391664e-05
-1.3710385329379626e-05
-1.6565401986190498e-05
-1.5838089146069656e-05
-1.3885010613945425e-05
-1.3395007001704151e-05
-1.2573758128797685e-05
-1.3225583831322218e-05
-1.1678333457776358e-05
-1.5250170502023597e-05
-1.3622779337529867e-05
-1.3205352452916319e-05
-1.0457925665618983e-05
-1.246586507358538e-05
-1.1671356714648695e-05
-1.0976459506428782e-05
-1.5495211413252274e-05
-1.336928992506925e-05
-1.4085838186239652e-05
-1.3005653570208331e-05
-1.2869042857521773e-05
-1.3148836245702178e-05
-1.0974221383630578e-05
-1.3513652975361001e-05
-1.1352924843444079e-05
-1.2313042981104694e-05
-1.1571156734557775e-05
-1.0662689051754715e-05
-1.3469251880782185e-05
-1.5928127136854986e-05
-1.513737348118882e-05
-1.3496524806255739e-05
-1.1012772640650592e-05
-1.4848779808507295e-05
-1.2462469325624781e-05
-1.3648734808469065e-05
-1.3999147121968036e-05
-1.2782697095314877e-05
-1.2031044230642607e-05
-1.1298723407660027e-05
-1.4102811100979995e-05
-9.623410848480507e-06
-1.4600369226902554e-05
-1.2113240605404751e-05
-1.380052033733703e-05
-1.2723771833977882e-05
-1.1462372112358565e-05
-1.332983934937415e-05
-1.2174147939136848e-05
-1.3087156074065298e-05
-1.1692429739917909e-05
-1.1590006286477106e-05
-1.1447262457109364e-05
-1.4502811168770613e-05
-1.0714608928374947e-05
-1.0115573621738427e-05
-1.4982825808251832e-05
-1.503916993639276e-05
-1.2552267023624442e-05
-1.1256034563922324e-05
-1.2810736576218673e-05
-1.2840998028451622e-05
-1.2222834502251256e-05
-1.010068327850222e-05
-1.0872957830088126e-05
-1.0713492570924021e-05
-1.7181965601409388e-05
-1.1757868673856198e-05
-1.0300263177831503e-05
-1.3077386283977255e-05
-1.1136163889646777e-05
-1.240218338577348e-05
-1.1298554117689097e-05
-1.1676615036204652e-05
-9.651359957951744e-06
-9.623902514799276e-06
-9.789963531736667e-06
-1.0714009243684153e-05
-1.2530839363200652e-05
-1.3066499650327135e-05
-1.3400566455101792e-05
-1.3555017983335471e-05
-9.507026702160193e-06
-1.0741580807382967e-05
-1.0706497967472028e-05
-1.1436812855314393e-05
-9.08473951105604e-06
-1.0799177471654264e-05
-1.080936358566209e-05
-1.0612426460165914e-05
-9.513811050299026e-06
-9.18519815490404e-06
-1.1467253683006273e-05
-1.0915843979275586e-05
-1.1467725654745742e-05
-9.480287885665906e-06
-9.88440483579156e-06
-9.998149762158182e-06
-9.511338099288391e-06
-1.2453527179212553e-05
-9.629360962826183e-06
-1.2234842069136498e-05
-1.010987859567658e-05
-1.0389723913595272e-05
-9.986394376382268e-06
-1.0768308837394436e-05
-9.095522900570696e-06
-9.744642812170579e-06
-8.9932613874244e-06
-1.1805685667942711e-05
-1.0941844573342241e-05
-9.846509373245826e-06
-8.869256692356497e-06
-9.135211201771742e-06
-1.0741342068742998e-05
-1.0784814007180898e-05
-9.801230521411242e-06
-1.0694482065809474e-05
-1.018408229269685e-05
-9.980988412039427e-06
-7.603227599961571e-06
-9.245961819170923e-06
-8.748615444365004e-06
-1.0507649490676396e-05
-9.852234922058667e-06
-1.1178527109745318e-05
-1.152844329577185e-05
-9.513493532786743e-06
-9.811555934324812e-06
-1.0933401323409697e-05
-1.2396079475285315e-05
-8.382141666707366e-06
-8.700305654807394e-06
-9.768059106407545e-06
-1.0757976213915388e-05
-1.0992562222200686e-05
-1.0859315487221632e-05
-8.43713161824411e-06
-1.0203404877451305e-05
-8.50016691139599e-06
-1.064304059184007e-05
-8.07279354564372e-06
-1.1660010426906009e-05
-1.2237923153246566e-05
-9.656267200119917e-06
-9.027583847132092e-06
-1.007689115983812e-05
-1.0007350476737287e-05
-1.0122703535564437e-05
-9.805856826528014e-06
-1.0110716470557168e-05
-1.133296155275687e-05
-8.950047987399401e-06
-1.1381823543876735e-05
-9.237031015629782e-06
-8.633624118237204e-06
-8.231902316024886e-06
-8.21901504355349e-06
-8.108579061305576e-06
-9.777743924355153e-06
-7.912416078281748e-06
-8.171023988812198e-06
-1.0625086777515946e-05
-7.861421844723715e-06
-9.695840139989365e-06
-9.028840601166266e-06
-7.1884996703519555e-06
-9.221043270446483e-06
-8.581519753525502e-06
-8.851765728679073e-06
-8.926188243718602e-06
-7.88469837625927e-06
-8.45818806521903e-06
-8.106868638446674e-06
-1.0256379789519432e-05
-8.643008385711415e-06
-7.743886399902422e-06
-9.177392466475087e-06
-8.783449746196936e-06
-8.985659902149834e-06
-8.741589652250248e-06
-8.13512030628516e-06
-7.576078140836273e-06
-7.90596471883509e-06
-7.104622965936613e-06
-7.625266904232042e-06
-9.226374511506208e-06
-8.52745159440893e-06
-7.562249124681841e-06
-8.77499946200233e-06
-8.635595915296168e-06
-8.206520379250293e-06
-8.129680510504667e-06
-7.477247660148123e-06
-6.754482260395989e-06
-7.413801724698299e-06
-7.163714060287596e-06
-7.537088203057873e-06
-7.578700202626187e-06
-7.451453416795761e-06
-6.983655089998209e-06
-7.038320745722526e-06
-7.080607214549062e-06
-7.393844556780049e-06
-7.948448535410879e-06
-8.704092484601578e-06
-7.3364906955086795e-06
-9.116610480086607e-06
-7.885487007031067e-06
-7.113685548676418e-06
-7.911276735883543e-06
-7.116582260657811e-06
-7.466479182705044e-06
-7.509756049739469e-06
-8.301736752591715e-06
-9.033834619920356e-06
-7.64856850204998e-06
-7.49405917183088e-06
-7.30654508840356e-06
-6.3285606914376125e-06
-7.1897341326065956e-06
-6.031761652702805e-06
-6.548532860972678e-06
-7.414776526715183e-06
-7.191042813270432e-06
-7.70498574803602e-06
-5.898639578338916e-06
-6.36642201223836e-06
-6.79599021202737e-06
-6.662979979421557e-06
-7.60024103979573e-06
-7.709555152446423e-06
-8.33696183871746e-06
-8.227249008729842e-06
-7.022168401649154e-06
-6.557453245348288e-06
-7.458389482351002e-06
-6.955182108747682e-06
-7.083069537228148e-06
-6.798865896329165e-06
-6.4308815471703085e-06
-7.987813966547908e-06
-5.3848998027294925e-06
-7.612257293787561e-06
-7.862607674935518e-06
-7.83080078936571e-06
-7.932436756064032e-06
-6.038533166274895e-06
-7.8894035674959e-06
-7.691299108270044e-06
-7.71992224901652e-06
-7.264099404824531e-06
-7.498357686985813e-06
-6.4823673321945385e-06
-6.640133790092317e-06
-7.38535501831894e-06
-7.759156213982266e-06
-7.730189166721413e-06
-8.153736223093233e-06
-5.729077429461604e-06
-7.214287144563514e-06
-7.503349083559652e-06
-7.77779108712684e-06
-5.809704684944794e-06
-7.113013686887992e-06
-7.493779514589072e-06
-7.744236625473189e-06
-5.791738706406591e-06
-7.777318714319303e-06
-7.001937704420591e-06
-8.026227523161289e-06
-6.510418179173083e-06
-7.246914143443917e-06
-8.062637417038943e-06
-6.66508896607354e-06
-7.272947361913751e-06
-8.052402208802434e-06
-6.54439102626414e-06
-6.949566654090855e-06
-7.144650958856857e-06
-5.708550552374625e-06
-6.4890978129783505e-06
-5.345871441186922e-06
-6.841914268862492e-06
-8.345298228129572e-06
-6.547900729847456e-06
-6.709146035177582e-06
-7.627696649248339e-06
-5.26396305078336e-06
-7.20514509416903e-06
-6.711274500970088e-06
-5.566713528137868e-06
-7.159021204239391e-06
-6.1376759598053e-06
-6.4403799859280575e-06
-4.824152095295187e-06
-7.740655992793943e-06
-7.439509650708498e-06
-6.099640304069176e-06
-5.852963260000177e-06
-6.8151651957393256e-06
-6.503343891961499e-06
-7.328574398612897e-06
-5.957605843820435e-06
-6.376017784082144e-06
-6.5053821492466746e-06
-5.89037656395508e-06
-5.6181189739823445e-06
-5.897910997421096e-06
-5.529067484189021e-06
-5.58825818663955e-06
-7.557856436635202e-06
-7.40837389995308e-06
-5.20705613710204e-06
-5.2587739547416135e-06
-7.015034385104979e-06
-6.743714807466716e-06
-6.2959830149367235e-06
-5.677918202218191e-06
-5.862682843305045e-06
-5.547535145311588e-06
-6.7280324959617666e-06
-6.023440698721405e-06
-5.614221991689927e-06
-5.230247791587761e-06
-5.262830077235048e-06
-7.163214517769134e-06
-5.263640334485231e-06
-5.084446277225929e-06
-5.913774447807718e-06
-6.248483571891228e-06
-6.102902664895105e-06
-6.224328775616961e-06
-5.40866860976319e-06
-5.127593798059937e-06
-5.749637519203432e-06
-5.8234411698387945e-06
-5.493851380544701e-06
-4.679438777854816e-06
-6.772964899426359e-06
-4.581172691420221e-06
-5.210668226451887e-06
-6.190294878027913e-06
-5.976919580152895e-06
-5.678237331663283e-06
-5.020438805902749e-06
-5.536376653902941e-06
-4.933931628148258e-06
-5.785189772844479e-06
-5.2655176467908404e-06
-4.993449361168079e-06
-5.195802350144163e-06
-4.483529482846027e-06
-4.936053376092264e-06
-4.757746647821026e-06
-4.913475236179021e-06
-4.611230966122815e-06
-3.9412906603919495e-06
-5.7016992263680955e-06
-5.987829447717807e-06
-6.647248782465365e-06
-5.408092220771099e-06
-6.011099688896238e-06
-5.209475180734113e-06
-6.1430639851089985e-06
-5.196136000251705e-06
-4.914995876847961e-06
-4.82210732838384e-06
-5.000935002663631e-06
-5.243384047726174e-06
-5.1518257271343515e-06
-5.661143985147277e-06
-4.051534945093138e-06
-4.4508485132488396e-06
-6.335673547686049e-06
-5.697933290582657e-06
-5.056382743284793e-06
-5.097274079268743e-06
-5.520546341342136e-06
-5.472722867549962e-06
-4.871516619819882e-06
-4.982698226851934e-06
-4.863608637772909e-06
-4.1391148973835e-06
-5.17349019990565e-06
-5.528825349043753e-06
-4.268305146715168e-06
-5.213886519972455e-06
-4.237503995474512e-06
-5.724728855405203e-06
-5.381903012857681e-06
-5.621308861503138e-06
-4.903510333886807e-06
-4.886349651289645e-06
-4.979961446216485e-06
-3.832553643334791e-06
-4.840993354848777e-06
-4.641209645106503e-06
-6.311851277862601e-06
-3.986717270421103e-06
-5.298059730374227e-06
-4.477554894022351e-06
-5.214069936532173e-06
-5.330598098318706e-06
-4.96809124428399e-06
-5.861355540592861e-06
-5.522756326370448e-06
-4.735829611079989e-06
-3.849035094150022e-06
-4.235376258709955e-06
-4.2692794298693215e-06
-4.67987264918257e-06
-4.632865433007449e-06
-3.817533026195807e-06
-5.010616830780634e-06
-4.7025830853808515e-06
-5.374554744919102e-06
-5.1285736805684046e-06
-3.752930657963116e-06
-5.061139422446459e-06
-4.027014944396612e-06
-4.848177912131213e-06
-4.716241764901596e-06
-4.8547368344808994e-06
-5.150970365852547e-06
-3.7224586914574864e-06
-4.046524728018586e-06
-4.587826800905859e-06
-4.91592357498849e-06
-4.7850609570798674e-06
-4.184342739466107e-06
-4.4734852078787135e-06
-4.213397486518833e-06
-3.955904784358477e-06
-4.345460307642046e-06
-3.966482767792101e-06
-4.201664190073284e-06
-6.014912511509429e-06
-3.548016993648595e-06
-4.066790824541755e-06
-3.9076539865012805e-06
-4.612178404861389e-06
-3.982098611909901e-06
-3.7927402560256063e-06
-4.3666236504424916e-06
-3.286507287481033e-06
-4.274182081209776e-06
-3.4924872876485047e-06
-4.202491964699906e-06
-4.864395485859596e-06
-4.279646328764208e-06
-4.279337192103494e-06
-3.743069704686963e-06
-3.856718342243326e-06
-4.471619244439395e-06
-3.80104226255229e-06
-3.393222861303169e-06
-3.4997021594596056e-06
-4.239218877655215e-06
-3.677806344470902e-06
-3.4759739480083596e-06
-4.545126403299182e-06
-4.297772688677259e-06
-3.435501068460578e-06
-4.353807456836112e-06
-4.040070007649277e-06
-3.4876275011863633e-06
-4.188806273508483e-06
-3.119706078802409e-06
-4.348086968641862e-06
-3.443593127760991e-06
-5.492484855040836e-06
-4.175136034956228e-06
-4.665799636871526e-06
-3.947133943027481e-06
-4.119909429611823e-06
-4.740466162278523e-06
-3.913087434248563e-06
-5.175357579767503e-06
-4.217071539913686e-06
-3.614942430008039e-06
-3.940283356096419e-06
-4.14478816862518e-06
-3.974568182296689e-06
-3.4110519512853266e-06
-3.542480522311653e-06
-3.8200769447716e-06
-3.775598072741637e-06
-4.060301962205415e-06
-4.586186586164054e-06
-3.731640582538276e-06
-2.9141437078994414e-06
-4.321456826661407e-06
-3.3532203536634775e-06
-3.7177605454741247e-06
-4.071822873208397e-06
-3.789082670846433e-06
-3.6236640774678364e-06
-3.1857535346957455e-06
-3.5864496911730548e-06
-4.389174211416602e-06
-3.3591897089513267e-06
-3.958280641480627e-06
-4.1748449282064115e-06
-3.9879524107999664e-06
-3.828832169705532e-06
-3.6426245197951346e-06
-3.946248083697146e-06
-3.4117314835491186e-06
-3.613216321030066e-06
-3.1890427207859062e-06
-3.941978265697976e-06
-3.1094151618504817e-06
-3.2467583429007796e-06
-4.203338627384312e-06
-3.867928941192478e-06
-3.6009469181474962e-06
-3.6805400330242044e-06
-3.4416851814600413e-06
-2.997796216930304e-06
-3.359243863021444e-06
-3.481153160900252e-06
-3.1908560289006793e-06
-2.9909459153820706e-06
-3.4497355433926735e-06
-4.512837741166287e-06
-3.5363785171882434e-06
-2.999735005226878e-06
-2.8282056999118232e-06
-3.059578273123531e-06
-3.5116847192928624e-06
-3.5666922131860623e-06
-2.8606212147952448e-06
-3.2010017984029915e-06
-3.2441623069590086e-06
-2.69279851822235e-06
-3.2609869505817457e-06
-3.865924389723219e-06
-3.2742908148697403e-06
-2.949351630754382e-06
-3.4851343772013266e-06
-3.7856349119902433e-06
-3.3054083500294595e-06
-2.995699794006157e-06
-3.5366808968095853e-06
-2.7337722958153954e-06
-3.210630059258257e-06
-2.9934660535912982e-06
-3.4084849572790787e-06
-3.842608232051958e-06
-3.006567261099047e-06
-3.3941007426818715e-06
-2.8159789822179704e-06
-3.5200877239183193e-06
-3.0482051280311673e-06
-3.3416238659489395e-06
-2.7723018463654547e-06
-2.8267678333082635e-06
-2.660509781704512e-06
-3.09301167283893e-06
-3.825381537425621e-06
-2.625324706129195e-06
-3.2936583835851962e-06
-3.5324035105865903e-06
-3.0470723863529336e-06
-2.9604740570676746e-06
-3.396028637969728e-06
-2.8640065861118558e-06
-2.83445821502859e-06
-2.9575412265336887e-06
-2.5899661287853704e-06
-2.4678356013163594e-06
-2.9924579584839073e-06
-3.286743318231533e-06
-2.4975068070309803e-06
-2.6004988261107975e-06
-3.307693411447321e-06
-3.2814774869605046e-06
-3.4414360507439845e-06
-2.3919262871485714e-06
-3.0399948398596166e-06
-3.1879993478423074e-06
-2.545898628469878e-06
-3.0174866125776134e-06
-3.3944819090026e-06
-3.3634043143382364e-06
-2.654953939806859e-06
-3.507599741325862e-06
-2.9674084566222447e-06
-2.4124128326086236e-06
-2.6515323167108917e-06
-2.9231103682580972e-06
-2.836006454398632e-06
-3.295679742720825e-06
-3.3762586321706145e-06
-2.4997889475630863e-06
-3.481905506641514e-06
-2.8937014188157306e-06
-2.3438483043314307e-06
-2.8149636561169977e-06
-3.2655985571783397e-06
-2.87018273387174e-06
-2.741559033403451e-06
-2.6104057831988214e-06
-2.418958882866029e-06
-2.905566480027044e-06
-2.984405669148593e-06
-2.8525540484158896e-06
-2.544379811064701e-06
-2.5125447148388602e-06
-2.314570466177557e-06
-2.668275063177905e-06
-2.2185965832810517e-06
-2.7355780027882304e-06
-2.4583384822807197e-06
-2.7464515100494857e-06
-2.898098316272968e-06
-2.8884589463040733e-06
-2.8206201883596016e-06
-2.2571123280412664e-06
-3.099125050476381e-06
-2.405892821966127e-06
-2.4066983967951927e-06
-2.9090317060775917e-06
-2.478791393534241e-06
-2.4352434112029364e-06
-2.372654092919202e-06
-2.1851462814748146e-06
-2.361648989535059e-06
-2.654747144836822e-06
-2.585244668729114e-06
-2.5037622819468197e-06
-2.200605029700764e-06
-2.4971156430964037e-06
-2.758557862581057e-06
-2.850658596176281e-06
-2.7935681176094462e-06
-2.512865278581078e-06
-2.187659083163762e-06
-2.419771278738825e-06
-2.986394623372135e-06
-2.3289159500339274e-06
-1.8695214001884786e-06
-2.8870070717945673e-06
-2.626923574000628e-06
-2.8651734773066373e-06
-2.0622814705384407e-06
-2.3854330061801043e-06
-2.386334108650523e-06
-2.9470242050022577e-06
-2.4606540384719544e-06
-2.7847534599390045e-06
-2.4289133194188572e-06
-2.2243890688278256e-06
-3.1224115424888232e-06
-2.848528483367918e-06
-2.4217036166951367e-06
-2.3683861217205227e-06
-2.446541927492163e-06
-2.6453158513684016e-06
-2.2197279687108384e-06
-2.0540602286844845e-06
-2.3867156466739203e-06
-2.453888583220376e-06
-1.9960347147907065e-06
-2.5236346979373714e-06
-2.274620285513951e-06
-2.4965869168114274e-06
-2.1485920633224076e-06
-2.4593331263145224e-06
-2.0108406615371166e-06
-2.205328542670415e-06
-2.1620597593363655e-06
-2.459679062483122e-06
-2.4006483765881548e-06
-2.1276318695750973e-06
-2.5131574724057693e-06
-3.1134491473849835e-06
-2.086440619775143e-06
-1.9854480106107353e-06
-2.434114719007674e-06
-2.28095862081501e-06
-2.0451842574487067e-06
-2.440553307170301e-06
-2.3334394956275872e-06
-2.117561204384444e-06
-1.9227472204952356e-06
-1.9600510932082926e-06
-2.121869928872755e-06
-2.009376283973463e-06
-2.5208811542110077e-06
-2.390191563172994e-06
-1.908027070451901e-06
-2.3389972115261948e-06
-1.9090472945237913e-06
-2.213530651384854e-06
-1.9001418529174252e-06
-2.398030618355751e-06
-2.120699204355425e-06
-2.073985331196848e-06
-1.7821353487934566e-06
-2.169132059637313e-06
-2.311317487013742e-06
-2.0724440446540093e-06
-2.0172666784779025e-06
-2.116548650232808e-06
-1.7936033769871962e-06
-2.051634472366448e-06
-1.7455902206475749e-06
-1.8096573357051504e-06
-1.9542465862776304e-06
-2.005494934620433e-06
-2.102298196249297e-06
-1.9109554803553586e-06
-1.9335030635447836e-06
-1.8183318418185657e-06
-1.9978927504604727e-06
-1.7876299340247037e-06
-1.75893838177954e-06
-1.8213987698634249e-06
-1.8355203166842138e-06
-2.0656280768638347e-06
-1.6524943219908828e-06
-2.379536756969003e-06
-1.8205069423626874e-06
-1.7512116844420333e-06
-2.029298710404248e-06
-1.6844663910942081e-06
-1.6007728951827893e-06
-2.2303949399615774e-06
-1.7886224917829097e-06
-1.948644702265412e-06
-1.795861914621888e-06
-2.0610852435321014e-06
-2.1102082715662718e-06
-2.1153895198855466e-06
-2.049679925675285e-06
-1.6487144142707244e-06
-2.176680716170498e-06
-1.9613426870401796e-06
-1.8292710334266715e-06
-1.5232945172471979e-06
-1.973299981194998e-06
-2.029616596566086e-06
-2.0048732274902115e-06
-1.4250693398665248e-06
-1.8633531009282223e-06
-2.073604033647758e-06
-1.8330831735302588e-06
-2.105434603494327e-06
-2.0041111522539623e-06
-1.868272109961655e-06
-2.0894812965965848e-06
-1.692509507877915e-06
-1.8159704955889033e-06
-1.799531570256807e-06
-1.967970900351723e-06
-1.7690160804550992e-06
-1.749120012661809e-06
-1.588133711205586e-06
-2.1425419619025554e-06
-2.1519853193874283e-06
-1.7104809416079725e-06
-1.7333953863940543e-06
-1.5576081926482743e-06
-1.6665640644175639e-06
-2.1380500577206085e-06
-1.5529787154577868e-06
-1.7964541624282404e-06
-1.8116069733786766e-06
-1.636499474988451e-06
-1.994050074394238e-06
-1.5160258257096437e-06
-1.65641429072938e-06
-1.9033827359238309e-06
-1.9049439531904078e-06
-1.9817190335391643e-06
-1.725066439139944e-06
-1.7560992786602725e-06
-1.7627707146194993e-06
-1.747148461517245e-06
-1.593611757333413e-06
-1.5711293431253104e-06
-1.8085915932664065e-06
-1.6738367738522442e-06
-1.8044815068840592e-06
-1.8542756390349524e-06
-1.4602986113110283e-06
-1.6245911257928292e-06
-1.8896142138236094e-06
-1.989890570264219e-06
-1.7610692567004982e-06
-1.5694270487642825e-06
-1.4715955079513954e-06
-1.6351598349229057e-06
-1.6868988508278449e-06
-1.8804229592328525e-06
-1.8213573100278602e-06
-1.4206330350985397e-06
-1.6234452748231654e-06
-1.4014231043968373e-06
-1.846268084859659e-06
-1.4954176832393529e-06
-1.556177571582218e-06
-1.6928234009561116e-06
-1.773969760643368e-06
-1.4439485481188008e-06
-1.641699272081354e-06
-1.7860142246250987e-06
-1.6219754074286996e-06
-1.4166018747485687e-06
-1.7309843614032872e-06
-1.2561629468277324e-06
-1.5448525285122194e-06
-2.0649668733829785e-06
-1.6169097888374395e-06
-1.6560116499753086e-06
-1.7914606478264261e-06
-1.524391234575262e-06
-1.4733339674943835e-06
-1.4566077874977879e-06
-1.4884963341899038e-06
-1.7697064197408352e-06
-1.481359000854443e-06
-1.4732064458899963e-06
-1.7000515677989547e-06
-1.5603749211612339e-06
-1.2921641018848185e-06
-1.4001992680867659e-06
-1.436458711812083e-06
-1.4985421845081781e-06
-1.582519555398676e-06
-1.6103375737874792e-06
-1.237980343016254e-06
-1.47256761406922e-06
-1.5719462622132419e-06
-1.276391040860858e-06
-1.304701808202413e-06
-1.386285361670847e-06
-1.8723399145548214e-06
-1.8720060960264462e-06
-1.469323685054924e-06
-1.5851528430421702e-06
-1.5715075571964832e-06
-1.4067742122314542e-06
-1.5575617050012092e-06
-1.4198274085330809e-06
-1.5619408418876546e-06
-1.6768176111514599e-06
-1.3521171240982177e-06
-1.5953350123165677e-06
-1.4361274047192119e-06
-1.2334246878298316e-06
-1.1398157159780986e-06
-1.3241141173514492e-06
-1.6602653147845814e-06
-1.3137140112418066e-06
-1.60025858186863e-06
-1.623781434645366e-06
-1.5920787970191697e-06
-1.5543658632988233e-06
-1.5483097477453356e-06
-1.367890564984986e-06
-1.6377353085350599e-06
-1.3243448470645625e-06
-1.2632942560375504e-06
-1.5145899725510503e-06
-1.21412317927172e-06
-1.371657025295292e-06
-1.2627544153098746e-06
-1.3898313844240562e-06
-1.6321621724713076e-06
-1.4835809966085023e-06
-1.4656709274030177e-06
-1.5587659804583431e-06
-1.331772222668004e-06
-1.1653066634420561e-06
-1.3019017167659186e-06
-1.54543335412205e-06
-1.2051969951465402e-06
-1.686893549068813e-06
-1.439800865699059e-06
-1.205434504325531e-06
-1.1334117330230598e-06
-1.5387212038420195e-06
-1.4325398072778661e-06
-1.1213582018498869e-06
-1.2985809079713029e-06
-1.300983633711894e-06
-1.2720731968340893e-06
-1.3934099861168114e-06
-1.3251617824727724e-06
-1.1890350878340783e-06
-1.2137059072769851e-06
-1.226766928263956e-06
-1.4058657743509784e-06
-1.154020987492732e-06
-1.0735635377345787e-06
-1.2884563676540672e-06
-1.1920666589393392e-06
-1.1572679750604387e-06
-1.2902348283660992e-06
-1.3023997437189294e-06
-1.483177067107544e-06
-1.3243714246380378e-06
-1.2039771681848777e-06
-1.157790975203632e-06
-1.3055724838451077e-06
-1.094830834880156e-06
-1.2901847656343612e-06
-1.307951858264822e-06
-1.2434656144755252e-06
-1.2716197953510644e-06
-1.0681340049112364e-06
-1.1673932182598712e-06
-1.1246016105581624e-06
-1.2346693463727298e-06
-1.1491957361831062e-06
-1.308395510324356e-06
-1.0864024161949537e-06
-1.1312377947159113e-06
-1.1961956364325843e-06
-1.1260766962783997e-06
-1.1713196490514832e-06
-1.3026574774421817e-06
-1.145435137739348e-06
-9.999671527483045e-07
