-1.0025920000000001
-0.5975070752416838
-0.4580169488236856
-0.22989524377919143
-0.16177156419735547
-0.10267079911956167
-0.08894624123132072
-0.05270645038204447
-0.02819213030772877
-0.009056008198777776
-0.006602058623660645
-0.004290422053817078
-0.001936054534800058
-0.001221509641338936
-0.0022162889129345165
-0.0005668818699995359
-0.0003708020855015537
-0.00020439413518275051
-0.0002067297645834687
-0.00014327368403693752
-9.877576424149881e-05
-8.150397002143484e-05
-5.6088403169562984e-05
-3.261784745201002e-05
-2.550060442224611e-05
-2.116125563994542e-05
-7.5503637597673645e-06
-5.299935949165668e-06
-2.0227663129479545e-06
-3.1094040496282283e-06
-6.972336625832298e-07
