-1.0777771635180937
-0.5974778983389548
-0.34793066515741916
-0.30793826711765837
-0.20367799063969816
-0.15081608852643402
-0.06107947675865488
-0.04115895329399277
-0.01473046908211062
-0.017271921269022605
-0.006047953329030076
-0.004360891251934562
-0.004886853588129625
-0.0018572401868383048
-0.0013385598795148113
-0.0013758173169476917
-0.0013571755070753144
-0.0003360265167330345
-0.00032827148501302084
-0.00014343035438846297
-0.00013417312046010155
-9.417745028039715e-05
-6.446672532550712e-05
-5.117478914723472e-05
-2.7625034613898425e-05
-1.4357293834754703e-05
-3.437848413401223e-05
-8.650280032884705e-06
-8.452986588414202e-06
-5.023705529128009e-06
-4.102690631779815e-06
-2.75503703722757e-06
-3.948229015449112e-06
-1.9019053336677416e-06
-1.990352647029958e-06
-1.0899150005294622e-06
-6.889577818247616e-07
