-1.001713263848168
-0.5192648096202497
-0.47399383492742697
-0.36513398813044995
-0.34425488236014623
-0.31140884016159026
-0.28806894367109204
-0.2713535590226958
-0.2397265106745502
-0.21151949121232802
-0.2525310395406373
-0.20476861915113095
-0.23955445191442232
-0.2281475041513393
-0.18218139218343704
-0.1933678381674758
-0.1792316578109046
-0.1794621337507271
-0.15867079022098204
-0.1448196267066338
-0.12931110661900683
-0.17821273392310832
-0.07404649254101664
-0.09137176811281489
-0.07197069692832614
-0.06151437154703615
-0.0570561538207629
-0.05364106404574459
-0.05950406584161494
-0.055054049997664556
-0.0634982572590021
-0.046510322038041285
-0.04343239520314551
-0.03002820828468694
-0.04133990550860145
-0.05707794171013003
-0.04526473577964263
-0.04804878293091808
-0.04133229230889168
-0.033043496089204316
-0.03062267918913525
-0.02491262384687909
-0.024686035916329063
-0.020479530780186772
-0.025771140117732128
-0.020498119652768543
-0.02097839030459636
-0.019693018528464445
-0.02258917864580362
-0.024475834088165616
-0.022733441796474907
-0.0187690184857916
-0.01698085895451157
-0.018277954013494524
-0.015421564165896795
-0.01376158230470309
-0.015688713394318432
-0.012808022500271854
-0.013575805406287833
-0.014439832630199101
-0.013123002109431015
-0.012727466539427856
-0.01297628675433099
-0.01064838907789345
-0.010350678469870755
-0.016047593706314867
-0.011503992727093959
-0.014180192352988563
-0.014164203070300307
-0.011601118940371469
-0.01084995431375424
-0.010675304552754727
-0.011839378145732549
-0.011720822076459081
-0.009885964928032231
-0.014494612952284824
-0.01206580659582207
-0.013407642879090464
-0.011447031981568656
-0.011784621602525525
-0.01169661103213615
-0.010565211011862252
-0.011673463121515737
-0.014284760461974244
-0.010964143903534285
-0.013949805816937999
-0.010276775448080921
-0.011560555070403655
-0.009539006451274035
-0.01282320479849941
-0.01221212068654065
-0.009628164014472806
-0.009557603699832995
-0.011236799170897316
-0.009707301242568134
-0.01119586797254063
-0.010708972108154191
-0.013677099749553223
-0.010300118492735655
-0.010745553730939994
-0.012483900620712751
-0.010865784485853458
-0.009621042747783859
-0.00923026027528856
-0.00934735695287775
-0.009977656649314992
-0.01334391695382614
-0.010759328429186865
-0.009312712341610851
-0.010543722247984777
-0.011110378536602683
-0.010687228633774859
-0.010088808342238853
-0.009421612539763036
-0.011156138352621359
-0.01093986772101635
-0.010943777843272884
-0.009113813379681757
-0.012544794417476968
-0.009351951247566659
-0.009352291691159642
-0.008316500100642998
-0.008479490018837077
-0.009781889857921
-0.008082151302943874
-0.008977738215337983
-0.007312553838003888
-0.008458389997630655
-0.007721418967244709
-0.011054044188587409
-0.007349132124320645
-0.008172595886600686
-0.007823333088225637
-0.006248581783062923
-0.0077625176430629605
-0.007183866430177155
-0.007223621627292565
-0.006037362769126697
-0.005218335877378244
-0.005664997320208587
-0.006851775482965561
-0.006287812097430678
-0.005244636144849879
-0.005098248370329461
-0.0056596783067836
-0.004409665360614989
-0.005427599464626065
-0.005488438743168567
-0.004478279742344937
-0.004534125154857238
-0.004425581019502911
-0.0036866109025987526
-0.005188247502566412
-0.0035132329320414213
-0.0060221244016517295
-0.004235535232680554
-0.006390424187763255
-0.0038859771841102675
-0.00481533187220734
-0.004002276215934575
-0.006070729088847593
-0.0037747715402132176
-0.004392002299924869
-0.00426483665776789
-0.004045034201086317
-0.004170605745287159
-0.004234141450124018
-0.0031242978922638165
-0.0028940391182838976
-0.003464851506096933
-0.0031297851352364847
-0.0038158177330224197
-0.0036448591093632965
-0.0035623254072102983
-0.0035823601974216968
-0.0030417588560671116
-0.004086929987344168
-0.003447543976510259
-0.003734132759501241
-0.00385591917579442
-0.0033561484514958995
-0.0033374852393598387
-0.004137655843985233
-0.005193514303504565
-0.0032501400983149797
-0.0035247141085109623
-0.003378747228054313
-0.0032598354233914772
-0.003299124533358122
-0.004845275922996328
-0.003121902793001008
-0.004048525843399153
-0.002990913946717244
-0.0033535652094077717
-0.0035139131006985402
-0.004231041436839333
-0.003247018105250299
-0.003225818114135137
-0.0029431521929076943
-0.003063533716882616
-0.002447544677083746
-0.0027916767923610863
-0.0025834880409495997
-0.0030285350096240227
-0.0027474063574337015
-0.003228197986260839
-0.0024988149958465877
-0.003298140496526547
-0.0027736595720278534
-0.003172625315396138
-0.0031571820632959047
-0.0025322200418579355
-0.0029105958129299614
-0.0038884237586760406
-0.004011797131095951
-0.0027437176065996938
-0.0028071374485477696
-0.0022541583504078755
-0.0024808553726831106
-0.0029767753589191592
-0.0024954693240559767
-0.0026585877481903886
-0.0026897940764779027
-0.002336804041509266
-0.0022159937878152847
-0.0021880453574235625
-0.001985742719132211
-0.002242388408635443
-0.0023759499689121055
-0.0023987577137336014
-0.0022076312866897707
-0.0026435129920751033
-0.002138205345975197
-0.00218228748704552
-0.0017943175079049856
-0.002181540498011114
-0.002008478778196543
-0.0019908656617603215
-0.0020410321130356346
-0.0019815628164388532
-0.0019130144085623968
-0.0023722483692222296
-0.0018867129552906925
-0.0027679850695506714
-0.0024798016221494468
-0.0023495424056579894
-0.0021918409890845925
-0.002004750258932597
-0.002492435763308598
-0.00218475982216515
-0.0020108154667264344
-0.0023732289805310502
-0.0020581711665340063
-0.0018605404847267248
-0.0022945758144446993
-0.0022558262835611353
-0.0020197491719137206
-0.0021745769757047784
-0.0024330121393111304
-0.002037259263088953
-0.0018954352774423477
-0.002261973542565854
-0.0018716583017785449
-0.003162742419002218
-0.0022542276816140405
-0.0026910368058898904
-0.0022570218558284894
-0.0021328954827565805
-0.0021010978126865254
-0.0019562221262999224
-0.0019290432097529009
-0.0016507597347197311
-0.002517211188100943
-0.0021607337363415136
-0.0018846618409731897
-0.0017695761589698877
-0.002044263365037602
-0.0018717136006074497
-0.0022537336024920918
-0.0021347914107941457
-0.0021572700462366146
-0.0018978336799957973
-0.0017277653544403027
-0.0019163575565209756
-0.001943712221132099
-0.0020567217734902554
-0.001625393075686432
-0.0024545664103992615
-0.0021700117646068495
-0.002266787520244784
-0.0020233153231497547
-0.0018825622081630744
-0.001674382575419353
-0.001893561120669851
-0.0018967797457956626
-0.001998239779944899
-0.0022408678129343107
-0.0016803126771375299
-0.0015493786997842762
-0.0015382739272490897
-0.0015562334229801689
-0.0017553481835297924
-0.0014799698799203842
-0.0014902480989128497
-0.001772695498864163
-0.0015976080289727967
-0.0017492126783766326
-0.0017487142499945652
-0.0019811293974776323
-0.0016863282384927958
-0.0015108867556177796
-0.0017329510501591927
-0.0014948418916672646
-0.0015745723110637266
-0.001569868040805611
-0.001691706535541182
-0.001527433364561237
-0.001567441501718947
-0.001559702353155723
-0.0018992380165589462
-0.0019734783006606915
-0.001846976704465264
-0.0016744682054499194
-0.0019074068311272785
-0.0015422075063202811
-0.001644078891152645
-0.0015317415369868748
-0.001506483392888447
-0.0014415834357166535
-0.0014390603773436483
-0.0017100043034743995
-0.0016766019123433673
-0.0014277501526810954
-0.001609707619745604
-0.0017255951609921882
-0.001453659887111658
-0.0013729590518783419
-0.001613959294812839
-0.0014999661848797419
-0.001306178288938642
-0.001343280310934447
-0.0013141511161578467
-0.0014245809820163657
-0.0013468300158924196
-0.001132973047378305
-0.0015654735660558527
-0.0014528643486309556
-0.0014227669464946247
-0.0014190812452402057
-0.0015827729807546542
-0.0016515047004591055
-0.0013875427672806473
-0.0016394696752559113
-0.0013076238039921306
-0.0011300065560490569
-0.001166413255670129
-0.0015824874113296028
-0.0017412016554456677
-0.0013920945017145137
-0.0014200816135774286
-0.001282430614179042
-0.0012026440325247911
-0.0013751445420168706
-0.001222477612426054
-0.0011818283826613984
-0.0011344842441555758
-0.0012759712739522366
-0.0015305140402195883
-0.001333195767645623
-0.0011587828104377973
-0.0011072659760912318
-0.0014350895186697188
-0.0010310693876272592
-0.0015470711115036506
-0.00126700047815137
-0.0011257943578887875
-0.001370081237260623
-0.0013233226174150237
-0.0012290382580598114
-0.0012838616762384514
-0.001794953750520134
-0.0011546345920996348
-0.0011718233023662594
-0.0012709717986607028
-0.001110404700753631
-0.0011147519045622278
-0.0010069741111135566
-0.0009941674374814857
-0.0009189719664239315
-0.001069174581609711
-0.0010404352171296538
-0.001067580392517975
-0.0009891680112775747
-0.001039410387255968
-0.0010566060514880515
-0.000996842804311393
-0.0009084033152102489
-0.0011210556975914665
-0.0008377315488780068
-0.001271151456794517
-0.0009797787295511284
-0.0011945900936335963
-0.001295302198697057
-0.0010919840010585324
-0.0010603903903526612
-0.0009573168802092247
-0.0011182671971039504
-0.0012005192450045832
-0.001137529401555426
-0.0009187121054111125
-0.0012146254293156633
-0.0009536546574497873
-0.0009285296426710943
-0.001422312603390874
-0.0011421013984347916
-0.0013491736849719493
-0.0010311623425071081
-0.001393234855205594
-0.0013947615853047157
-0.00128437035702611
-0.0010586506103661408
-0.0009930184376803486
-0.0011131754129944937
-0.0008161678739821987
-0.0009712805722044693
-0.001145857178980858
-0.0009036513063567231
-0.0011003089275381517
-0.0011778812887408563
-0.0010646402513405095
-0.0009607370607735977
-0.0011911904814108643
-0.0009241189152665585
-0.0011123658017719862
-0.0009979784272509118
-0.0010284292877644208
-0.0009899955678019379
-0.0008959920950583067
-0.001077578698377768
-0.0009633629761952589
-0.0010313204843585555
-0.0008788367541955333
-0.0008761135973069378
-0.0008572695076540793
-0.0010045561523871482
-0.0009674316424582718
-0.0008693297987500959
-0.0008203220587650328
-0.0008303175219155912
-0.0008479465302226319
-0.0008557481673809875
-0.0008113001949834331
-0.0010003640248030243
-0.0007773218036313811
-0.0007817410703255256
-0.000813371213511882
-0.0009437878809608891
-0.0009414106968334557
-0.000908427612519247
-0.0008822912197769539
-0.0008879131118232353
-0.0009605174913838721
-0.0010122481041509035
-0.0007935911881118973
-0.0008142162986212176
-0.0006997869737380702
-0.0008200520726285299
-0.0008543232609767859
-0.0007904063247967108
-0.0007777793822433265
-0.0007725353107085331
-0.0006914512277759188
-0.0009711558315872448
-0.0008451881515706972
-0.0009553113095537302
-0.0008737601532237127
-0.0008750526111703794
-0.0009566154796443183
-0.0009375168197856554
-0.0008184857178359928
-0.0008049661377759754
-0.0008353123208854063
-0.0008177780804058954
-0.0009390060057143934
-0.0010677003427501108
-0.0010378421052791298
-0.0008374426380695077
-0.001049965222146454
-0.0008963740179564472
-0.0009097941589647496
-0.0008251931658117551
-0.0009170767530471968
-0.0008652582674867904
-0.0009775344075729775
-0.0009047198753694419
-0.0007824624854347317
-0.0008010121983544893
-0.0009433297499640281
-0.0007375789335014593
-0.0008440781636993022
-0.0009157229363304098
-0.0008100125144594461
-0.001048843395108523
-0.0007755151597650944
-0.0007843536347522662
-0.0009156944525932076
-0.0007148116723735831
-0.0007429247223992852
-0.0006272844562730251
-0.0007717784884960777
-0.0008658641686689061
-0.0007987308169655205
-0.0008650799608416748
-0.0007531672052659699
-0.0006614476798308955
-0.0007807787305394442
-0.0008776082736598467
-0.0007070334157477376
-0.0006599227940525809
-0.0006541056601061523
-0.0007304669383659257
-0.0007096212457483042
-0.0006370848799815421
-0.000605294529533229
-0.0008093630406869057
-0.0005984070005730646
-0.0007157971740235358
-0.0009600967307811792
-0.000835000313204326
-0.0007441943508604276
-0.0006903360276854231
-0.0007410527004177436
-0.0007043054851285091
-0.0007395257024042645
-0.0008420342791231605
-0.0008445625956754466
-0.0006928496443305843
-0.0007335442386227076
-0.0006949732747262294
-0.0007563043858364593
-0.0005959562077203495
-0.0006684746560792765
-0.0006499739043759334
-0.0006417158334028894
-0.0008082401493127445
-0.0006661433400888539
-0.0006509628002883683
-0.0007562593255906469
-0.000605534290422094
-0.0005943266264272218
-0.0006321278982395206
-0.0006198927323484149
-0.0006131812920541213
-0.0006196736968705485
-0.000715837822405696
-0.000633356140990915
-0.0006511606687326643
-0.0007194506385904131
-0.0006636269123935779
-0.0008626638392396635
-0.0006610307484628541
-0.0005160166723675585
-0.0006206096468529543
-0.0005436965590102094
-0.0008534450153895867
-0.0006550512807436681
-0.0006058760578416811
-0.0006247797311337844
-0.000748523720806693
-0.0006410755711612204
-0.0006296756740450937
-0.000698117848795532
-0.0005692905760201761
-0.0005954213928383578
-0.0005157998019552079
-0.0008061247314501974
-0.0006603481754035023
-0.0007053085743604082
-0.0006001341883693501
-0.0006307983278101559
-0.0006387213645068779
-0.0004735054204912381
-0.0005508672558093286
-0.0006648353907732218
-0.0006223904383588774
-0.0005227962159258248
-0.0006407549781735633
-0.0006460859338223712
-0.0005339818222014903
-0.0005848644131987157
-0.0005461222034853219
-0.0007001756457650776
-0.0006723993012756058
-0.0005253896905312305
-0.0007280416859067884
-0.0006809299866707974
-0.0006044512677152447
-0.0006227437493094845
-0.0005517862313799138
-0.0005241073005303187
-0.0005517907457298077
-0.0005298811752310617
-0.0004371935792474857
-0.0005051762513768598
-0.0006712610488662785
-0.0006629980100454347
-0.0007223666706595022
-0.0006217423015085766
-0.0006214088415045227
-0.0005366527811300759
-0.0005518474513921956
-0.0005510054737198344
-0.0005502942037655667
-0.00044810445652226916
-0.0005111680560221932
-0.0005787314730318349
-0.0005592385603214733
-0.000588132512515438
-0.0005035544083101806
-0.0005455450540737816
-0.00053251098619439
-0.0005088982067442682
-0.00047437512946257865
-0.0005256545174135985
-0.0004469679712109098
-0.0005831538421515181
-0.0005497683220677119
-0.0005169909985012766
-0.0005935352483928402
-0.0006478454724407889
-0.0005885700500126712
-0.0005218751335574479
-0.00042297700835502994
-0.00047045533589246125
-0.0005449645176184847
-0.00047069374026542654
-0.00045527206448287005
-0.0004778759339499339
-0.0005314546656163821
-0.0006420895447865616
-0.0004792848097120439
-0.0004832421454558644
-0.0006150791389817334
-0.0005336066221371394
-0.0005488069790879346
-0.0004814907987105155
-0.0005377216073207958
-0.0006135259985894925
-0.00047203396264278163
-0.0005173306371888398
-0.0005011191762936407
-0.00046261791568524835
-0.0004998264805878283
-0.0007774071056483312
-0.0006133248545362457
-0.000580750459475643
-0.0005163123628900146
-0.00039279619557403
-0.0005907635756310925
-0.0004904551421184289
-0.0005564269263855226
-0.00046865139898266683
-0.0005326064695614363
-0.0004249342042818016
-0.0005058607882447719
-0.0005330429320972718
-0.0005263379989676742
-0.0005086495557906634
-0.000509293260347099
-0.0005840520301641505
-0.0004963681458024505
-0.00040847925552284226
-0.0005252644588827349
-0.0004961852372281084
-0.0004944348715152369
-0.0005143131686030644
-0.0004898723938038252
-0.000415330925718993
-0.0004429624943779742
-0.0005446405089570838
-0.00046430790973833735
-0.0004875955447967151
-0.0004561592195937991
-0.00045888469178734237
-0.0004509676838059806
-0.0005971942924229423
-0.00042445912722255397
-0.0005896996815794586
-0.00047542848423770545
-0.0004751710095516337
-0.0004797372184937587
-0.000480296261246016
-0.00041319585948901283
-0.0004981641580932838
-0.0003941890562524919
-0.0004805977563163144
-0.0004342025851880593
-0.0005417828451830808
-0.00046984045857401124
-0.0004378959813156613
-0.0004246927271875367
-0.0005734802348845713
-0.0004310674561169292
-0.0005666313856008687
-0.0004056592924115976
-0.0005224263292165632
-0.00045303353054221285
-0.0004549652951345018
-0.0005505980584654679
-0.0004986127426523379
-0.00047765717706466093
-0.00038035423896026765
-0.0004019288325043946
-0.0004286965788543595
-0.00047128619282077455
-0.0003845354330777595
-0.00047649039210617694
-0.0003582590349627268
-0.00043426696827469913
-0.00040363932928599855
-0.0004099269220668167
-0.0004401485712542397
-0.0004598961071087815
-0.000451544466802678
-0.0003611971936074432
-0.0003993858587849064
-0.00040594607536564853
-0.00043327775603202445
-0.00041199732982805104
-0.0004500342286859471
-0.00044628139722391325
-0.0003706597397344358
-0.0003460407955452327
-0.0003527786141353517
-0.0004655427639786436
-0.0004192942891024787
-0.00041344872568266355
-0.0003908484785901112
-0.00034051223624953497
-0.0003865728534763746
-0.0004026982634256493
-0.000394993508836039
-0.00035613951128982135
-0.00043726269134486406
-0.0003708558005837692
-0.00040542032794499416
-0.00039798974490196093
-0.0003713040724665495
-0.00037321411419127815
-0.00030269340896749153
-0.0003688047222874524
-0.0003789641897782303
-0.00043958694671264453
-0.0005154966814127637
-0.000410371651163588
-0.00042202024900561685
-0.00041402317482019946
-0.0004263763472156512
-0.00036780713388734343
-0.0003834871163461151
-0.00038173615533765304
-0.0004094820474648819
-0.00036362322121774593
-0.00036342690808816025
-0.0003708512162199362
-0.0003166938997807289
-0.00043438541865192803
-0.0003104424626707014
-0.00033965966825011407
-0.0003430790908703907
-0.00043564530235162824
-0.00042623517959250456
-0.00039437265391073506
-0.00045213305502195267
-0.00038233766227779853
-0.0004068102363492532
-0.00039546418787683724
-0.0003535852005558393
-0.00037583845562777496
-0.00040612654481730903
-0.0003677650941167343
-0.0003359504804917868
-0.0002914380785835058
-0.00037940295557448156
-0.00042508166560578653
-0.000411691910810974
-0.0004298237976814723
-0.00036423331083335064
-0.00030165252774755347
-0.000329747437014527
-0.0004192724226422251
-0.00039427640455957924
-0.0004402129173811664
-0.0003460375095762913
-0.00036307146588354655
-0.00035089300380369837
-0.0003923330485957055
-0.0004595119250911939
-0.00044761903029660877
-0.0003626263156204512
-0.00040152930962783495
-0.000368139837836734
-0.0003726476062790862
-0.000322939425384694
-0.00032660952801455423
-0.000331219641502678
-0.00035525873292169274
-0.0003150207673123795
-0.0004141447255111008
-0.0003624977124208062
-0.00037916541219013
-0.0003452887535111415
-0.00036945098579493907
-0.00035946475540904466
-0.0003444120717132626
-0.00041211451628381246
-0.00033427949865233453
-0.00039570032490315876
-0.00045188633087273056
-0.0003270010813344326
-0.00034288224749379204
-0.00034664383867805126
-0.0003165267014640927
-0.0003428356780418307
-0.0003672059115309434
-0.0003470731142573569
-0.00032001991219260395
-0.00032288400205349177
-0.0003718273774911962
-0.00033908876179289393
-0.0003413824236697671
-0.00031139150953735095
-0.0002914384346549559
-0.0002797397028386217
-0.0002895756072196498
-0.0002704990168869714
-0.00042915631219236916
-0.0003712496755417516
-0.0004140614717089153
-0.00034426327768372067
-0.0003631929894131747
-0.0003945301353415198
-0.00038112103724852187
-0.00032218545571954804
-0.00036068696306101877
-0.0003704757876530351
-0.00031706311177337465
-0.00029506392091555034
-0.0003700652309734376
-0.0003286685854543836
-0.0003517039403068134
-0.00032014261582613557
-0.0003791262711895782
-0.00030980939169933386
-0.0002925932976997614
-0.0003264083566992815
-0.0003128025412693636
-0.00042880582568061154
-0.00035344405932213885
-0.0003573854537723409
-0.0002903424557391121
-0.00033963933129949053
-0.0003147304076347446
-0.00030336130024655183
-0.00028581960551593566
-0.0002316758852754508
-0.0003507996623488552
-0.0003099929161670678
-0.00037548005548471153
-0.000312237053289699
-0.00036472100844453514
-0.00034277471811561266
-0.00030314502629635864
-0.00030910036715486866
-0.0002845945007739492
-0.00036105316885515215
-0.00034328453214715893
-0.00038164070658519567
-0.0003819059274840497
-0.0003334564870570711
-0.00033822843978970063
-0.0003341478770835793
-0.00030239132186182793
-0.00028414265744686196
-0.0002952336062500005
-0.00030132973440860633
-0.00033386040356880864
-0.00028401662224858404
-0.00036194733707300975
-0.0002879552202348923
-0.0002883894499208228
-0.00033481277300267953
-0.00030961802022849705
-0.00031027207969086534
-0.0002639565155245216
-0.00032526002962363076
-0.0002966487358027625
-0.00026835185802581707
-0.0003015804989204285
-0.0002495075288460047
-0.00025802001860347756
-0.00027148182117414654
-0.00038076525740543543
-0.0002923538582761953
-0.00027906718718501144
-0.0002948868508058089
-0.00028838323338375993
-0.00025104324724378735
-0.0002653198079411445
-0.00034105770564946125
-0.0003348132573529061
-0.00030070421743216835
-0.00025979683145643806
-0.0002868815839965344
-0.0002820197376909306
-0.0002603643944391054
-0.0003232694392931168
-0.0003052621288959223
-0.00024581256946587526
-0.00030604886449114854
-0.00028336637492731853
-0.000329319590535615
-0.0002929111158850306
-0.0002471613763422864
-0.0002835087965953331
-0.0002872855837132704
-0.00031815464229784096
-0.0002573627402754908
-0.00027145468276335016
-0.0002707916544513189
-0.00025972273390423295
-0.0003334057674828639
-0.0002942170881419792
-0.0002871320294847157
-0.00024001234492143642
-0.0002728664393053526
-0.0002824294561629692
-0.0002396853474878058
-0.0002890437196566009
-0.00026414419969789105
-0.0002627570748215402
-0.0002574755468119916
-0.0002467536051427577
-0.0002535083353110701
-0.0003175668228320716
-0.0003233600451786889
-0.00034037245832735374
-0.0002850473552275523
-0.00026193047140010695
-0.00029770067934870026
-0.00033114857678595566
-0.00027437302131594343
-0.0002590214560888038
-0.0003158677550027522
-0.00029419767600286084
-0.00031921224376124657
-0.0002915136339588509
-0.00026971655452662224
-0.0003206214437542765
-0.0002838315793876611
-0.00034862239742200485
-0.00027329503983786196
-0.00031936933587350946
-0.0002784643170422041
-0.000240903078717436
-0.0002555760624847747
-0.00028634119150960924
-0.0003138846513740523
-0.00039174397927244087
-0.00024051626469207
-0.00023281054683332858
-0.00022280592929979637
-0.00031919511132560974
-0.0002487893841124911
-0.00029795574318819407
-0.00023784589736863815
-0.00030337251171558277
-0.00026093575304569905
-0.00027641159053309883
-0.00029731063777449496
-0.0002568317421833277
-0.0003214400877175616
-0.0002586142031436034
-0.0002450968529898456
-0.0002624174144439384
-0.000230960673331837
-0.0002674570560247669
-0.00027755827958431123
-0.00026852732507998134
-0.0003298546536494862
-0.00028690091027538944
-0.00028949162812252904
-0.0002935632777631425
-0.0002873121430140846
-0.0002699106543175289
-0.0002688396308094254
-0.00025759555845905613
-0.00031627895168745424
-0.00025710795178707224
-0.00027230069371103616
-0.00024526903522414933
-0.0002392408301389315
-0.0002512640773791319
-0.0002560955504952722
-0.0002128070505386659
-0.00024217936915382765
-0.00024445043504084385
-0.00021684372824642972
-0.00020799256121251108
-0.00020294655615071822
-0.00023607853753288
-0.0002691234869476866
-0.00023379911411458565
-0.00025355312253105833
-0.00021989507803904518
-0.00021347419144290836
-0.00024648893311096653
-0.00023199581587135532
-0.00024108921483284584
-0.00026087427053161916
-0.0002250433277611874
-0.00018981367265413773
-0.00018769937586182728
-0.0002254882803874314
-0.00024314024628663278
-0.0002055328935080536
-0.00020021134549058628
-0.00019231803523961366
-0.0002472352362810071
-0.0002871161223794716
-0.00024277991108379027
-0.0002221986985100899
-0.0002606507853611939
-0.00021682386916949126
-0.00022513127551970769
-0.00018920023919960505
-0.00021656648680518087
-0.0001847243121045894
-0.0002690883358372198
-0.00027850028746628785
-0.00028312757789694665
-0.00027888161104738796
-0.0002607902062608525
-0.0002303804308568247
-0.00022096612421729223
-0.00021468233937116388
-0.00022459118587236926
-0.00021211719829827835
-0.00021752616071918363
-0.00024742627723345345
-0.00019344623121930749
-0.00025806752221757545
-0.00022007726204426037
-0.0002361171643837645
-0.00023111508455214702
-0.0002184040149900146
-0.00020350567031252043
-0.00018109653263143066
-0.0002240633620322896
-0.0002240467879011665
-0.00020230074332161507
-0.00020438547938944618
-0.00019335802866571328
-0.00020744679082990158
-0.00019281146522609482
-0.00016546304589065697
-0.0001910658806881793
-0.00020315887652111453
-0.00021894779308551104
-0.0002394312351970962
-0.00020119070510482562
-0.00024436132728195004
-0.00017027278521347666
-0.00019216623141560252
-0.00023916072835794555
-0.0002068582612800851
-0.00018420423174014822
-0.00020869011985552577
-0.0001938740696108554
-0.00018611511396432467
-0.000258357933577924
-0.00021939550851790557
-0.00025694673657467026
-0.00025857649333510535
-0.00020361912537048
-0.000264179543043086
-0.00021811423878098646
-0.00024601539151952734
-0.00020810691559358663
-0.00023800337747498235
-0.0002494648643643349
-0.00022965894929960484
-0.00020591199735403576
-0.00023787789636925405
-0.00018788500873428982
-0.00018859146567123952
-0.0002241969241161268
-0.00023692657032836628
-0.00022127616197181732
-0.00020649104555392483
-0.00016902931417794864
-0.00017764016360405366
-0.00019348282489323188
-0.0001907317247689111
-0.00019012206893664896
-0.00022613446540825644
-0.00015850296249464435
-0.00019007359241790533
-0.00021911891574732945
-0.00019356748220594744
-0.00017348400687916543
-0.00019308411309548745
-0.000225166507806851
-0.00023058282483517933
-0.00020765180556342466
-0.0001691771153776167
-0.0001928277984413751
-0.00018383491382573114
-0.00021569693484252417
-0.00017920074347776982
-0.0002280549771463969
-0.0002261394702640085
-0.00021512029593068194
-0.0001940912308215359
-0.00019694922238699952
-0.00019957047880120315
-0.00019230560317301526
-0.0002079702776785486
-0.00017703778890815203
-0.00019838629939711305
-0.0001946034296029242
-0.0001646853973764073
-0.0001556766571615964
-0.00019811951729353794
-0.00018872534389502427
-0.0002371352766602497
-0.00018405370249835462
-0.00021090122607198003
-0.00016697851752744963
-0.0001988000316553995
-0.000196473986317669
-0.00019042916131678522
-0.0001944128776162346
-0.00021384148872882758
-0.00017357994212152672
-0.00015835038398887002
-0.0001931842076350332
-0.00017306292373558962
-0.00021596981427796091
-0.00019032413437825024
-0.00017887071769095986
-0.00016962519925994846
-0.0002264191784323577
-0.00016738222207396403
-0.0001658339431661604
-0.00019131043672482306
-0.00015828099642478666
-0.0001819582984085577
-0.00021270829802005897
-0.00020011428626887096
-0.00017179876874023892
-0.0001833906823305309
-0.00016477947842075125
-0.00017604643706720102
-0.00015198467315769015
-0.00020117021945714741
-0.0001771058436070283
-0.00018174995672465277
-0.00015839076241197514
-0.00018392755369139868
-0.00015689731941109786
-0.00019449129294502043
-0.0001803630019882041
-0.000200856225848145
-0.00020960873232617194
-0.00017910837653678513
-0.00016192058736386183
-0.00016016562445481108
-0.00018190671554124682
-0.00018551334557209698
-0.00017689365207262941
-0.00014898082355557785
-0.0001886170066739412
-0.00017098528388154177
-0.00017669669497294427
-0.00018822013092839596
-0.00015774492763337422
-0.00016885420021078845
-0.00014917818969578667
-0.00015678988310746655
-0.0001323311406917771
-0.0002075414572664247
-0.00017934484238046888
-0.0001565725543519192
-0.00015932761545978114
-0.00014924568103469316
-0.00017594817187804868
-0.00020369302352313268
-0.00016296986569203087
-0.00018521717853137165
-0.00015010754029892714
-0.00018417729329284205
-0.00018752436175523135
-0.00019802585471317968
-0.00016211418672412714
-0.00015389749336253145
-0.0001714351569017114
-0.00017239292845755427
-0.00013111864755904756
-0.0001998474061173372
-0.00017030635121922932
-0.00016626925337548393
-0.0001716677878438322
-0.00014261570217061204
-0.00015359669182468672
-0.0001576539160825785
-0.00016930093298006543
-0.00013846006354623075
-0.00017332296850436357
-0.00014750384871725641
-0.00019375287596012924
-0.00017393160197254343
-0.00017246317392072275
-0.00016262072689010587
-0.00014944823911156035
-0.00018848226688433778
-0.00018191631845670964
-0.00020342183161681238
-0.0001770101615203301
-0.00016565809390262087
-0.0001955984880870898
-0.00015413872747410684
-0.00018607657032460034
-0.00015986664902373215
-0.00016722984848549505
-0.0001718878981618044
-0.00016264396343140808
-0.00016463453152115726
-0.00017830471425173133
-0.00016878095936734283
-0.00016486083591776834
-0.0001410042695396685
-0.00014164718325887504
-0.0001342971473489163
-0.0001452643851714841
-0.00017401567037023113
-0.00015334382828757764
-0.00014765132077865228
-0.00013431924364615266
-0.000162433872046841
-0.0001480931334156277
-0.00017455261284832213
-0.00016070820158897714
-0.00016215992547813363
-0.0001782337871502615
-0.0001481835207455262
-0.0001785213040244038
-0.00015413686841725394
-0.00015792509561107781
-0.0001404383586242619
-0.00016223120791963863
-0.00019192926710642766
-0.0001412107426944642
-0.00015430008227640402
-0.0001936624530197717
-0.00016432332618648848
-0.00016026401678831403
-0.00017541910970314545
-0.00015785740394003156
-0.0001313607038461173
-0.00013529735473510884
-0.00018210327090045775
-0.00017613644882857882
-0.00014354384169407153
-0.00016554352237785341
-0.00014283826752470308
-0.00015473685559458383
-0.00018479894702722044
-0.00014090346370199125
-0.00014736736014459018
-0.00014264724779072813
-0.00013245446215914836
-0.0001300556941378761
-0.00013125604214808684
-0.00013047977083768814
-0.00015125087841283413
-0.0001397998132172673
-0.00019271512784774236
-0.00017442423155544784
-0.00019189983755285578
-0.00016543072298197403
-0.00017253217789114927
-0.00015880080346208914
-0.00015119732187296453
-0.000175204554557995
-0.0001616871325840208
-0.00013626084397605487
-0.00018392124466221071
-0.00013899433879444034
-0.00016923371164834222
-0.00016530073027648529
-0.00018909938081401734
-0.000174188078329085
-0.00016727574359692854
-0.00020048560200791599
-0.00014742893477459607
-0.00016779174580555667
-0.00017920858513176263
-0.0001688980337161694
-0.00017161818466915335
-0.00014811769830602728
-0.0001716324012877024
-0.0001768926673228477
-0.0001560553127860076
-0.0001999736163345034
-0.00013992599917789228
-0.00014665164760435667
-0.00016338244267638524
-0.00016344780271199122
-0.00013718962242859067
-0.00015247123739348112
-0.00016544563125797662
-0.00015597047012660958
-0.00014419505911361652
-0.0001239834439730192
-0.0001469372773587052
-0.00012720727367271367
-0.00012289980221080743
-0.0001165173223166005
-0.00013287444156073747
-0.00013223631109177125
-0.00012219407358482481
-0.00011119269260573272
-0.00013890146398648495
-0.00012344177096029751
-0.0001391397323102228
-0.00013004491389889683
-0.000153791542006676
-0.00012518989722160034
-0.00015007605757716425
-0.00017378729148620486
-0.00011382442090246414
-0.00012840827189231074
-0.00014869240962755992
-0.0001201295458874152
-0.0001474225023017639
-0.00011749994896514959
-0.00013982028965181525
-0.00010262911675229525
-0.00012876228262337364
-0.00011418491180409385
-0.0001388349027366398
-0.00014051599160613826
-0.00013328190828648667
-0.0001560719282353018
-0.00012110204630499943
-0.00011479618488646759
-0.0001113822678338039
-0.00011693287950986786
-0.00013125777705108588
-0.0001284076798849787
-0.00013519859130567413
-0.0001370226883073422
-0.000126760283988947
-0.00011852405287238188
-0.0001459646923262503
-0.00011110677201908725
-0.00012111208309123489
-0.0001308302907662151
-0.0001076976593623602
-0.00014161345664431835
-0.00014589853889140914
-0.00013369282596376042
-0.00012625748328726205
-0.0001242394907572386
-0.00013637065378835356
-0.000125431658900943
-0.00013367335534547609
-0.0001280559585692953
-0.00012036150572936055
-0.00014121734248168094
-0.0001314889301639588
-0.00012954364674760965
-0.00011629870881335602
-0.00012864000345264026
-0.00011921214006338499
-0.00010938334102250646
-0.00013682270377068928
-0.00012257111010216537
-0.00011028435416554627
-0.0001045046759398649
-0.00014676386537343378
-0.0001428846725406996
-0.0001478581963458292
-0.00013125159094951044
-0.00017436347135030283
-0.00011854061016852713
-0.000141184596960775
-0.00015304180766639863
-0.00012625920438785743
-0.00012404798121695704
-0.00011044037003038465
-0.0001209304391081023
-0.00012437476203547293
-0.00013028534876630138
-0.00012393769379959174
-0.0001274956194993737
-0.00012527319799815473
-0.00012221609924978338
-0.00011316323965165909
-0.00011912631058474954
-0.00011575871573277219
-9.715201831062004e-05
-0.00010515159320545475
-0.00011025461173452822
-0.00010446578531464468
-0.00010874707502794845
-0.00011232906025920864
-0.00011953990979685081
-0.00010081548956314412
-0.0001225604475770803
-0.00010081245944765227
-0.00010973299668060044
-0.00010498011055271039
-0.0001158598973432512
-0.00013830496801764403
-0.00012447019020395134
-0.00011343382157985582
-0.00013959376931360623
-0.00012427366724282463
-0.00012775676201903785
-0.00011464382187748035
-0.0001154333838596644
-0.00010707893506428645
-0.00014570017860321416
-0.0001128733007564886
-0.00012745921127993443
-0.00010447635425364643
-0.00010481434456871552
-0.00015528454951851955
-0.0001293068786011875
-0.0001386807410845292
-0.00012527229656733585
-0.00013373771483093932
-0.00011012853856157134
-0.000120478234368393
-0.00011035548640853099
-9.977492658447273e-05
-0.00014412161134708112
-0.00014078268276390693
-0.00011345630470616097
-0.00011460259825540886
-0.00012175028187860759
-0.00012367380771238778
-0.00012693818857867356
-0.0001079226866029237
-0.00012755727102664594
-0.00013258211629602057
-9.709339730051836e-05
-0.00013346372258737915
-0.00011777702140519652
-0.00010280704315707156
-0.00011328776641877925
-0.00010922745591246397
-0.00013400282359293803
-0.000120586601061623
-0.00012090375019085942
-0.0001482513652193429
-0.00011227879372510685
-0.0001226927108743392
-0.00011237106179878831
-0.00013928150108777348
-0.00017078926299191055
-0.00011799278497659493
-0.00013813505186072161
-0.00013997575432594944
-0.00015945471503681086
-0.00014544123667753484
-0.00011730266661363897
-0.00011516208046713494
-9.71464338371808e-05
-0.0001382714605711599
-0.0001103042376675023
-0.0001311457296874763
-0.00012313443862571605
-0.00012529248548220906
-0.00014455444845490328
-0.00012297747444245388
-0.00010698566652811436
-0.0001278390614056213
-0.000136442715806262
-0.00012550658548005078
-0.00012271588469608963
-0.00012249880702686067
-9.992939469433137e-05
-0.00010719911432865992
-0.00011311019036513992
-0.00010970866155063375
-0.00012602256080362917
-0.00014748034022182832
-0.00012933316311763976
-0.00013208517917645546
-0.00010537187447867691
-0.0001271455411421818
-0.0001244367328915308
-9.80954740724127e-05
-0.00012384295198636375
-0.00014376221090439678
-0.0001131053921998304
-0.00015258320577404838
-0.00011470978638761231
-0.00011088596855801658
-0.00011440831103853855
-0.0001057560168775673
-0.00010160165873479565
-0.00011294629988628513
-0.00011842736808542753
-9.882169876118674e-05
-0.00010215112326106279
-0.00010720228417454569
-0.00011373029073336038
-0.0001200151995246479
-0.00010172582490980409
-9.194127255318651e-05
-0.00010021433574036731
-0.00010766450683591389
-0.00011300837247224527
-9.794635557236475e-05
-9.454288972504665e-05
-9.703003348848771e-05
-0.00010452202492516882
-0.00010501293850262439
-0.00010671843630022382
-9.553584906452084e-05
-9.808309751557776e-05
-9.670883582718615e-05
-8.40670662148324e-05
-8.644129575202664e-05
-9.619483453515709e-05
-0.00010443421087402704
-0.00013063379020633592
-0.00010377056842220123
-0.00010262980707392844
-0.00010638127591788837
-0.00012188310774235989
-0.00012918667996281163
-0.00012455955538415164
-9.768995946007886e-05
-0.00011465475871585973
-9.770317088425573e-05
-0.00011078799254055083
-9.519155286008552e-05
-0.00011506261813437613
-0.00011170064449778083
-0.00010048759728970014
-9.77435450897346e-05
-9.485189198721322e-05
-9.885651990787503e-05
-9.380505523481908e-05
-0.00011235486719318732
-0.00011005490192600442
-9.894462893378364e-05
-0.00010937916795855651
-9.286983925649306e-05
-0.00010689820365650249
-0.00010898715573831597
-0.00010249456844363403
-0.00011521802468467124
-8.715703683648268e-05
-0.00010243661063502607
-9.790510636314975e-05
-8.83289929426434e-05
-8.574202923128382e-05
-9.605879464763545e-05
-9.342570837272968e-05
-0.00010783235803790703
-9.461655705483851e-05
-0.00014199150181254394
-0.00010477354016413809
-0.00010369084088529545
-9.085072522235782e-05
-9.95294270083602e-05
-0.00010358885426570152
-0.0001277646122712639
-0.00011153204318037346
-0.00010617242213190048
-0.0001026520960860644
-9.733562897357162e-05
-0.00010372360680255266
-9.789948718291752e-05
-8.449449024539035e-05
-9.290377844101139e-05
-0.00010497633139106011
-0.00012649119471669357
-9.77215668642728e-05
-8.326415456194614e-05
-8.922923894694179e-05
-9.167134665755139e-05
-8.902054630044454e-05
-9.132978629194932e-05
-8.315982088824558e-05
-0.00010514234800634847
-0.0001007762728411632
-0.00010828346448893411
-8.78176426070687e-05
-9.59210719941872e-05
-8.295274284592091e-05
-9.29161774899101e-05
-9.794312715566411e-05
-8.429844301044431e-05
-0.00010098281401937914
-9.58881264766509e-05
-0.00010173082564957081
-9.829933565663751e-05
-8.902304559466057e-05
-8.728952755210351e-05
-0.00010561385615781571
-8.345122176806052e-05
-8.853431747068985e-05
-8.667943873658102e-05
-9.28748914562072e-05
-7.308861254334831e-05
-9.190453817120581e-05
-9.999474172378564e-05
-7.744488603972366e-05
-0.00010216122287148854
-9.547011798322069e-05
-0.00015202507714784375
-0.00010220502149754784
-0.00010052646762137574
-0.00011014126954822512
-0.00010970726804288011
-0.00010538947073485128
-9.921106934557278e-05
-9.791166117917305e-05
-7.817922693065249e-05
-0.00010079909371629725
-8.818036695773523e-05
-9.009039625051951e-05
-8.237252339426959e-05
-0.00010490936407048235
-9.592848745232363e-05
-8.850063829607402e-05
-0.00010792212615212682
-0.0001007865769258598
-9.318108705974604e-05
-9.228860946047801e-05
-9.177449092850898e-05
-8.924611138988459e-05
-8.639823712675021e-05
-9.523472576633552e-05
-9.903653811882407e-05
-0.00010080085929575766
-9.441646446545215e-05
-9.932985921634607e-05
-8.182534626971494e-05
-8.091406286164782e-05
-7.598307013317873e-05
-8.350795343831097e-05
-8.223458380074433e-05
-9.438284223234339e-05
-0.00012048075594078833
-9.47542886460262e-05
-0.00011877855589143005
-8.952534120881817e-05
-0.00010544879375223859
-8.620693029443016e-05
-9.637962399761113e-05
-8.673426863431422e-05
-9.384464595868502e-05
-8.379926888457678e-05
-8.52686585050555e-05
-9.278125442324647e-05
-8.68725183517105e-05
-0.00010846939646041998
-0.00010029390559684881
-9.036803632828105e-05
-8.013517012955829e-05
-8.260967412648812e-05
-9.334359461449226e-05
-7.777157160160364e-05
-9.298511749383787e-05
-7.520034342711757e-05
-7.191482093954482e-05
-8.516526811075398e-05
-8.633783583655852e-05
-8.550707315030381e-05
-7.506175239485602e-05
-7.548070984098043e-05
-8.839336714805412e-05
-7.724847487433628e-05
-8.263056354818055e-05
-7.907170179827228e-05
-7.308461014526868e-05
-7.462857781598276e-05
-7.983779820924797e-05
-8.785343331807471e-05
-8.825723202637858e-05
-9.603025516047303e-05
-7.613887654311924e-05
-7.671087520055853e-05
-7.325203359181964e-05
-0.00010769320683085004
-9.459065974981584e-05
-8.216104261304924e-05
-8.259387262243845e-05
-8.272727638181099e-05
-7.553527282272432e-05
-8.67248672135057e-05
-7.920461153032576e-05
-8.103587147811897e-05
-8.816181748450003e-05
-7.683655139573142e-05
-8.878644833482108e-05
-7.475800559636481e-05
-7.084798517698054e-05
-8.86227340384238e-05
-8.839886793460261e-05
-8.748668204550114e-05
-7.594155080709042e-05
-7.407185893998358e-05
-8.893716980473698e-05
-7.180350960361848e-05
-7.626855630099572e-05
-6.519441746138943e-05
-9.634512396355932e-05
-8.545592416381309e-05
-7.52422765524785e-05
-7.219743886743846e-05
-6.730626358564251e-05
-7.878294770707894e-05
-7.95637316128861e-05
-8.949338685071417e-05
-6.346259566902823e-05
-6.730130633164633e-05
-8.802579543121247e-05
-7.732298400375814e-05
-6.550127812943174e-05
-8.071781850366166e-05
-6.613732172983111e-05
-9.052047167545929e-05
-8.00962380221315e-05
-7.871966906258798e-05
-8.160934057044322e-05
-7.248351212774118e-05
-7.455314894166953e-05
-7.587530106023532e-05
-7.893018866916846e-05
-9.074577334922118e-05
-7.426852299152742e-05
-8.247083155626944e-05
-8.118167580561941e-05
-7.50100993749947e-05
-6.245471960070192e-05
-6.46873111153079e-05
-6.496492161534029e-05
-7.490466865583967e-05
-0.0001099735019109982
-7.10121584365786e-05
-7.436518312287088e-05
-8.371211225743913e-05
-7.300297746526407e-05
-6.137751895235466e-05
-9.533792197891078e-05
-8.103032438461222e-05
-9.956217117729205e-05
-9.844314446050273e-05
-9.132326252797585e-05
-7.304655225603973e-05
-7.856572707898302e-05
-7.329868848909848e-05
-0.0001018787793916065
-7.947534165886339e-05
-0.00011004786573914904
-8.174424519485912e-05
-9.13921024774389e-05
-8.30731132427931e-05
-6.807983390838546e-05
-8.773638236303505e-05
-9.161092907195023e-05
-6.907800740341141e-05
-7.400281362424099e-05
-7.035715999970105e-05
-6.756820869996405e-05
-9.745732998778234e-05
-7.032416416169474e-05
-7.726346861719469e-05
-7.288957850648536e-05
-8.146379469292642e-05
-8.459294808244033e-05
-7.05747941348589e-05
-6.0468666178870034e-05
-6.481945853464843e-05
-7.959228585158185e-05
-8.760193389811821e-05
-6.638472921155492e-05
-8.016093178314643e-05
-7.627426246037405e-05
-7.128420026425442e-05
-7.184500712553721e-05
-7.199673544183716e-05
-6.302757479786925e-05
-7.119419790052595e-05
-6.968041357108268e-05
-7.599207474467962e-05
-8.112954044869891e-05
-0.00010199350946399344
-7.987329771469431e-05
-7.979787401662941e-05
-9.186400782701387e-05
-8.570160032700391e-05
-7.699842453462447e-05
-6.681728053348213e-05
-6.723201800434842e-05
-6.018534230606276e-05
-9.568447913604894e-05
-7.113614554415948e-05
-8.828310872860401e-05
-7.336498999105379e-05
-6.530497636425547e-05
-6.81503570742481e-05
-7.623563814146417e-05
-7.324801622549115e-05
-7.342263063636612e-05
-8.813996216272546e-05
-8.017002509519422e-05
-6.612069435185663e-05
-6.381824299606098e-05
-7.260544260345725e-05
-7.089604245491543e-05
-6.511477584170144e-05
-6.78824775985909e-05
-6.354226640281624e-05
-7.547927139950339e-05
-7.293595753277149e-05
-9.272288741840606e-05
-7.54474515148873e-05
-7.824976979942111e-05
-7.459301185175349e-05
-8.553361000029902e-05
-7.207904273920374e-05
-6.15661389642419e-05
-7.721879396288545e-05
-6.506469599143472e-05
-5.792512884411627e-05
-5.88433825305934e-05
-5.866048939351387e-05
-7.036316568753698e-05
-7.283249250145118e-05
-7.671076760396023e-05
-6.993467461940961e-05
-7.000205205842658e-05
-5.18234339647039e-05
-7.630183365425758e-05
-9.482476377564719e-05
-7.31082693461449e-05
-7.569090649428567e-05
-7.845300471204242e-05
-7.398849135459296e-05
-8.917986138506917e-05
-6.657476051080691e-05
-7.093551179282453e-05
-6.569065605888103e-05
-7.531130854093737e-05
-5.9070444774822484e-05
-9.123307055253216e-05
-7.330579739200926e-05
-8.132154679674208e-05
-6.316302546599539e-05
-6.26372663279362e-05
-8.465230049509165e-05
-8.664434906302532e-05
-7.472579951028901e-05
-8.38643693425456e-05
-7.274703522414105e-05
-6.692702635885395e-05
-6.144752784653651e-05
-5.8181961683112515e-05
-5.637154911181108e-05
-7.993741409095811e-05
-8.134570018752951e-05
-7.000253587829963e-05
-7.41092457778314e-05
-8.288061822225856e-05
-6.948473619095008e-05
-7.254223600566823e-05
-5.6562764311984814e-05
-6.643691087543369e-05
-5.7226944853550066e-05
-5.743097477628467e-05
-5.9081579773190285e-05
-6.418634932059408e-05
-6.681184723250633e-05
-7.007737110514833e-05
-6.72723221899485e-05
-5.847357982846635e-05
-6.635672598143127e-05
-7.148353689007125e-05
-7.92231296311563e-05
-6.262578494270477e-05
-6.262328474321288e-05
-7.865451955585412e-05
-8.338024298687463e-05
-5.941604343079332e-05
-6.634939585575816e-05
-8.901541164130222e-05
-7.052860593015353e-05
-6.420611864188519e-05
-5.8567740164716664e-05
-6.715577276533713e-05
-7.202709944675867e-05
-6.082871093515685e-05
-6.903707304556361e-05
-6.474298745251517e-05
-6.124819816061278e-05
-6.787029197674599e-05
-6.287839996710343e-05
-6.20358701299839e-05
-5.358341167510661e-05
-7.36149857446522e-05
-6.130472509052742e-05
-6.648338821613198e-05
-5.9918480501242044e-05
-5.212478605326476e-05
-5.020979595526942e-05
-6.861432181171079e-05
-5.546025152636247e-05
-8.675950681186206e-05
-7.36567893868667e-05
-8.984784037374682e-05
-6.583910597901532e-05
-8.558848212758541e-05
-8.220661967378584e-05
-7.221600518991789e-05
-6.916425010389249e-05
-7.591736930079307e-05
-6.947596603290584e-05
-7.010491424663812e-05
-7.012533636152618e-05
-6.332622852550651e-05
-5.3103883917993144e-05
-6.749850046383621e-05
-5.42301449320548e-05
-6.0381645853369026e-05
-5.498632325551256e-05
-5.609893685443179e-05
-5.80346208826632e-05
-6.784174657697983e-05
-7.606142424471107e-05
-7.446419763590395e-05
-6.236590457797675e-05
-6.510653954761025e-05
-7.72519323539167e-05
-6.496143056311521e-05
-5.67579085551384e-05
-6.802421394314084e-05
-5.6129484248435e-05
-5.455544175653193e-05
-9.503727057730282e-05
-7.25966654099297e-05
-7.593402856093112e-05
-7.26040095128111e-05
-6.241132914086567e-05
-7.555304555667552e-05
-8.503106642004932e-05
-6.219679180807791e-05
-6.703506856281516e-05
-6.407991847423578e-05
-6.61566386362944e-05
-6.230601774093181e-05
-0.00010334356788344046
-6.879726187136725e-05
-6.34787593296049e-05
-7.602865722683427e-05
-8.978598843234487e-05
-8.212391660394891e-05
-6.110087335342573e-05
-6.942049638808401e-05
-6.75373168411153e-05
-7.18593019087832e-05
-6.822093166852783e-05
-7.109464977383961e-05
-5.947832797770225e-05
-5.796702617993921e-05
-7.045966740765186e-05
-7.079914862662129e-05
-6.78128513831866e-05
-5.530042271251201e-05
-5.954989565382096e-05
-7.015708645313756e-05
-5.725661152056194e-05
-6.487702824181651e-05
-7.651608872549787e-05
-5.609910150145003e-05
-6.31412132916509e-05
-6.300574907780465e-05
-6.771197912097682e-05
-7.15164325205131e-05
-6.0956939229028784e-05
-5.348552424166986e-05
-6.578916728350315e-05
-6.318881052491676e-05
-5.965784498251914e-05
-6.501008779569162e-05
-8.09403254644625e-05
-5.939927511583454e-05
-6.229687857201016e-05
-6.403010844990842e-05
-5.6349804497313194e-05
-7.273972348664781e-05
-5.69772876106156e-05
-5.8511099717106774e-05
-5.570111984504189e-05
-5.737499180974437e-05
-6.407784550133133e-05
-4.990205267130232e-05
-5.3949896750393744e-05
-5.944571642579888e-05
-6.152746895760064e-05
-5.673153786150964e-05
-5.474478514511105e-05
-5.0998781460975806e-05
-5.3377609725790975e-05
-5.5920309822710124e-05
-7.12422532368473e-05
-7.069900122985695e-05
-5.512528591461452e-05
-5.4836793723034294e-05
-5.9114092016698816e-05
-5.804543652959682e-05
-6.803327973692319e-05
-5.476718532260172e-05
-5.1597061447250514e-05
-6.925171859917256e-05
-6.331842905366036e-05
-6.87833008481964e-05
-6.41461695603529e-05
-5.847718298351845e-05
-5.538890228895532e-05
-6.153381996010232e-05
-6.12412785641614e-05
-5.588209102613817e-05
-5.826101465455924e-05
-5.757981299647774e-05
-5.522378649663873e-05
-4.915046712783422e-05
-6.700510575385898e-05
-6.541802760517967e-05
-6.811755850444356e-05
-5.792555995248749e-05
-5.260656620431625e-05
-5.1465402528427795e-05
-5.640109998017451e-05
-6.539158107343734e-05
-8.54657139185977e-05
-5.486125673476172e-05
-5.126625796175732e-05
-5.607743542651589e-05
-6.448974498901583e-05
-6.229543564334472e-05
-5.190864303145082e-05
-5.747373118747401e-05
-6.66625525466702e-05
-5.587829577013981e-05
-5.153034243093879e-05
-6.164820417992045e-05
-5.861098157344813e-05
-4.6574407182087274e-05
-5.8678541466572476e-05
-6.422494372515519e-05
-6.801013463947347e-05
-8.055046127702914e-05
-6.217364918181811e-05
-5.445082320215677e-05
-4.889805462837682e-05
-5.4377824143025943e-05
-6.238048595774703e-05
-4.86293919628733e-05
-5.3523469619676245e-05
-6.039625696063755e-05
-5.148205705080011e-05
-4.8757277348099315e-05
-5.629640295151672e-05
-9.052831146993956e-05
-5.8624273654994674e-05
-6.15285854576042e-05
-6.650048372697226e-05
-5.4506587260527706e-05
-4.858977508659379e-05
-5.943788578949283e-05
-5.857514851004275e-05
-5.529282918470546e-05
-5.739916442654147e-05
-4.986878827301089e-05
-4.459724734373616e-05
-7.674877214658427e-05
-5.943299469562957e-05
-6.0307774478407516e-05
-5.487954098615244e-05
-5.7257840083535516e-05
-5.528717598612953e-05
-5.7537642907390385e-05
-4.804749108910933e-05
-5.04418671269935e-05
-5.6693597512313954e-05
-5.4962158074045586e-05
-4.522074885682237e-05
-5.3964861020106e-05
-5.1513662462421284e-05
-4.771569101702511e-05
-6.135127426398768e-05
-5.679105617978353e-05
-5.186779514043671e-05
-5.9401799355041085e-05
-4.615751701675386e-05
-5.095640717278638e-05
-5.5491797751827665e-05
-4.9688726151742024e-05
-6.104968578679593e-05
-4.749596652209309e-05
-5.440948866736184e-05
-5.8457255323385304e-05
-5.346823289753555e-05
-4.9829396205458565e-05
-4.7643777821293476e-05
-5.310582710360556e-05
-5.02313267882748e-05
-5.068368967775516e-05
-6.544916354878083e-05
-5.5460936363382896e-05
-4.931931642720988e-05
-5.549066748572473e-05
-5.419038933318632e-05
-5.1595774657298143e-05
-4.689804931751196e-05
-7.084452194183744e-05
-5.297224801853462e-05
-5.830492196817749e-05
-5.0102822592823504e-05
-5.8976388203679786e-05
-5.8528947941505205e-05
-4.2939938232400277e-05
-4.421597892900753e-05
-4.502060641958794e-05
-5.80426157906766e-05
-6.450133861396479e-05
-5.590506657721095e-05
-5.141530493502078e-05
-7.485601129281205e-05
-5.501176440825262e-05
-4.551814642878016e-05
-5.161204370679462e-05
-6.563227367339941e-05
-5.5213776244067425e-05
-4.93907109127556e-05
-6.723000883113173e-05
-5.196974799975829e-05
-5.109407063197402e-05
-4.950975848755368e-05
-5.32247088879112e-05
-5.8685208042696946e-05
-5.0187192692729976e-05
-4.645671708458643e-05
-4.9079205432123185e-05
-5.4323398108457877e-05
-7.191707966663907e-05
-5.4172043969458183e-05
-5.517351333528264e-05
-5.5970850105224734e-05
-5.028126412726097e-05
-5.415224767701954e-05
-4.999574594716227e-05
-5.1247042515578656e-05
-4.540431409788548e-05
-4.3624343627701734e-05
-4.678665793256265e-05
-4.662997621057707e-05
-4.11238899398203e-05
-4.9321332737606305e-05
-4.7579988887380686e-05
-4.510451163231011e-05
-4.926636653052041e-05
-5.591222719941724e-05
-4.27349600779503e-05
-4.991639624302158e-05
-4.6561800123190444e-05
-5.481016879843592e-05
-4.6567685389964364e-05
-5.375981016653153e-05
-4.194869220941477e-05
-5.43616677315395e-05
-5.440631421915754e-05
-4.615333087376605e-05
-4.380229084166576e-05
-5.408814447249721e-05
-4.236712571226153e-05
-4.866482267168459e-05
-4.4732555800730545e-05
-4.5453370916825886e-05
-5.553448126710547e-05
-4.3569180363522975e-05
-4.960465445064122e-05
-4.5236581298790934e-05
-4.757866797600041e-05
-4.1363971963359614e-05
-4.645175460149531e-05
-4.545191141019922e-05
-5.046013890697143e-05
-4.6031436897520095e-05
-4.231131986487391e-05
-5.105686399065057e-05
-4.2167966246675626e-05
-4.897523031810458e-05
-4.439785880538949e-05
-4.7207492863465816e-05
-4.778995886078885e-05
-4.269214317054182e-05
-4.5296850422760215e-05
-4.4497361129935964e-05
-4.197146371764937e-05
-4.20484050729919e-05
-4.0453222102332376e-05
-4.957536548549912e-05
-4.135864449833493e-05
-6.143642104439184e-05
-5.6777919974215774e-05
-5.430672043388318e-05
-4.834488746507937e-05
-4.871514983001424e-05
-4.9597580558391474e-05
-5.086966361522727e-05
-4.443122361802443e-05
-3.9412541503525134e-05
-4.747577509683909e-05
-3.744384834714065e-05
-4.27586733292018e-05
-3.769139774800756e-05
-4.172482438757896e-05
-4.730325586560502e-05
-5.530008425219668e-05
-4.91509913296273e-05
-4.7627256901883186e-05
-4.2945465543398065e-05
-4.649476114121365e-05
-5.070398266832088e-05
-3.8582048916435685e-05
-4.56707701186887e-05
-4.529307403478011e-05
-4.515511252506377e-05
-5.0242683821588585e-05
-4.157107027724649e-05
-4.9108992538349217e-05
-4.377768502461521e-05
-4.18873366117567e-05
-3.97076390866169e-05
-4.1516797585738896e-05
-4.3536851628778184e-05
-4.097870450087138e-05
-3.992495571253363e-05
-3.615175064736187e-05
-5.1130270853128046e-05
-4.75107092528515e-05
-5.2802891233605376e-05
-4.7362741568968136e-05
-3.594763644448884e-05
-4.984036406185943e-05
-4.1958698048571996e-05
-5.506640109398386e-05
-4.134081100298781e-05
-4.633563503747551e-05
-5.0939822377138455e-05
-4.7688937564849265e-05
-5.8867450494937135e-05
-4.5847228890227854e-05
-5.2459610615729346e-05
-4.050957943108058e-05
-4.5752969126788834e-05
-4.8836751197878225e-05
-4.1046285520762726e-05
-5.0041799744715565e-05
-4.2396102380548584e-05
-5.525321222993318e-05
-5.1156546908237566e-05
-3.894399445286689e-05
-3.592343478059368e-05
-3.9368226510461124e-05
-3.9793214931749255e-05
-5.0227316194140226e-05
-4.2466865879942084e-05
-3.9508938462107235e-05
-4.169849479335186e-05
-3.7717201852693893e-05
-5.0199226408642605e-05
-4.095216036514859e-05
-5.3563344484419684e-05
-3.557210418059231e-05
-4.349755104132713e-05
-4.629257340460491e-05
-4.713693004082531e-05
-3.759570429839876e-05
-3.963121007360959e-05
-4.170165497846545e-05
-4.213659438034867e-05
-3.9697957922524285e-05
-4.603348923820638e-05
-5.2928241538352516e-05
-4.3707907979972926e-05
-4.32246783730883e-05
-4.581993274305196e-05
-3.458581151249973e-05
-3.98034299263772e-05
-4.6016626428280194e-05
-4.3661136359118835e-05
-3.9529259675374906e-05
-4.0061361054888334e-05
-4.377126001814391e-05
-4.219984116565767e-05
-3.936666156068025e-05
-3.914988483905146e-05
-3.983338813889903e-05
-4.151092895071651e-05
-3.5287235003400585e-05
-4.568213866223969e-05
-4.689187535661388e-05
-3.713463380339288e-05
-3.627597950239814e-05
-3.1959634159972605e-05
-4.545421976276387e-05
-4.356913435710208e-05
-4.040806685540188e-05
-3.7511061001582746e-05
-4.5328176235759354e-05
-4.156738148308747e-05
-3.797167385088951e-05
-4.160118043189387e-05
-4.86277591624229e-05
-4.196688408125704e-05
-4.870399358952726e-05
-3.86864465999337e-05
-3.980109200563131e-05
-4.208676441835868e-05
-4.135977015551351e-05
-3.786615845202679e-05
-3.7957364706575625e-05
-4.157197147031111e-05
-4.631170054958389e-05
-3.920307496485531e-05
-3.6046989464411094e-05
-4.599821827955264e-05
-4.12297891729807e-05
-4.538863138142668e-05
-3.673226645689587e-05
-4.2601715590728784e-05
-3.545365830881497e-05
-4.189239772289799e-05
-3.4797892690452414e-05
-5.7569031977400265e-05
-3.914406778360302e-05
-5.326261578303404e-05
-4.0388069587782294e-05
-4.236727579026711e-05
-4.111255911765088e-05
-4.180612097154368e-05
-4.482272430406109e-05
-3.909120076084349e-05
-3.840848860509061e-05
-4.1578521957241765e-05
-3.6803126728102153e-05
-4.193549764991422e-05
-4.181327742086571e-05
-3.728690067694718e-05
-3.671213169886833e-05
-4.800140974031697e-05
-3.9592360563056594e-05
-3.3666488308548015e-05
-4.129708053002279e-05
-3.66689818676047e-05
-4.114215894135409e-05
-4.668069142821363e-05
-3.771886134651403e-05
-3.5453893883097276e-05
-3.344461098081508e-05
-4.080298496772494e-05
-3.858228696873578e-05
-3.3964261412888774e-05
-3.251811555055051e-05
-3.637729851452276e-05
-3.674472342352075e-05
-3.2416074354224556e-05
-3.495494945893185e-05
-3.577946632477014e-05
-3.932399731304548e-05
-4.123173049502826e-05
-3.7082232346774546e-05
-3.446870347184605e-05
-4.0528478972789994e-05
-3.454006950009969e-05
-3.733348130569025e-05
-4.42011944240539e-05
-3.42192027312227e-05
-3.471145565048239e-05
-3.261668161080866e-05
-3.8999202178868764e-05
-3.447794509653379e-05
-3.6904718252794844e-05
-3.503822156369907e-05
-4.223805249475854e-05
-3.316910714246113e-05
-3.398781236196857e-05
-3.4180707025321944e-05
-3.334745981919962e-05
-3.0677037231419124e-05
-4.679886589026294e-05
-3.211807202047057e-05
-3.66941688354494e-05
-3.8631948875988975e-05
-3.9422987051174196e-05
-4.203488090070984e-05
-3.487954678960126e-05
-4.189602929527414e-05
-3.4801878700529976e-05
-4.1344802213183485e-05
-3.8464320278264186e-05
-4.1441694628607806e-05
-3.6899210519081294e-05
-2.9953387922942998e-05
-3.208652694064451e-05
-3.692395772775248e-05
-3.619470014359916e-05
-3.4641050507489e-05
-3.197385215569781e-05
-3.060572552671115e-05
-3.230717216179402e-05
-3.458951800316967e-05
-3.432776238099233e-05
-3.204651891963728e-05
-3.0694572276113163e-05
-2.902745061950096e-05
-3.2127593419528644e-05
-3.9217315199402414e-05
-3.2197533635980324e-05
-3.3337268213584625e-05
-3.337068909731178e-05
-3.192962000037047e-05
-3.21649676372493e-05
-3.572450107952596e-05
-3.5523375937984714e-05
-3.387366831569816e-05
-3.223390249373903e-05
-2.851704003536959e-05
-3.6966693684026275e-05
-3.792649757028421e-05
-3.202067745278203e-05
-3.157057018121634e-05
-3.129764841602878e-05
-3.747530901110352e-05
-3.6787140101190996e-05
-3.6796152811824356e-05
-3.69609197710119e-05
-3.3292602008183625e-05
-3.44299704966855e-05
-3.32750284595118e-05
-2.7187716706955634e-05
-3.2077742658842556e-05
-3.309018745362158e-05
-3.4832790376471134e-05
-3.248518317455762e-05
-3.165629633072875e-05
-3.5046410373995585e-05
-2.786849546354553e-05
-3.782087824355518e-05
-3.105312544665617e-05
-3.45006268265835e-05
-3.093018678851367e-05
-3.248897791585659e-05
-2.7909471535914054e-05
-3.445714104982622e-05
-4.404509356303876e-05
-3.581928665308265e-05
-3.08763920665589e-05
-3.711965098052161e-05
-3.7170916932671716e-05
-3.041176688561853e-05
-3.353505437236892e-05
-3.1677179230305e-05
-3.656647236560673e-05
-3.716707081946602e-05
-3.0502724768732836e-05
-3.3319555414967894e-05
-3.3037307770711344e-05
-3.203805274293314e-05
-3.5080479918958574e-05
-3.444819853076764e-05
-3.931458618006145e-05
-2.7926904488217996e-05
-2.6576518601384436e-05
-3.3841085008978755e-05
-3.3987201541463286e-05
-3.623293887156098e-05
-3.315049930169289e-05
-2.8606341162085158e-05
-2.865408409424841e-05
-3.7564482360918916e-05
-2.8696499082270233e-05
-3.0110935435478936e-05
-3.229023558959376e-05
-2.9306101383630434e-05
-2.901595078413921e-05
-3.7192378218142697e-05
-2.9163921635988466e-05
-3.127520710477505e-05
-3.5656580220866374e-05
-4.117890936444768e-05
-3.543577042858237e-05
-3.2201499593154104e-05
-3.1256594115292025e-05
-2.9740911506925816e-05
-5.1276421528911875e-05
-3.892264010979529e-05
-3.6614442949223225e-05
-3.496445671086201e-05
-3.247705148873292e-05
-3.388567152251554e-05
-3.5306344709440385e-05
-3.325103999846091e-05
-3.066618008384925e-05
-3.699618723645992e-05
-3.5875409307661865e-05
-2.986979003422041e-05
-3.240730349207688e-05
-3.405919664783985e-05
-2.9489398124804556e-05
-3.037002381028886e-05
-3.004628912223195e-05
-3.4265586222714806e-05
-2.9760441758952538e-05
-2.748760203508116e-05
-3.575491159713007e-05
-3.1555255040338626e-05
-2.546849050294453e-05
-3.069878566291928e-05
-3.559336345881903e-05
-3.265739622093644e-05
-3.338932875762701e-05
-3.254144725450825e-05
-2.8021142298162438e-05
-2.8589273688872652e-05
-3.957923962161214e-05
-3.34030380768624e-05
-2.9556570949107464e-05
-2.627955957273942e-05
-3.114592673469918e-05
-3.8183962574434016e-05
-2.8276092624845983e-05
-3.2434930712199606e-05
-2.990448576140059e-05
-3.858320019750616e-05
-3.1189470216186344e-05
-2.6936900995977453e-05
-2.8161865239739736e-05
-3.431557509864236e-05
-3.0425671862677195e-05
-2.8719773040808416e-05
-3.2413052367175066e-05
-2.6643611894028307e-05
-2.7833639527685694e-05
-3.0292392058928197e-05
-2.9888958037294078e-05
-2.775356235218407e-05
-3.102782948199989e-05
-3.348749630838199e-05
-2.7101619767821994e-05
-3.325611195703626e-05
-3.0372286900337553e-05
-3.2157784486119834e-05
-2.9296660979893918e-05
-2.7570950477895373e-05
-2.5179512121165093e-05
-2.9110196105630592e-05
-2.4748812272656906e-05
-2.7763160928562236e-05
-3.0389803463315435e-05
-2.875007936153917e-05
-3.030916501989278e-05
-3.7134040146991065e-05
-3.1645318007533785e-05
-3.183773867460049e-05
-3.0353774817026835e-05
-2.890043473946502e-05
-3.34171253649207e-05
-2.9020703803339654e-05
-2.8322600509889106e-05
-2.9119738491734104e-05
-2.5391417744546896e-05
-3.035644479731925e-05
-3.0425004371892328e-05
-2.5399997945763086e-05
-2.8007837957477744e-05
-2.5219007455778986e-05
-2.6639042248088884e-05
-2.7944102137356097e-05
-2.8179528289429268e-05
-3.5473563829102606e-05
-3.065008710001482e-05
-3.2098338448527386e-05
-2.6796888109137385e-05
-2.742559447943549e-05
-4.2068675909112674e-05
-3.213820628999997e-05
-2.548174537081449e-05
-3.159033651506382e-05
-2.8387183707678787e-05
-2.745954027788544e-05
-2.4354084210864713e-05
-3.210165775141549e-05
-3.024695042269654e-05
-3.1838213825685635e-05
-3.154114736048097e-05
-3.6109276803253376e-05
-2.878841193193482e-05
-3.060153293726886e-05
-3.7240228453583324e-05
-3.2168747326921654e-05
-2.9146419807446478e-05
-2.5151724291461175e-05
-2.7021593496046048e-05
-2.7713156063480238e-05
-3.3311456800910744e-05
-3.767599771398178e-05
-2.939560207587677e-05
-2.988793546310209e-05
-2.7502923424682635e-05
-2.8773932019554582e-05
-3.509256195638466e-05
-2.765533656112762e-05
-2.6636888280084925e-05
-2.918028066195566e-05
-2.8065133660049035e-05
-2.6994023871851347e-05
-2.5089964046931534e-05
-2.6444507422063168e-05
-3.162649214594193e-05
-2.848400294364062e-05
-3.192046013084093e-05
-2.794180732967888e-05
-2.5355447949848564e-05
-2.9389064609086635e-05
-3.008018835698456e-05
-2.643829644993767e-05
-2.7171113486712528e-05
-2.7022990216729603e-05
-2.828907056395824e-05
-2.673892891136287e-05
-2.78406259990871e-05
-2.978954673071854e-05
-2.9825371623659613e-05
-2.5469899710806043e-05
-2.714510284324012e-05
-2.646723911037263e-05
-2.406022798778773e-05
-2.5204942536327657e-05
-2.8288761542372143e-05
-2.447861827298281e-05
-2.749588365302813e-05
-3.0269732421428497e-05
-2.825447542570414e-05
-2.5280117395998225e-05
-2.6454035289280586e-05
-2.253600497093e-05
-3.368204804693464e-05
-3.0702615860800364e-05
-2.4705622287291007e-05
-2.832599145535797e-05
-2.5025230908137797e-05
-2.934142255661687e-05
-2.7888430344402693e-05
-2.86337682082749e-05
-2.351863532645826e-05
-2.5075917161387906e-05
-2.8991073520168165e-05
-2.8001319086590204e-05
-2.569452780815107e-05
-2.8064650762660293e-05
-2.7155097720887866e-05
-2.475960167197533e-05
-2.566096762207648e-05
-2.507076074292902e-05
-2.3049897542704034e-05
-2.181133564743698e-05
-2.8915219503045098e-05
-2.5530461363054702e-05
-2.4923445817226497e-05
-2.3904019386788988e-05
-2.9537859530914812e-05
-2.901919031722544e-05
-2.3924728559887587e-05
-2.827907633073945e-05
-2.605850143672095e-05
-2.5046143541540555e-05
-2.36390816704124e-05
-2.1691504647147752e-05
-2.4511582163821988e-05
-2.4935066997355815e-05
-2.728399372065038e-05
-2.441063019120726e-05
-2.3128815649031687e-05
-2.38879231032052e-05
-2.3426719865493606e-05
-2.3513803866670457e-05
-3.141604813861054e-05
-2.4226170301011596e-05
-2.8871482745440602e-05
-2.3653484590990814e-05
-2.7873191445648704e-05
-2.6185828748248596e-05
-2.8169641874076223e-05
-2.812672404678418e-05
-2.6363917476401877e-05
-3.719410265351497e-05
-2.8905677602830693e-05
-2.6786506817588762e-05
-2.2945263592866194e-05
-2.8908664468141332e-05
-2.694778029543876e-05
-2.4741583629417363e-05
-2.5385394989640986e-05
-2.16743171828071e-05
-2.030290577326177e-05
-2.4262109906580953e-05
-2.786134998811196e-05
-2.554954942396437e-05
-2.7453000307986475e-05
-2.16282018313807e-05
-3.1245381676925366e-05
-2.6535293885798783e-05
-3.460577641889451e-05
-2.6947778704322634e-05
-3.574274370732322e-05
-3.175728336146655e-05
-2.534455781860734e-05
-3.057779844301001e-05
-2.5427927423882224e-05
-2.7880339430574885e-05
-2.7430790978166808e-05
-2.5867538382462474e-05
-2.8613665655208287e-05
-3.0005700179469574e-05
-2.730678801637909e-05
-2.654502187265928e-05
-2.441223544985549e-05
-2.27114763536318e-05
-2.989216026882957e-05
-2.4959183663075812e-05
-2.5071806689647147e-05
-2.716918874973162e-05
-2.367433164501831e-05
-2.9842975376059844e-05
-3.1779616692984014e-05
-3.0472433993400383e-05
-2.4293083532522797e-05
-2.4884272211922465e-05
-2.715368895506165e-05
-2.8201866416277532e-05
-2.7401112644598324e-05
-2.377121067004273e-05
-2.0661703511226648e-05
-2.3556563731375046e-05
-2.777779287743698e-05
-2.347017547382757e-05
-2.093838005345905e-05
-2.847406780714934e-05
-2.653243286399043e-05
-2.667410598794495e-05
-2.544039680829613e-05
-2.3615198274151705e-05
-2.5079126196814183e-05
-2.3076051197612468e-05
-2.365367281192965e-05
-2.3122516034479457e-05
-2.1762726154617162e-05
-2.2736702034564793e-05
-2.2365156988668478e-05
-3.1765877615441696e-05
-3.3656767130962884e-05
-2.9913651990787216e-05
-2.73188856719786e-05
-2.7124549967116884e-05
-2.3682588809414984e-05
-3.232574325667814e-05
-2.4541504305419792e-05
-2.015067004801363e-05
-3.140162886378084e-05
-3.0885795162804985e-05
-2.860414052491267e-05
-2.5905687771998753e-05
-2.880574282393411e-05
-2.349985167687807e-05
-2.5583542917539948e-05
-2.3012841219027802e-05
-2.3685221096025888e-05
-2.9032298464570783e-05
-2.1794350333115275e-05
-2.7406818764896812e-05
-2.380543361291121e-05
-2.818388636177671e-05
-2.2661724409678285e-05
-3.2707789143715527e-05
-2.5384578167531036e-05
-2.6764349902230755e-05
-2.4077657165721966e-05
-2.8460576079858413e-05
-3.210452387886198e-05
-2.5981748636882962e-05
-2.3931929839460242e-05
-2.6298478501329825e-05
-2.3599676503838207e-05
-2.8240088535080865e-05
-2.2901796070728953e-05
-2.226146334055601e-05
-2.9216598520842574e-05
-2.1285275319637975e-05
-2.2979880992923807e-05
-2.2588827919556298e-05
-2.476107111920589e-05
-2.702636751794607e-05
-2.6918595429525904e-05
-2.373756011381234e-05
-2.1325320712306528e-05
-2.3163909847856434e-05
-2.2920199926446116e-05
-2.3323704330890926e-05
-2.370701063780789e-05
-2.6228819577367446e-05
-2.5088101329395762e-05
-2.0700745866686354e-05
-2.550679858787097e-05
-2.0729300792277083e-05
-2.399198498881372e-05
-2.2085034820318317e-05
-2.3943338662624214e-05
-2.278172690428626e-05
-2.835555482327834e-05
-2.4484011650449666e-05
-2.052600446300623e-05
-2.4353578002733745e-05
-2.7714164610226355e-05
-2.459748310029708e-05
-2.213091806618772e-05
-2.2862578348714635e-05
-2.0181667907848144e-05
-2.1202292074307127e-05
-2.691832160028884e-05
-2.3070289445314973e-05
-2.0453207096204906e-05
-2.2149365059509485e-05
-2.1033671749381977e-05
-2.6154031735170502e-05
-1.9928369150046255e-05
-1.96303615302984e-05
-2.198635074696087e-05
-2.5490383100235103e-05
-2.1967978527714926e-05
-2.0813514779061126e-05
-2.2799038977117103e-05
-2.641466693331651e-05
-2.358085137210697e-05
-2.3096803639821584e-05
-2.1588578307918382e-05
-2.7163746376401843e-05
-2.1336510428737743e-05
-1.967376303135815e-05
-2.494802109259675e-05
-2.243032798260325e-05
-2.2676869044779835e-05
-2.32933572044125e-05
-2.8817097716404838e-05
-2.3657332531901165e-05
-2.5171801191326004e-05
-1.8862044587231175e-05
-1.9979402271219637e-05
-2.101591779712919e-05
-2.6580559881028698e-05
-1.794997360832218e-05
-2.253918737710192e-05
-1.7857197091131205e-05
-2.1256800309288337e-05
-1.987507228945473e-05
-1.8357115260714263e-05
-2.416054599913009e-05
-2.74926859677449e-05
-2.4031755880782324e-05
-1.8307235159775725e-05
-1.9413459948658396e-05
-2.2048245095940278e-05
-2.17486595917582e-05
-2.1024004310421507e-05
-2.529768914466546e-05
-2.394228135421672e-05
-2.401888191250201e-05
-2.2029427540593005e-05
-1.829915288209527e-05
-2.303090807320718e-05
-1.951128079247244e-05
-2.0398404559751615e-05
-2.0563040719512315e-05
-2.4995240411551656e-05
-2.5172094529901656e-05
-2.3154436192718286e-05
-2.2376236631371782e-05
-1.8570163328623934e-05
-2.0532354072455572e-05
-2.196003971283167e-05
-1.990326119705177e-05
-2.026612694194796e-05
-2.042295533893901e-05
-2.5541003466411638e-05
-2.2016297004823215e-05
-2.1942389311357946e-05
-2.0369371023953864e-05
-2.2379457067012165e-05
-2.073845554506626e-05
-2.257139616951287e-05
-1.8846946636841277e-05
-2.0165025389595748e-05
-2.2645188510084235e-05
-1.7656942925881047e-05
-1.953438556889786e-05
-1.749015719770819e-05
-2.0626638095877503e-05
-2.023138881829256e-05
-1.7567618590341727e-05
-2.323245514851413e-05
-2.1891830218501163e-05
-1.9020742512643185e-05
-1.7157414756663325e-05
-1.961575655567982e-05
-2.141802801203241e-05
-2.0066644806582268e-05
-2.2688420022953792e-05
-2.011623846259747e-05
-1.7646002412718964e-05
-2.006596294457097e-05
-1.9378549768744868e-05
-2.1950489623945302e-05
-2.183943512107378e-05
-1.874736980189695e-05
-1.95292660954971e-05
-2.2674917628029423e-05
-1.96842483021209e-05
-1.9608798724035648e-05
-2.251392296975796e-05
-1.919526040045083e-05
-2.0548321644997536e-05
-2.199445863837468e-05
-2.3617693251265504e-05
-1.91967927500869e-05
-1.9566109011937005e-05
-2.075422717023878e-05
-1.8143498532185998e-05
-2.0048550197937498e-05
-2.2508637733287262e-05
-1.8547375612076866e-05
-2.014197957195263e-05
-2.33364733979724e-05
-1.8423962567237773e-05
-1.909766111218847e-05
-1.7550356773698983e-05
-1.7155222732656572e-05
-2.2159655657494337e-05
-1.7228276258163255e-05
-1.8230695421506127e-05
-2.364960853246112e-05
-2.333496739020946e-05
-1.8767456841317642e-05
-2.3079167622341856e-05
-2.3582606745120582e-05
-1.9386068290327962e-05
-2.3957759210935237e-05
-1.852632830190437e-05
-2.1695759329032338e-05
-2.1706064336546316e-05
-2.1804935552649507e-05
-1.8838829010936475e-05
-2.049066774006958e-05
-1.918087116853373e-05
-1.6934748262142918e-05
-2.007751398314106e-05
-2.5727149776166858e-05
-1.9406559698287307e-05
-1.7383636434387117e-05
-2.2552305730061395e-05
-2.108041314863307e-05
-1.9667974059889293e-05
-1.9213868919398802e-05
-2.1861774475995244e-05
-1.9555372534563187e-05
-2.0586770610619975e-05
-1.601788694788331e-05
-2.2893063294004978e-05
-2.371795846556335e-05
-2.0324483657019332e-05
-1.682372341554883e-05
-1.7975069412479172e-05
-1.8424788708282236e-05
-2.01878882618578e-05
-1.8739243160426078e-05
-1.8247129661863593e-05
-1.7187583374433935e-05
-1.8979839030652812e-05
-2.2691639859351298e-05
-1.672677133457423e-05
-1.5417076768886595e-05
-1.760498647068731e-05
-1.852500202248475e-05
-1.980263756246048e-05
-1.7231063512646028e-05
-1.7332986135376593e-05
-1.8418457524260745e-05
-1.6803248353292055e-05
-2.0559575775347394e-05
-1.6618458607342568e-05
-1.8377764701649202e-05
-1.710614331279503e-05
-1.737312351735021e-05
-1.7573742059517894e-05
-1.7289731161496125e-05
-2.016253235859189e-05
-1.938037718368646e-05
-1.556314887363186e-05
-1.9139042562010822e-05
-1.729935935579352e-05
-1.877433201447065e-05
-1.9083741206182836e-05
-1.7761010193240168e-05
-1.5068832088682704e-05
-1.887640108794164e-05
-1.7769475949391822e-05
-1.4365205748489984e-05
-2.5236163358199892e-05
-2.140242610182419e-05
-1.9824902450060744e-05
-1.674348043373408e-05
-1.822366387305152e-05
-1.6189210885309002e-05
-1.8083793763612466e-05
-2.0840359320817292e-05
-2.0206660045818392e-05
-2.1462212740963604e-05
-1.733977482004656e-05
-1.9302655035691174e-05
-2.074342638164195e-05
-1.8105855202232846e-05
-1.701251606994747e-05
-1.7560300347552182e-05
-1.691187700825214e-05
-1.624016031315234e-05
-1.7422601305827623e-05
-1.611404846879605e-05
-1.60474558942858e-05
-1.6399051214865956e-05
-1.7418440041772065e-05
-1.8990964583021075e-05
-2.0792876704034402e-05
-1.6101399938850403e-05
-1.708893438434611e-05
-1.875772678128218e-05
-1.651483179127e-05
-1.714263629448709e-05
-1.7821161103048766e-05
-1.6913032799159566e-05
-1.636837808821623e-05
-1.8073793969231033e-05
-2.1669034199811588e-05
-1.7053406155986828e-05
-1.7933120055324547e-05
-1.5774657298073258e-05
-1.7377165506038406e-05
-1.4508837145599252e-05
-1.943346584204475e-05
-2.2153114301426413e-05
-1.9003830188935034e-05
-1.8378102263183482e-05
-2.032423803788319e-05
-1.5075211497850294e-05
-1.5996985852639867e-05
-1.7157334362361e-05
-2.3228399286256973e-05
-1.627239741597286e-05
-2.1640498695074672e-05
-1.901893155420442e-05
-1.9412951091313246e-05
-1.639386065055426e-05
-1.8027913838980503e-05
-2.031434368676699e-05
-2.0147146385984804e-05
-1.7360658838561083e-05
-1.4096798158447221e-05
-2.264270352742015e-05
-1.9378570567218922e-05
-2.1134505847453244e-05
-1.5956104734260457e-05
-1.9764886864281905e-05
-2.0109150699776368e-05
-1.7289781614859834e-05
-1.728274133699914e-05
-2.103015556026433e-05
-2.000783000993822e-05
-1.651772355054648e-05
-1.91603064158552e-05
-2.151954370865905e-05
-1.7549303228003854e-05
-1.8929533081413208e-05
-1.4275494478743767e-05
-1.717350686486485e-05
-1.9260559784239906e-05
-1.672195553487077e-05
-1.9866712161198397e-05
-1.823718785748385e-05
-1.5566764752061868e-05
-1.808598592845101e-05
-2.2916089155278208e-05
-1.9120398382366233e-05
-1.799827263265774e-05
-1.8169260248890318e-05
-1.834908417180925e-05
-2.0002483048620068e-05
-1.560518722337756e-05
-1.566800314828365e-05
-1.6575709206934075e-05
-1.6163483494813224e-05
-1.543226153444266e-05
-1.4936997647319039e-05
-2.0962278835578996e-05
-1.961683423790106e-05
-1.8385410846311068e-05
-1.4443969095223608e-05
-2.068509659031159e-05
-1.9046092172347873e-05
-1.9841487670813063e-05
-1.7063284548202162e-05
-1.661985587031456e-05
-1.9946577962726142e-05
-1.5823009393955978e-05
-1.4971558045195899e-05
-1.735883236142488e-05
-1.9310816403217412e-05
-1.835540209560449e-05
-1.8571571678005494e-05
-1.7301470333019875e-05
-1.693189320051136e-05
-1.6178734673466533e-05
-1.535800379709462e-05
-1.4480610675160488e-05
-1.452020125802811e-05
-1.5991954568805866e-05
-1.7528889115603352e-05
-1.8984955081069455e-05
-1.5022542723563959e-05
-1.5371381465567602e-05
-1.798331176844359e-05
-1.716957971231725e-05
-1.4803089211035125e-05
-1.6963669337732856e-05
-1.607909302092647e-05
-2.0145455769726706e-05
-1.4868958709224334e-05
-1.6034403631015604e-05
-1.4190685186765695e-05
-1.4281653941128347e-05
-1.658845750129867e-05
-1.8218986618134814e-05
-1.8972361191749165e-05
-1.5881639884363086e-05
-1.5431399518595068e-05
-1.1702723984874375e-05
-1.659649837937316e-05
-1.5194458563072555e-05
-1.527366085080084e-05
-1.8070543824744156e-05
-1.4915472563103993e-05
-1.682122369367489e-05
-1.5788379157888333e-05
-1.475825203983705e-05
-1.4230445624319188e-05
-1.4770129309393809e-05
-1.5553357583741878e-05
-1.7262368759707325e-05
-1.7166167906590424e-05
-1.4881453265613853e-05
-1.3160377472454243e-05
-2.140960913127321e-05
-2.0641717600689002e-05
-1.454160843411545e-05
-1.4742744226470261e-05
-1.9204971162867235e-05
-1.9336088630750314e-05
-1.971158444441512e-05
-1.905125524220841e-05
-1.4004214462459696e-05
-1.4986785677906234e-05
-1.8923269617832084e-05
-1.5945691475116597e-05
-1.611749949886887e-05
-1.626867422604983e-05
-1.846811905537038e-05
-1.7047547815396413e-05
-1.4422919063505901e-05
-1.506294823933052e-05
-1.738276895119073e-05
-1.912334741493993e-05
-1.892089283089815e-05
-1.7796913439727113e-05
-1.6164564451248697e-05
-1.5827774447974008e-05
-1.5377207783828784e-05
-1.8937879460279028e-05
-1.5798656944565614e-05
-1.4947684152777363e-05
-1.5888848731770988e-05
-1.4718149143166936e-05
-1.647223011103094e-05
-1.6376723640354474e-05
-1.6444031841422735e-05
-1.5265880207004923e-05
-1.3535594569957787e-05
-1.5963109941785625e-05
-1.6043350864081152e-05
-1.5737043756625102e-05
-1.3578375711142954e-05
-1.4900982887977587e-05
-1.2306466963596385e-05
-1.6132256906165043e-05
-1.4613448961142694e-05
-1.978927611012704e-05
-1.6422475813626658e-05
-1.6471401776463335e-05
-1.4636211930763032e-05
-1.8647201493748877e-05
-1.8512282852489736e-05
-1.3952406864803368e-05
-1.5400885996830205e-05
-1.2976949635146173e-05
-1.405731858478143e-05
-1.5212902030881104e-05
-1.5606096293419025e-05
-1.4842376809987012e-05
-1.6555496389791813e-05
-1.58043054252488e-05
-1.4397768170193448e-05
-1.8688290383095385e-05
-1.7630431001836033e-05
-1.6435894250987904e-05
-1.3282650702994836e-05
-1.5021107220181129e-05
-1.529628549096218e-05
-1.4088575836512796e-05
-1.3214894082236306e-05
-1.8980667614132418e-05
-1.757291582965559e-05
-1.5135619152395474e-05
-1.6567836527647817e-05
-1.8287519908066763e-05
-1.384850219759981e-05
-1.4613951379416346e-05
-1.8006626882560717e-05
-1.5352879226659955e-05
-1.3765379458352545e-05
-1.2354942387771128e-05
-1.154787291035575e-05
-1.5761044940554303e-05
-1.486912163750631e-05
-1.6676593512621185e-05
-1.646223188433993e-05
-1.5686685480020834e-05
-1.3491616250471683e-05
-1.3926330315938706e-05
-1.4590617731735644e-05
-1.3865092687526115e-05
-1.7134073639402114e-05
-1.4398335942300555e-05
-1.310863459591527e-05
-1.4711646609322226e-05
-1.3534612467280827e-05
-1.3851424891853092e-05
-1.6698890161370716e-05
-1.2869842706320078e-05
-1.3814957912250403e-05
-1.356220115589224e-05
-1.37167808443861e-05
-1.29178357076154e-05
-1.5861545188788906e-05
-1.621342295271555e-05
-1.5552557120213084e-05
-1.3154300315676437e-05
-1.3016409334043466e-05
-1.6513252765248954e-05
-1.6455223173561517e-05
-1.2817858336677812e-05
-1.612252766242106e-05
-1.8442191473955205e-05
-1.4656407845703434e-05
-1.5847195636686795e-05
-1.6027346035396572e-05
-1.6417209848629266e-05
-1.3764509290636884e-05
-1.35698816066121e-05
-1.6075586137198616e-05
-1.6038906064053116e-05
-1.6589584738879726e-05
-1.36897439778072e-05
-1.5240765631530095e-05
-1.5125321321696195e-05
-1.4724129904108985e-05
-1.5112109308046406e-05
-1.3529196576045344e-05
-1.3507459504846775e-05
-1.3582543706092132e-05
-1.2107633156621667e-05
-1.2502564785410453e-05
-1.3468499875657347e-05
-1.3074611996566343e-05
-1.362659542852862e-05
-1.2983212293427027e-05
-1.3961865963474374e-05
-1.4325689652039397e-05
-1.020555642655685e-05
-1.6943928122681307e-05
-1.4787513349934223e-05
-1.6370951634703257e-05
-1.9173563456209575e-05
-1.560448491982891e-05
-1.5929009300308383e-05
-1.4838060204969139e-05
-1.5037296299202918e-05
-1.3891696476642235e-05
-1.3288205682693288e-05
-1.3283065526170645e-05
-1.540285185092083e-05
-2.0113254733777897e-05
-1.9801015899878482e-05
-1.720362084434157e-05
-1.7542087464794687e-05
-1.917613463736645e-05
-1.4291376708941428e-05
-1.6765250561157075e-05
-1.4167648190288595e-05
-1.532240831825238e-05
-1.5416852153893323e-05
-1.66641633292941e-05
-1.4253081298210013e-05
-1.6108179702378767e-05
-1.2935791473100977e-05
-1.2285866112793364e-05
-1.3434261723788143e-05
-1.490886010968584e-05
-1.6108356870658813e-05
-1.6006495934861587e-05
-1.2631631840065438e-05
-1.4937761045163978e-05
-1.276051317256055e-05
-1.3574974138341744e-05
-1.3650788202534958e-05
-1.6907916265684886e-05
-1.350355014972937e-05
-1.5217882281759465e-05
-1.212853476689757e-05
-1.3708649324040145e-05
-1.0866356382754905e-05
-1.293627074155923e-05
-1.9856832327469487e-05
-1.5492537234262915e-05
-1.6944427208398505e-05
-1.5058692934444284e-05
-1.281244677553417e-05
-1.5184821560543238e-05
-1.6617072758795537e-05
-1.541182349790171e-05
-1.3563574215114116e-05
-1.6152564471128006e-05
-1.5512787341076528e-05
-1.4646641446958153e-05
-1.3504420041388077e-05
-1.2848460572423281e-05
-1.4349608682906467e-05
-1.566480756298727e-05
-1.9355385745156717e-05
-1.380346859186643e-05
-1.5508071914804855e-05
-1.6811519911341666e-05
-2.0855858663237914e-05
-1.5747336116977984e-05
-1.4663161622630039e-05
-1.3540286615487673e-05
-1.5511019425706873e-05
-1.8605348519218357e-05
-1.3650311585178265e-05
-1.2345202279440137e-05
-1.9153557965612134e-05
-1.6766514466970417e-05
-1.4077617622676453e-05
-1.2598737013758132e-05
-1.196462329400294e-05
-1.637118286446082e-05
-1.3131404709654237e-05
-1.1086935633619621e-05
-1.6682343192464533e-05
-1.5880653064404004e-05
-1.6274915111746946e-05
-1.687937969097053e-05
-1.5857329266066866e-05
-1.2791953214574825e-05
-1.759341669615999e-05
-1.407147047821633e-05
-1.5020494227580006e-05
-1.2963958942069365e-05
-1.5310994154249524e-05
-1.1516126475097366e-05
-1.736810291996793e-05
-1.6442127151738983e-05
-1.462955795317189e-05
-1.5188623995188166e-05
-1.65547049249537e-05
-1.3796460472448313e-05
-1.6552622655707783e-05
-1.5027884009088943e-05
-1.5765173110304787e-05
-1.3098234367237005e-05
-1.2656606427685624e-05
-1.2389600589635119e-05
-1.5753907011750723e-05
-1.5313714950893065e-05
-1.584953810285228e-05
-1.5073321964376163e-05
-1.457930629628068e-05
-1.1417929671908578e-05
-1.418684259896219e-05
-1.2807270021897299e-05
-1.389983984345644e-05
-1.329726053966862e-05
-1.289609544380399e-05
-1.418639627914775e-05
-1.4913719512676948e-05
-1.53844363582345e-05
-1.4077045213167771e-05
-1.6117791027059347e-05
-1.2170374693976083e-05
-1.4179533426916802e-05
-1.288458926956837e-05
-1.1480711762490436e-05
-1.3779265247593209e-05
-1.185545449888803e-05
-1.2522940807946359e-05
-1.2102001012259667e-05
-1.1856819898403703e-05
-1.251234679389146e-05
-1.1935573347277018e-05
-1.3445999615668836e-05
-1.229040116274005e-05
-1.0970600784421247e-05
-1.2057911068286131e-05
-1.2443979457155141e-05
-1.0989086179802321e-05
-1.0491179355087699e-05
-1.613795085214642e-05
-1.34885133465934e-05
-1.5136245214208977e-05
-1.55294992539301e-05
-1.3834582574367982e-05
-1.2257325514963835e-05
-1.3527087176223862e-05
-1.430990559581069e-05
-1.1112596764839555e-05
-1.4425481080271307e-05
-1.3423823182923122e-05
-1.272735198126762e-05
-1.0590276474820026e-05
-1.2099677860810676e-05
-1.2841053558809712e-05
-1.2945600147307168e-05
-1.233258227484324e-05
-1.2898945989991972e-05
-1.1913564344323557e-05
-1.2133684489878949e-05
-1.3694655940810208e-05
-1.132502837980498e-05
-1.3809752273330478e-05
-1.1714596120593335e-05
-1.2578016557851512e-05
-1.1303626133996048e-05
-1.4989744946292127e-05
-1.1600570723857562e-05
-1.4976414552392292e-05
-1.226570818801953e-05
-1.1493568660425613e-05
-1.542120690162241e-05
-1.3491539545884557e-05
-1.3251681860393383e-05
-1.3207618541954957e-05
-1.1166191975942041e-05
-1.2919055015214731e-05
-1.445857766557701e-05
-1.330109868141749e-05
-1.1759647732367817e-05
-1.2167355004588654e-05
-1.1996544509340623e-05
-1.2402487509166615e-05
-1.2565476677384169e-05
-1.219335158542112e-05
-1.1073347921330967e-05
-1.3261304996292633e-05
-1.091977779876796e-05
-1.1483371800291575e-05
-1.2705135620849628e-05
-1.2692231713795632e-05
-9.698238266686587e-06
-1.4438824469609202e-05
-1.4025623258806519e-05
-1.0623652581087661e-05
-1.3732362630414219e-05
-1.2092814275665997e-05
-1.205486747812845e-05
-1.275606482387115e-05
-1.4857544827051594e-05
-1.347974415755182e-05
-1.3595047853531828e-05
-1.268597932913007e-05
-1.1907452268422603e-05
-1.1067983445689489e-05
-1.2339097183233783e-05
-1.248183124802349e-05
-1.2853110467780926e-05
-1.4087534881634944e-05
-1.3271538193471155e-05
-1.4173002870376816e-05
-1.3033428051867357e-05
-1.3776690406031022e-05
-1.1577258828610049e-05
-9.734654640103368e-06
-1.0466996893720992e-05
-1.5186587167648202e-05
-1.4473283895477529e-05
-1.3121183343844933e-05
-1.3233603228635094e-05
-1.358354384783933e-05
-1.3455443519494459e-05
-1.4157392006164393e-05
-1.510026951245802e-05
-1.1870601588637175e-05
-1.1488865589659447e-05
-1.302326178620472e-05
-1.3121976943974989e-05
-1.186091265392708e-05
-1.1712497868521243e-05
-1.2222420127772082e-05
-1.1324790181010957e-05
-1.1247708853190375e-05
-1.1289907934086685e-05
-1.1918982947167756e-05
-1.1785337263925388e-05
-1.11829413493858e-05
-1.0484479972538985e-05
-1.1100652602180627e-05
-1.1093040313714386e-05
-1.0566532352485059e-05
