-1.0000002138827258
-0.5076201051771081
-0.419712659256306
-0.37243358017066996
-0.3356475745924049
-0.3403915534567159
-0.2755192007063173
-0.2250932310012864
-0.27471820879586195
-0.2302455242921182
-0.12571758004287492
-0.16251601408833471
-0.14041512606154166
-0.14157177352561845
-0.07318209951811244
-0.09974707024884755
-0.07169238879545337
-0.05054085346547821
-0.0469972648527795
-0.035412289291427146
-0.04180273206995533
-0.04660950132864089
-0.03369200663864225
-0.02015433768828445
-0.011012010344875589
-0.01660646237725588
-0.01969355068948425
-0.009570715895124982
-0.01958984368835942
-0.014498009945037915
-0.011102743358835598
-0.012340021574310356
-0.011144806471439117
-0.009183930771283488
-0.011510609502420333
-0.010918213910913077
-0.008122345585140467
-0.008938669863834847
-0.011761030703330733
-0.009488708671917923
-0.009706582473414493
-0.00881215282501685
-0.0073224299696821316
-0.005688360076476884
-0.008991439871796125
-0.006378086414109974
-0.005933653266143202
-0.005854608489367641
-0.004930835698493452
-0.004887803075352637
-0.006589331000581622
-0.006492505374597113
-0.0034689432005022836
-0.005216878456455465
-0.004747146783899148
-0.003669892130809649
-0.005165327244544993
-0.003618558205995326
-0.003533782850433098
-0.00291665517875056
-0.0038912911825192964
-0.0021547248316119427
-0.002694074498528043
-0.0033054998008750225
-0.003407134767883291
-0.002528712276480549
-0.002861703648444458
-0.002537929090388691
-0.0024997596736659466
-0.0025306424252597437
-0.0022669034312086667
-0.002628904893778039
-0.002160710264468624
-0.002174705226568263
-0.00190760556628905
-0.0016733152159333353
-0.002317162712083487
-0.0012599478441560619
-0.0013280028789174891
-0.0019983384940709392
-0.0018185449143682253
-0.0016050494157608397
-0.0014638061840548389
-0.0017919665443260069
-0.001662874734237263
-0.0014586135979444692
-0.0011311929659727493
-0.0017300851034632858
-0.0014785650403139061
-0.0013582901531820069
-0.001375307683591842
-0.00103169776660611
-0.001423424235152071
-0.0012101130937243187
-0.0012254871273613133
-0.001084734614291205
-0.0009317671338903155
-0.0011000627490120873
-0.0009970631893213011
-0.0008493070902865774
-0.0011703989703890638
-0.0008128531698468611
-0.001100870336412263
-0.0010150321601207768
-0.000649975069852704
-0.0009523442419659411
-0.0009270875576631865
-0.0016348949789624645
-0.0011029252724665262
-0.0007483457841943597
-0.000714585958438152
-0.0008471579164994747
-0.0010852363969842127
-0.0009048755367387362
-0.0006665304674387529
-0.0009315235020287416
-0.0008061566957847099
-0.000722548869828421
-0.0007136717222642197
-0.0007138612627923258
-0.0010067728557814903
-0.0006424993968441872
-0.0008390560473246489
-0.0010109463127606078
-0.0007681332698042942
-0.0005147508157177794
-0.0006289634853215431
-0.0007060028969315679
-0.0007908369518457303
-0.0006037921732624518
-0.0005005786951408631
-0.0005709114854292596
-0.0005339173559780197
-0.0005213898520899929
-0.0006678114272415381
-0.0005734377214215436
-0.0007783774866921833
-0.0005223869375750589
-0.0005970396889214968
-0.0005048780352939763
-0.0005055997662080092
-0.0006094597905779153
-0.0007717367136289566
-0.000494568724412725
-0.0004946708186485682
-0.0004966668562069732
-0.0005107980965979309
-0.00039669044924467434
-0.0005572911659292856
-0.00042619213880057405
-0.00039948558613756013
-0.0006023225132799626
-0.00043747074281685894
-0.00039574515207346783
-0.000539985012337596
-0.00046975872254773066
-0.0004461582265330444
-0.00039227392957424945
-0.0002844667502694409
-0.0004366725532714555
-0.0004128424602548031
-0.0004693071688053885
-0.00041354956453931724
-0.00039076240161439735
-0.000387338299618345
-0.0006291224753559588
-0.00039791311583103894
-0.0003539456080784431
-0.0003939351602163521
-0.0003597201292508956
-0.0002906912764086833
-0.0003068161991627849
-0.0003105896948161213
-0.0004420730167505882
-0.00028459558846549715
-0.0003888714608706323
-0.0003524373465756958
-0.0003348949487783637
-0.0002649949983065669
-0.00030625748550455745
-0.00025755446971315044
-0.0002755075655301309
-0.00039357455006477915
-0.00028656875747018473
-0.00021773103814887174
-0.0003058423020343426
-0.00022456688957184223
-0.00028701167442179987
-0.00026480117416960436
-0.00030242201517444167
-0.0002572531372982412
-0.00020521996522315789
-0.0002364611700931274
-0.00026755783411741563
-0.0002671965764931006
-0.00020549802427122232
-0.00022765365148352812
-0.00026727266218412593
-0.00021894590788457124
-0.0002698105989800692
-0.00035795928029624946
-0.00027794915682122223
-0.00021552161585014495
-0.00022306861822496415
-0.00020799532023024758
-0.00020032063684710666
-0.0002578534373074426
-0.00020076033842836294
-0.000373644114600058
-0.0002277082185153656
-0.00019402786352989976
-0.00016482990790234187
-0.00015783228716054198
-0.0002073961580726369
-0.0001645860235330865
-0.00021569076873162452
-0.00018721378068775607
-0.00022913938313345872
-0.00021321316039790705
-0.00014438343535749798
-0.0001279728063235952
-0.0001509620144012902
-0.00018041458655621012
-0.00017860508043460177
-0.00015556613092410077
-0.00020982064320301808
-0.0001619291123924338
-0.0001680032633086248
-0.00016485911255320618
-0.00011557221688124342
-0.0001535655254117918
-0.0002207325256452508
-0.00014889778140114718
-0.00014421695982136384
-0.00016349057509951193
-0.00013343449475489155
-0.0001483977934768621
-0.00013481129079967458
-0.00013750285543090435
-0.00013314979596285026
-0.00014710263769346366
-0.00012884888569847375
-0.00013834917102756306
-0.00011942261192010584
-0.00012617101836503997
-0.00011458644081596692
-0.000137284972986651
-0.00011796020639903704
-0.00017293400253565183
-0.00010808649529719938
-0.00013852261521163367
-9.508378999367739e-05
-0.00013829507342039138
-0.00010600401883265054
-0.0001301572286706021
-0.00012234269154848265
-0.00014162571178683026
-0.00012788353674919595
-9.115905130979707e-05
-0.00011486992426812392
-0.0001369676756646787
-0.00010097800080233199
-0.0001208640537865846
-0.00010740922025642696
-0.00011010499039637578
-0.00013200462483797804
-0.00012019560910564442
-0.00010120440712446666
-9.704732892767964e-05
-8.363036751057873e-05
-9.615230082582471e-05
-0.00010379736400883965
-0.00011269399937929858
-0.00010923097693255057
-0.00010889335538682987
-0.00011405655913970802
-9.358658138486353e-05
-0.00011446871768228117
-0.00010407120521349622
-7.722727208975266e-05
-5.89108114176784e-05
-0.00011171300362777803
-9.190746451931409e-05
-9.548441014195497e-05
-0.00010509698684618707
-8.976324426729354e-05
-0.00012029965606774606
-9.681536206856967e-05
-9.289463743772375e-05
-9.157390037456414e-05
-9.168312066881734e-05
-9.31326916852604e-05
-7.889114396736341e-05
-7.916618425013455e-05
-9.28720862836685e-05
-6.829555965476297e-05
-9.293654106712346e-05
-8.032084836623321e-05
-7.637139453697817e-05
-9.685988749519314e-05
-7.229869348351903e-05
-6.247123612379557e-05
-6.46518245355221e-05
-5.482325946282174e-05
-8.533403570321063e-05
-6.587513221495422e-05
-8.321849020553884e-05
-7.666014400781185e-05
-7.231313103811532e-05
-7.724459956015561e-05
-7.676051591637423e-05
-6.722602098191421e-05
-6.621528254502351e-05
-5.738888527578867e-05
-6.49509140594473e-05
-7.312997920727593e-05
-7.161897300833608e-05
-5.234722188823815e-05
-5.233703901141862e-05
-7.09157031962282e-05
-7.181855174342999e-05
-6.521917069685079e-05
-5.3238769779084816e-05
-5.817432006910428e-05
-6.724184965917201e-05
-5.493841634296448e-05
-6.33530442540331e-05
-5.4145126626437e-05
-4.601315834124042e-05
-5.763988251328289e-05
-5.634163891565791e-05
-5.629966090120453e-05
-5.613311176538849e-05
-4.680380581989496e-05
-5.530689386784582e-05
-5.5156481097107246e-05
-4.6677191381072625e-05
-5.1269510450036027e-05
-5.219020408303576e-05
-5.275674901972227e-05
-6.175002779662542e-05
-3.9244897567847215e-05
-4.3824161738148515e-05
-5.6439439549915704e-05
-3.6188244999679764e-05
-5.208917594629048e-05
-4.476809389586389e-05
-4.4116637610003284e-05
-4.92435577527095e-05
-4.764709083493468e-05
-4.5292666949858784e-05
-4.471266676053798e-05
-3.982644627270604e-05
-4.308575092060174e-05
-4.720141006714362e-05
-5.023809436205395e-05
-5.9558897298306324e-05
-4.5416830812161635e-05
-3.270982595882099e-05
-4.411703337364736e-05
-3.3730253105490604e-05
-3.904159907358595e-05
-3.857292649744881e-05
-3.268930854255503e-05
-5.1831558010917433e-05
-4.071539638805799e-05
-2.8840568015831014e-05
-5.800434333524951e-05
-4.598474225903093e-05
-4.465377004747584e-05
-3.0421528485369276e-05
-3.603691304993051e-05
-3.963835275883065e-05
-2.9834057422573057e-05
-5.044050022701141e-05
-3.442405843501195e-05
-3.49579057766225e-05
-4.602307896889313e-05
-4.78187316469425e-05
-3.659618326895542e-05
-3.264927894264247e-05
-3.074364114574735e-05
-3.189788290952622e-05
-3.661722082426433e-05
-2.9150812193956543e-05
-4.01379704391136e-05
-3.940722647743922e-05
-2.3169297827918545e-05
-3.761014936598528e-05
-3.20292936784039e-05
-3.161277500784987e-05
-2.38048563208082e-05
-3.8570524224679215e-05
-3.037101509911766e-05
-3.737962778810333e-05
-2.857350263896219e-05
-2.7682395450090436e-05
-2.85153993935805e-05
-3.8735330198491624e-05
-3.207691257944845e-05
-2.779773288036358e-05
-3.007510679570169e-05
-3.557558576539055e-05
-2.6084496193068407e-05
-2.6963664150170263e-05
-2.5787635784702e-05
-2.600303662086967e-05
-2.8807237446415446e-05
-2.3439518939571968e-05
-2.2779089206503844e-05
-2.9242190796363587e-05
-2.249420500388677e-05
-2.2106973051216894e-05
-2.4835540659517985e-05
-2.5142808837586017e-05
-2.5934315093512073e-05
-2.4294699072224812e-05
-2.6681201377165564e-05
-2.6977936412209136e-05
-3.0495055015677952e-05
-2.4633613042279734e-05
-2.9446122651377582e-05
-1.6688863000047238e-05
-2.7610277800182992e-05
-2.2166360275244212e-05
-2.3199301882048662e-05
-1.710491133677383e-05
-2.3702373566580892e-05
-1.8823305009518787e-05
-2.418078623495079e-05
-2.4590488082454343e-05
-1.9241149204485275e-05
-2.144176464574654e-05
-1.7884560161274266e-05
-2.2952934482789455e-05
-2.793900663672355e-05
-1.6249802658796497e-05
-2.746945294918035e-05
-2.7019163217345543e-05
-2.016471718685464e-05
-2.2455426904266496e-05
-1.917919629323972e-05
-2.2860831955018313e-05
-1.8901853296560134e-05
-1.8784663808391056e-05
-1.5850433382924578e-05
-1.891464409026211e-05
-1.9566839374096645e-05
-1.7769678548995582e-05
-1.8423622735574963e-05
-1.690641106344426e-05
-1.6482828104902314e-05
-1.6074803272647653e-05
-1.7780200184724926e-05
-1.3660692453676404e-05
-1.736034777749529e-05
-1.5172733208446143e-05
-2.2958463691213904e-05
-1.5437238258420027e-05
-1.3264933819090441e-05
-2.0006565366270657e-05
-1.280892587529614e-05
-1.9117711210048238e-05
-1.4370007513919703e-05
-1.498133976363114e-05
-1.6703401362283543e-05
-1.3917138480146196e-05
-1.6021507125929535e-05
-1.4104702024508864e-05
-1.6299445716350114e-05
-1.156571089588887e-05
-1.637891426137239e-05
-1.719406995387418e-05
-1.2485525208161263e-05
-1.3861780801260881e-05
-1.4293279584021157e-05
-9.581747368148097e-06
-1.6185156921477706e-05
-1.4037669798572239e-05
-1.1060629464321181e-05
-1.6718698893969375e-05
-1.508072205891331e-05
-1.386501379002647e-05
-1.3053979471933097e-05
-1.1962398009768282e-05
-1.3416648210418103e-05
-1.2818904243316886e-05
-9.033118759882441e-06
-1.2767518961731561e-05
-1.3679624421114589e-05
-1.1272833800701765e-05
-1.3647640730307664e-05
-1.4358253046131697e-05
-1.2542982823493531e-05
-1.3718332104006858e-05
-1.1652980688336978e-05
-1.3448699138385312e-05
-1.4365574699526373e-05
-1.2149778006842471e-05
-1.0148672211551801e-05
-8.781980461614047e-06
-1.1370924282383399e-05
-1.2243748372831043e-05
-1.2017904683081504e-05
-9.081678806199811e-06
-1.0614413666565348e-05
-1.3047028222745727e-05
-1.2092592395540613e-05
-1.1984666294817536e-05
-8.865577865724283e-06
-1.2316836783210494e-05
-1.2995343876887056e-05
-1.1581907943980507e-05
-9.237730681233014e-06
-9.22250344154163e-06
-1.3961796334893695e-05
-1.1333553248449313e-05
-8.231206408970682e-06
-9.2562781098815e-06
-9.343652675686265e-06
-8.670344492756055e-06
-8.997780498065655e-06
-1.2346747487512744e-05
-9.088883023866678e-06
-9.816038083143575e-06
-9.48115777871239e-06
-1.0126351881634132e-05
-7.919286402646719e-06
-1.0012338034992574e-05
-8.808377007729629e-06
-7.795365704388324e-06
-7.754561251738235e-06
-7.43794999036318e-06
-7.053069707163573e-06
-1.0399108541392366e-05
-6.975355648863868e-06
-7.879903365426433e-06
-1.0629577155252257e-05
-9.077606716700881e-06
-7.843963419351674e-06
-7.113173595862943e-06
-7.270199738840244e-06
-7.265352012397752e-06
-7.3793075846539935e-06
-7.576464084724233e-06
-6.348263899669249e-06
-7.591273011475774e-06
-7.0408891773565685e-06
-6.095851003307118e-06
-6.085045042292236e-06
-6.3257320413456775e-06
-7.923623880023989e-06
-5.8757016018762265e-06
-6.2378204344626376e-06
-5.999119144062259e-06
-6.428193674190563e-06
-9.598670357657824e-06
-5.645096430972885e-06
-7.239327073305102e-06
-6.927658645627943e-06
-5.412209090338571e-06
-6.423691048251801e-06
-7.5090821216594605e-06
-6.017597027119237e-06
-6.336399173301199e-06
-5.798469593809585e-06
-5.333331255741314e-06
-5.65811932112803e-06
-5.499498301475558e-06
-5.048880416747004e-06
-4.980569537960111e-06
-4.813148260618405e-06
-6.6488400506381495e-06
-4.822382164204608e-06
-5.779323856258678e-06
-5.5655976666790785e-06
-4.404179491601656e-06
-4.8726953442157495e-06
-4.116466813863795e-06
-6.0631126073684705e-06
-5.134627738379027e-06
-5.569235571933895e-06
-5.329072217563624e-06
-6.649188080909418e-06
-3.883460992892829e-06
-6.410953660218599e-06
-6.2953230510753855e-06
-4.381120962460017e-06
-5.197266555789781e-06
-4.485831843203947e-06
-6.428732702234985e-06
-3.955107901187915e-06
-5.620213363533022e-06
-4.695545846089555e-06
-5.447132822355982e-06
-5.208744726592496e-06
-4.688619834325447e-06
-4.723467602496534e-06
-4.299720153144726e-06
-4.631397610033172e-06
-3.851693154144353e-06
-3.986974522363074e-06
-4.7300860556709345e-06
-3.1374735623423966e-06
-4.486709508699782e-06
-4.3663546186456514e-06
-3.9626160870387395e-06
-4.56561199957406e-06
-4.179501697620935e-06
-4.228975344966468e-06
-4.058192181188858e-06
-3.344757579792912e-06
-4.200968305112518e-06
-4.2740173066824205e-06
-3.879372475146248e-06
-3.3543555368886757e-06
-3.7510309309207734e-06
-4.2901549821006135e-06
-3.4983396394738797e-06
-3.8884162525398835e-06
-4.327291119043952e-06
-2.9239552357118725e-06
-3.111378035047796e-06
-4.139125164837054e-06
-3.83508338103189e-06
-3.5861607968756815e-06
-3.744718412468373e-06
-3.0270017189470977e-06
-3.984097066478398e-06
-3.094508074119595e-06
-3.042827001087378e-06
-3.847526382938504e-06
-3.2795146535646857e-06
-3.409173681578892e-06
-3.406364143643259e-06
-2.867982027365823e-06
-2.852312514567412e-06
-2.6341044253586077e-06
-3.2349408021215e-06
-2.8679368471173916e-06
-3.0140559187374905e-06
-2.346262481300876e-06
-3.17153284362659e-06
-2.8362374946966362e-06
-2.4387035316153494e-06
-2.8919083507883414e-06
-2.3756117322193404e-06
-2.7919919654562086e-06
-2.5245057059808396e-06
-2.6737501510054607e-06
-3.040486044492141e-06
-2.706106152383647e-06
-2.403550625862394e-06
-2.770713586675022e-06
-2.077299937064403e-06
-2.4026723132175576e-06
-2.0913663680843797e-06
-2.189499153593122e-06
-2.1452651923770105e-06
-2.7916078764178565e-06
-2.6189584598212967e-06
-2.9562795546556053e-06
-2.652350140519566e-06
-2.509502146808007e-06
-2.818605985499545e-06
-2.106738438034661e-06
-2.017867436310272e-06
-2.042722341777381e-06
-2.1567350721451994e-06
-2.4730117662574713e-06
-2.0912020016750077e-06
-2.036926980253373e-06
-1.8979641576710726e-06
-2.1639749831492416e-06
-1.8363991814984715e-06
-2.5114834274475584e-06
-2.2241165074099456e-06
-1.9049761121325837e-06
-2.1925826739765952e-06
-1.8221485894587275e-06
-2.2426060715119434e-06
-1.616304458940121e-06
-1.8437992614916965e-06
-1.4965900854702063e-06
-1.6043473142213216e-06
-2.5709939145968086e-06
-2.3544357958260598e-06
-1.791032715192653e-06
-1.6499777826806117e-06
-2.495100281385554e-06
-1.9610967582073258e-06
-1.7812618117174495e-06
-2.1245156777149887e-06
-1.7906201159045843e-06
-1.712058770475533e-06
-2.3519045340703038e-06
-1.4243677889935746e-06
-1.8801702318382851e-06
-2.369313427841302e-06
-2.190285097736222e-06
-2.106613169239324e-06
-1.681526813512857e-06
-1.620332480967157e-06
-1.8845944865231168e-06
-1.6480706022115044e-06
-1.5121463515233025e-06
-1.4462400084735982e-06
-1.232514726001721e-06
-1.7381776021285766e-06
-1.6190657941006492e-06
-1.365675684816825e-06
-1.5933466743778268e-06
-1.563063698917233e-06
-1.6060292671316034e-06
-1.257024117407024e-06
-1.356752963810326e-06
-1.4592639548394182e-06
-1.4163945307732462e-06
-1.8373119084480471e-06
-1.2819873918545888e-06
-1.4338376333467018e-06
-1.5320954567243916e-06
-1.3279504253449481e-06
-1.4914414736555415e-06
-1.0601998092774068e-06
-1.403753441819866e-06
-1.321504987883415e-06
-1.458043323077085e-06
-1.4813086999798664e-06
-1.1986033642275018e-06
-1.1173466779035301e-06
-1.3928564587817327e-06
-1.0088093045923507e-06
-1.0626682341863258e-06
-1.6494894252150338e-06
-1.4774136853912267e-06
-1.394309568192309e-06
-1.262104493637839e-06
-1.2007191659280103e-06
-1.3717243004807145e-06
-1.285839094200547e-06
-1.2582839306052307e-06
-1.3357140276615276e-06
-1.192014186690571e-06
-1.0029502388042566e-06
-1.0623247533869673e-06
-1.3233722714889318e-06
-1.2992317284798993e-06
-1.0261827803614842e-06
-1.1850373645705403e-06
-8.907652602752059e-07
