-3.017236236897815
-1.942006863982371
-0.57272112940698
-0.3129788389685812
-0.2892941861762064
-0.1514188748200314
-0.09441842287138058
-0.041592792154507396
-0.03479933369389726
-0.030604260220970236
-0.02749573139390954
-0.012872045041547597
-0.0104750487924683
-0.003907745332990209
-0.0038232811974803216
-0.0032814189087972956
-0.0024809704598403037
-0.00188772005420762
-0.0008309682394481155
-0.0007143663553907942
-0.00047336167417982855
-0.00031445419395498275
-0.00029174111824836757
-0.00022433665534604685
-0.00013871281601113283
-0.00010589759368678786
-0.00011974031282058206
-4.88266148601646e-05
-4.3451908033287356e-05
-2.8673994696859495e-05
-1.809126678381512e-05
-1.2736363899534808e-05
-1.2165269222708108e-05
-6.1675313406395205e-06
-4.828638314968714e-06
-3.392212977126885e-06
-3.660259269455679e-06
-1.7699100019474834e-06
-1.0747480678752197e-06
-1.3005693134116036e-06
-9.619485655809612e-07
