-5.3633652782793515
-1.9561080795380503
-1.6740039766297317
-1.2417223443672127
-1.2253671210643393
-0.39443094361634934
-0.4450316671412103
-0.3873672537050719
-0.335342516386556
-0.28687084538430974
-0.315188777458075
-0.22036956776685823
-0.1730167082023487
-0.14410124263027768
-0.11604648797316375
-0.08388805448540175
-0.07380813143378374
-0.055978423433875595
-0.04765566201273366
-0.04469594873591129
-0.033560904094743584
-0.026556318948025792
-0.024759060270523194
-0.016440548379616456
-0.015521891321275641
-0.009225807277913384
-0.0069188464110993
-0.006970579942433462
-0.006526415066284812
-0.005234142124120059
-0.002517512125845522
-0.0020389405381067826
-0.0020180053251524343
-0.0020579317452049176
-0.0019427590772002346
-0.0018307948604577295
-0.0017639186115076533
-0.0012207228617496513
-0.0009135653721175085
-0.0006157296647928412
-0.0005535380922141522
-0.00047866590823888305
-0.00047669534489650466
-0.00041619949138915757
-0.00017553118179460328
-0.00016076104250009604
-0.00015065866889900532
-0.0001563266004995247
-0.00010850703624898372
-0.00010096651320936484
-8.371928753100822e-05
-8.033424248379828e-05
-7.056350023731603e-05
-7.212755130185655e-05
-4.335972842868345e-05
-3.971316229045563e-05
-4.197565006172632e-05
-3.483613690297149e-05
-3.103392898048257e-05
-2.9746494717097782e-05
-2.622408139107968e-05
-2.7058343878838542e-05
-1.759405053954055e-05
-1.4932790775950416e-05
-1.418739573800891e-05
-8.302094887214367e-06
-5.8417938088028976e-06
-3.7689499679215144e-06
-1.9349846966248974e-06
-3.4527428472673483e-06
-2.1749768699353897e-06
-2.9142093808057906e-06
-1.947448467709556e-06
-3.7182698902904487e-06
-1.75052930020958e-06
-3.2112471728892866e-06
-6.197102120786974e-07
