-6.144669030569085
-2.829428722034848
-1.982343947311532
-1.506297323462721
-0.6882113616854717
-0.49616486011668126
-0.5472630115231125
-0.4331477643985718
-0.3221942123601812
-0.2244265590864819
-0.16283577121601442
-0.1151631931218624
-0.0925947975582566
-0.09007033650278408
-0.08509486861707516
-0.03459031273393709
-0.0349496191697003
-0.029173167732034183
-0.027034957435960738
-0.0206814323792488
-0.017653390595491758
-0.014499899270539074
-0.011581130997944111
-0.018956127801995182
-0.010094082894732015
-0.007823950526475887
-0.003830132858170049
-0.006160980744873978
-0.0032588716211122692
-0.0021023114937811505
-0.0015211779709044526
-0.0018191708678098606
-0.0012901100992190884
-0.0008473847636719656
-0.000721281227624132
-0.0006607892686533168
-0.0007067865249307248
-0.00043699111244380195
-0.0003858995681537136
-0.0003290712743551083
-0.00018681435876166663
-0.0002740889749471287
-0.00022132823509962707
-0.00015027566190517483
-7.174580137192521e-05
-2.5818909447361538e-05
-2.645908377396644e-05
-2.422494951957732e-05
-1.5144229366881312e-05
-1.855144909618245e-05
-9.815769603127578e-06
-9.00016314389629e-06
-8.842528759434032e-06
-5.308739879028579e-06
-3.204590185379441e-06
-5.296179889757724e-06
-8.156778613654936e-07
