-6.078079388674832
-2.8552208317693757
-2.3980941499543627
-1.1483849659734984
-1.0185621277729768
-1.048086723991036
-0.46064007927371475
-0.4212766239733958
-0.2056350376702022
-0.20817761614461272
-0.08750407852796838
-0.07541403346956566
-0.08308657509481931
-0.0874855737283399
-0.026772751286978203
-0.023056151596847707
-0.02325593656834779
-0.020697979450920397
-0.011636454182071376
-0.01011748411486213
-0.01033287558924334
-0.00910926512400656
-0.006956115081666381
-0.008550150291739778
-0.0026788534942688846
-0.0025219974859329586
-0.002329445459648749
-0.0020046597251116016
-0.001770933274928832
-0.0017174280776929202
-0.0007117133066174564
-0.000605284399240139
-0.0005918243724939944
-0.0005060224581630024
-0.0004347991310147403
-0.00039013603982107625
-0.00025439726561611413
-0.0001990963641761434
-0.0001404205053900931
-0.0001430103359755042
-0.00012287062726501485
-0.00010377112411630307
-6.384134267090058e-05
-7.267905341756808e-05
-4.710289755993635e-05
-3.6159482907138774e-05
-4.3404566197002836e-05
-2.8122577400924165e-05
-2.099498042440473e-05
-2.2946368019249874e-05
-1.8614545036902175e-05
-1.4081951979827423e-05
-9.237375741766307e-06
-1.5406655542449244e-05
-2.441320852919482e-06
-2.37624354304522e-07
