-9.743273225925465
-7.237081311359034
-4.730765083409666
-3.288907545651209
-1.6343138131033115
-1.4262655248842668
-1.301556276633704
-0.9460634592136181
-0.771312432559081
-0.7097809383753009
-0.4261749825024532
-0.3053687863168091
-0.23440140370564388
-0.226304302285965
-0.23492409273061776
-0.19543181983011104
-0.18282716885863404
-0.20146665155851773
-0.16459838321827625
-0.15510678041996662
-0.11967861475505703
-0.08483651059576092
-0.05680621306636091
-0.053058751781774216
-0.05835777549398635
-0.051139184538471216
-0.04821973352649889
-0.05072132556131548
-0.04470026385996617
-0.042144959599530685
-0.037929395744708216
-0.025821282866966833
-0.025117257206816568
-0.016673438798438855
-0.014729945981921233
-0.011925525191661901
-0.012236050363753304
-0.00989633705481463
-0.007849416077724936
-0.006965848076819325
-0.0060882539259037305
-0.007803005362323923
-0.005164386191306214
-0.004965529038588823
-0.0021137829536049813
-0.00277000357538415
-0.0018919070002398897
-0.0015763172110736523
-0.0015664627598592773
-0.0016046084103453762
-0.0012346415899435748
-0.0012878452901341486
-0.000666005931224678
-0.0005577334420001634
-0.00048236394470735355
-0.0004350239068666717
-0.0004830286632757641
-0.0003949586838110086
-0.0003827531000881734
-0.00035152022510986924
-0.0001413197222750462
-0.00014061827192524134
-0.0001364205645515426
-0.00012991221507618889
-0.0001783401145720731
-0.00013203233664782488
-0.00010664675700677861
-0.00010204831785332047
-9.705609580501484e-05
-5.486749946981284e-05
-4.4183276367792956e-05
-3.590788394776593e-05
-3.580643120093541e-05
-3.440909430407757e-05
-3.247826314423108e-05
-3.2044808623066245e-05
-2.761154031427626e-05
-2.614597334726909e-05
-2.1570605904575046e-05
-1.8033612690482315e-05
-1.4650492589085573e-05
-1.2590368916765016e-05
-1.0640151513005685e-05
-1.2365381369061623e-05
-6.792325527804621e-06
-9.083214846605792e-06
-7.583823546708501e-06
-7.418589941909914e-06
-4.286907891337677e-06
-2.660075812066509e-06
-3.118002706132722e-06
-6.0014591665158434e-06
-2.6508527839474993e-06
-3.462867123049662e-06
-3.881509491376889e-06
-4.195121999561735e-06
-2.811407927350018e-06
-7.1544799804534875e-06
-9.6153838070325e-07
