-0.8616143187177849
-0.8656340692385684
-0.6160284619874294
-0.2850445458666829
-0.23473351194877012
-0.20994286070514023
-0.2549779404166
-0.2195025260281412
-0.25917356464373587
-0.10325673874921015
-0.06971293612358964
-0.06869887684544274
-0.01838204589746162
-0.016634881877190755
-0.015562650869981098
-0.015380158896421303
-0.019035061494698025
-0.019387115074302685
-0.010932803272569847
-0.010168519424596734
-0.014693311815870413
-0.008968289067806112
-0.004615581445860384
-0.0047309675042480626
-0.00568607830747514
-0.009187927589709544
-0.0028250645288698806
-0.0025370841305997205
-0.0022654272025013356
-0.0014391263007883515
-0.0014532416256497482
-0.0012405998261754148
-0.0011079962237114938
-0.001089249415835658
-0.0012351541877206884
-0.0008675934129567242
-0.0006973511140224709
-0.0007203499779354638
-0.00037646302069616056
-0.00042801784159707257
-0.00025233621781073357
-0.0003782718716643929
-0.00019580072094460554
-0.0001407092498969531
-0.00011273185624072202
-8.697332164098182e-05
-0.00010398089134011634
-5.761768460810224e-05
-5.9255946200154064e-05
-4.9886278014388274e-05
-4.789491750523123e-05
-3.622737595054826e-05
-2.6728393419772623e-05
-1.7402476455208316e-05
-1.7564911192646804e-05
-1.2986201287867871e-05
-9.478311352340008e-06
-1.401951746371477e-05
-1.828466038489296e-05
-1.1111388713902492e-05
-8.049075173044429e-06
-6.1848468366765275e-06
-3.977897133133901e-06
-3.0247109861214483e-06
-4.820701144048201e-06
-3.9547330409339665e-06
-2.8909516691655313e-06
-3.165471255894836e-06
-1.5976977196796582e-06
-9.237085103475096e-07
