-1.003862415723788
-0.5043235448663757
-0.4029202983569957
-0.3747304970983686
-0.31385549388679707
-0.29735046182254
-0.3213170422635843
-0.34843457097388764
-0.27360784796693993
-0.3370156856036607
-0.2439039031822377
-0.25095255688199264
-0.20918248914873205
-0.2124408317711402
-0.2577916325500613
-0.2326951593400677
-0.2497352696527617
-0.16476445417212748
-0.20883071871536762
-0.18191263828117793
-0.22302681101551705
-0.17669472570715816
-0.1594148539170075
-0.15882830227566586
-0.16402480781548745
-0.14685602204629933
-0.14033375161414957
-0.13208357689881367
-0.12925331212417596
-0.1725242528649582
-0.16114059667862596
-0.16699245572194438
-0.13969543149574137
-0.1713690766172059
-0.1858926193481651
-0.13984314719129076
-0.14503877146737487
-0.11655536123002952
-0.12286590275145787
-0.09367270955814228
-0.15403745644247807
-0.12477881224146681
-0.08139065197923862
-0.08010658828156408
-0.08882629174674195
-0.08358691876158009
-0.06606188204316366
-0.09772661076741379
-0.08067842739748748
-0.07001012228938919
-0.0682811544035381
-0.05217445288790895
-0.07642933619214043
-0.08916603926106698
-0.0910490180999417
-0.07226173618775222
-0.0783442366475256
-0.04267894990388865
-0.0436110739656867
-0.03010572961731184
-0.03056815680505015
-0.020893126943602125
-0.014076793174112034
-0.033647300288093374
-0.022055987017659373
-0.016461349046043072
-0.011497874328675106
-0.023306183578744866
-0.0189190155582164
-0.016766516736711756
-0.012307080193767972
-0.010381842553087994
-0.03652728786494697
-0.02365334133012753
-0.022800434745789633
-0.014273144993791176
-0.011008707261849049
-0.011835788503501976
-0.010033784882275798
-0.020956721916551457
-0.013028143443224505
-0.010040781557932088
-0.025492071933251204
-0.018105645030824236
-0.010853924963817152
-0.013316460418286158
-0.009987952187596183
-0.01204709367954565
-0.009710365387485598
-0.024196357758438203
-0.010127559476852566
-0.010477455176419959
-0.009678195573401271
-0.029693022880542208
-0.009765573444635911
-0.009583277330245499
-0.011365542615698443
-0.009409655362217717
-0.008880458322484852
-0.010921273710531032
-0.009534775498002579
-0.009601137641104818
-0.009295772185282936
-0.013207492376360763
-0.00916525172905619
-0.008836999994441874
-0.00830639515125442
-0.00958040401531346
-0.009260140620607815
-0.008851809584001669
-0.009121763425817941
-0.008405191877465912
-0.00815192417295968
-0.008262151963976616
-0.007668839116123927
-0.007919960204478216
-0.007550212444200011
-0.009016178899608263
-0.008096352277109697
-0.008437327371002001
-0.00736082798031551
-0.007929947461830178
-0.010773479987190138
-0.008347637848996059
-0.0080096343346861
-0.007862517869967778
-0.007472452524797779
-0.008581888258752057
-0.007058807934935685
-0.007657188211961319
-0.0200976441272126
-0.007870711374282968
-0.008159783629566653
-0.007609435119724006
-0.007544651370541333
-0.005956059200826813
-0.007154663507761061
-0.005468213394284049
-0.006015025530907603
-0.007426607776197802
-0.005921912129719542
-0.007392580015786687
-0.00557476945894253
-0.0038788408125781104
-0.008543528327708383
-0.00716990646051241
-0.0064959937033521875
-0.005536991109388101
-0.004351145174887439
-0.0043874054039103605
-0.003700273292922107
-0.004912130822763594
-0.00473268158577328
-0.004762843037278308
-0.004535057248196084
-0.004343788186255859
-0.005396019342520986
-0.004591680213154925
-0.0036718550689165963
-0.003662391964228462
-0.003617314556847717
-0.004853558964955262
-0.00465632297684998
-0.004154951128437223
-0.004537326110619189
-0.0035116249621257034
-0.0032504683397453493
-0.0030198373611879936
-0.003297130938445525
-0.00273084987844352
-0.0032471807456339596
-0.002503961582192793
-0.0031738548693990287
-0.0027400083118543916
-0.00331507956131627
-0.00303653411702709
-0.003989393166764665
-0.0035327790999898356
-0.0031839998854089058
-0.0031392267848873168
-0.002958782661574566
-0.0021732281715417523
-0.00207748997591628
-0.003290041248635578
-0.003065465402630918
-0.0026545134736452036
-0.0022920744277593053
-0.002171699255213544
-0.002260140101205288
-0.0026663280937030964
-0.002277832784214562
-0.0024283249687443997
-0.0022954467082585417
-0.0029405272538617355
-0.002378735048741698
-0.0026088430334473833
-0.0023435919435819685
-0.00236611690576799
-0.0019499833150405377
-0.002034167180212376
-0.0016172829208561113
-0.002492453582188414
-0.0018423714352173715
-0.001934501568010727
-0.001651334020441264
-0.0020105662425860538
-0.002509198701805826
-0.0017091659889169608
-0.001418155998031967
-0.0020852056455915036
-0.0019914607654784033
-0.001963317758476857
-0.0019079106899275722
-0.0017644212115494606
-0.001659940877371091
-0.0020778573690102276
-0.0016753643858106737
-0.0018738513931767509
-0.0019054968224114233
-0.0014053560731492332
-0.001420017892002634
-0.0012561782037386338
-0.0019375407036723025
-0.0014741853995740573
-0.0017677935076459983
-0.0015160218235604206
-0.0013571343541075032
-0.0014961300436072689
-0.0019587010212682165
-0.0016595653146262435
-0.0014727734790845326
-0.0014255230776188954
-0.001324084297040229
-0.0011912655836448516
-0.0015796904671814826
-0.0015411563813994
-0.0013401616236436986
-0.001162759811619729
-0.0015785737193447225
-0.001804139651834069
-0.0009098828777249213
-0.0012144329876356275
-0.0010884380132161753
-0.0011097233053460331
-0.0012201082436943955
-0.0018265523035348452
-0.0012391131442156533
-0.0010038542382437843
-0.0013333212272635397
-0.0014016470277063986
-0.0013091513472449634
-0.0012419626643482284
-0.0012247788350825406
-0.0011661273087787416
-0.0010473228145045366
-0.0009724543321769086
-0.0012097078853831045
-0.0013140910697921337
-0.0010543451168323892
-0.001279418944884425
-0.0013218801717367334
-0.001348038149115216
-0.00113178596258523
-0.0012509007255528948
-0.0012097031691716276
-0.0011919404985012427
-0.0009658895854950944
-0.0010136251503857219
-0.0010694786755442998
-0.0009206217741384859
-0.000781791447108271
-0.00101369589506084
-0.000996811180757562
-0.0009619707586311366
-0.0012127617960266956
-0.0008093866084534218
-0.0010280661898652843
-0.0009390379240941105
-0.0011364294916420548
-0.0009021410860693968
-0.0008794012479904079
-0.0009948280056937264
-0.0010915282551932637
-0.0007581311301370075
-0.0007053712355947206
-0.0011402154180765733
-0.0010832400743885362
-0.0008973708737270991
-0.00111437438021883
-0.001037514382458582
-0.0008654032676834733
-0.0008723239614291667
-0.0008452655802978493
-0.0009829512159767462
-0.0009204194930801379
-0.000799637267697495
-0.001150313233607314
-0.000957979051808
-0.0010510506624013538
-0.0010175278490469064
-0.0009050339286586495
-0.0008637060217082104
-0.0007388196209980324
-0.0009627821968351546
-0.0008330273538755262
-0.0007522857433050478
-0.0008083533173774415
-0.0007125526947803773
-0.0006774401662065777
-0.0009830105899070185
-0.0008638765437691265
-0.000751151747914458
-0.0007522034320360804
-0.000793281477788399
-0.0008254744490632238
-0.0006634151175095027
-0.0006431724638021885
-0.0007454074954641454
-0.0008976020890997249
-0.0007171759919673004
-0.0007022036469352955
-0.0008020761321636538
-0.0006898983117072932
-0.000824109192456346
-0.0007994771604767359
-0.0006073481074107545
-0.0007085940506336708
-0.0005542468201685247
-0.0006459148451380958
-0.0006120376196112054
-0.0006177236792837548
-0.0006133668579660911
-0.0008853864013076973
-0.0007035456958192632
-0.0006456290846298951
-0.000641664120220764
-0.000699748108575371
-0.0006729154277979044
-0.0007623599330414677
-0.0006943170856298364
-0.0005991470024997447
-0.0007148460294628123
-0.0005841970586654699
-0.0006894298095738716
-0.0006145934553142829
-0.0006019408785857272
-0.0005771345691168994
-0.0006045852291926557
-0.0008437451894412473
-0.0006623521343269156
-0.0005058156711490458
-0.0005272011282484446
-0.0004678058508117422
-0.0004460656009904196
-0.0007031058920465294
-0.0006248801583439989
-0.0005391255530284855
-0.000572132000796366
-0.0005360858525549905
-0.0006615872017748936
-0.0005744993013538924
-0.0006456841369711364
-0.0006405895049167443
-0.0007438218008025688
-0.000698791916244168
-0.0005991232125046042
-0.000545882619936322
-0.00044410797838517757
-0.0006559322442259985
-0.0005283314658273697
-0.0005777891697159032
-0.0005137606811325135
-0.00048193447558342317
-0.0006291570313621264
-0.00047331789623206166
-0.000555343524701879
-0.0006826341608676678
-0.0005325776333484633
-0.0004395101234128118
-0.0004724114984508976
-0.00048107282751735925
-0.0005402571561162195
-0.0004703998996660186
-0.0004811130725763668
-0.0004733445157985017
-0.000581813762984551
-0.0004873304273169121
-0.0004838069172513615
-0.0004405614730417229
-0.00048092182993225707
-0.0005256142057161184
-0.0005680743112880249
-0.0005302621649786454
-0.0005642450319155445
-0.00048330019397313517
-0.0004250791237512819
-0.0003951188554783269
-0.00043435666684110696
-0.0004867066681464305
-0.0004519714988425183
-0.0004456531161582955
-0.0004288460876538114
-0.0004043839636197477
-0.0004775299308144576
-0.0004158430684730319
-0.00043286577627354994
-0.00045628940368303006
-0.00046719668049066687
-0.00036435385081395877
-0.0003894603495824267
-0.0004727698147822257
-0.0004535402104784425
-0.0005365754699049874
-0.00040353548623062174
-0.00037679192967826625
-0.000393301831432491
-0.0003464324419399367
-0.00042008065125559435
-0.00045697599315586146
-0.0003952146169385329
-0.0004015768161170219
-0.0003573126299465379
-0.0004110028634362606
-0.0004937406321255944
-0.00045432620036733873
-0.00039339937380949985
-0.00037356773444435776
-0.000375407032619679
-0.00033883045278698676
-0.0003158783890063188
-0.0004106310378401701
-0.00031673782677477114
-0.00032239717654103384
-0.0004676099705728798
-0.0004011788539547978
-0.00039014572969853223
-0.0004100012613895143
-0.0004163783019536238
-0.00039672517159961007
-0.0003673479146224512
-0.0004022111183389354
-0.00044849084164116926
-0.0004065641513925078
-0.0003832336749338139
-0.0004080102168967925
-0.00028787212678549334
-0.00039820004711282886
-0.0003099374989504189
-0.00040116705801340746
-0.0003912683698611419
-0.00033034608373733176
-0.0003484565404567319
-0.0003569964881997567
-0.0003910942396077033
-0.00030894948533061184
-0.0003392230321799805
-0.0004100167234477037
-0.00034916487734903967
-0.00033313939918733215
-0.0003195217705595499
-0.0003524291792869616
-0.0002914320933172787
-0.0002709054540198097
-0.00033600694869695413
-0.00028705663994343933
-0.0003270863577132799
-0.00038280727007505844
-0.00035734520081187604
-0.0003102183557325833
-0.00035906907472760263
-0.0003456166859880927
-0.00030684555327420426
-0.00031596689339546957
-0.0003443587901248435
-0.000303223463038349
-0.00026190994703439996
-0.0002687205701561446
-0.00032806141125552024
-0.00025097078747604584
-0.00028048564241239804
-0.0003154076620748847
-0.00034317795883281876
-0.0002663868712927675
-0.0003021107227391684
-0.00030779063238828286
-0.0002559563641949536
-0.0002666220076122938
-0.0002523563625869696
-0.0003300218040628855
-0.0002671729639056597
-0.00030489058627852783
-0.0002792073946171203
-0.0002934495481438093
-0.0002830083224164559
-0.0002829805433512411
-0.00028738103570824514
-0.0003287125705783711
-0.0003136609897436693
-0.0003059154289690724
-0.0002553563258425595
-0.000305424503163898
-0.00026269768619896494
-0.0002904257030776347
-0.00020064429684774066
-0.00022071176823484917
-0.00027805815261183753
-0.0002940107697844141
-0.0002640605274495389
-0.00029576677031945
-0.0002751554738247841
-0.00027201841651630643
-0.0003454674354685383
-0.00022484563615432496
-0.00025397090854645255
-0.00027127623220457586
-0.0002728832107392609
-0.00025297750981323475
-0.00029839785845081623
-0.0003115018855902041
-0.00022256093985467684
-0.00020914288596091124
-0.0002596569346284272
-0.00022577345888702416
-0.0002847896288883378
-0.0003052668542645187
-0.00028523447346229247
-0.00026319572534000413
-0.000265759148384781
-0.00029010305517962465
-0.00028349256622917096
-0.00024263742062075044
-0.0002552125683328299
-0.00024489145166367576
-0.00024226014654987749
-0.00022804401743120595
-0.00023124739540131278
-0.00025384677558859536
-0.0002505624274070084
-0.00023851464927926447
-0.00025450365764012606
-0.0002535734586071592
-0.0002551556533668675
-0.00021796002492951994
-0.00021015878968488888
-0.00025553416993512323
-0.0002187234984616926
-0.000238566348147784
-0.00022205906242633855
-0.00021734603372308703
-0.00020360945123926166
-0.00020212822313586676
-0.00025395087820517803
-0.0002386501695949006
-0.00020745636714442073
-0.00020665687668502963
-0.00017555347600262117
-0.00018727086070607912
-0.00018433082713709137
-0.00021649584093386132
-0.00018964431027523876
-0.000196752854076776
-0.00021012398681252709
-0.0001900548064026064
-0.00019696125442536516
-0.00023090901736572134
-0.00020427856488253182
-0.0001925311857989831
-0.00014535135051180204
-0.0001947813813999444
-0.00020712869835176617
-0.00020785409726381543
-0.0002020532445822787
-0.0002273881269375111
-0.00024166248973811477
-0.00023317012060097841
-0.00022450192744266628
-0.00020920538527846588
-0.0001894204599454108
-0.00021040127040827805
-0.0001881062974596892
-0.00018009513936145805
-0.0001497490682332847
-0.00021086401279835076
-0.00019628254784198607
-0.0002219775929224177
-0.00020701430750258432
-0.00018319953236545228
-0.0001760426158032291
-0.00020174935348060696
-0.00019224195416833734
-0.00019364632260404635
-0.00019814741852852702
-0.00021007612726425817
-0.00019703916582769487
-0.00018122559518296555
-0.00017029230632775727
-0.0002144391524147582
-0.00016677700944645046
-0.00018709844367781336
-0.00020657751326597085
-0.00017256285843830765
-0.00016632807635375002
-0.00019066071166962129
-0.00020835957492065793
-0.00020553179916982245
-0.0001900141388784249
-0.00019813053279577053
-0.00016153893267034647
-0.00016177198979333562
-0.0001895122963097018
-0.00020545436614455292
-0.00015417347313889662
-0.00016831447244236575
-0.00017374343314108254
-0.00016614840653911278
-0.0001520023324963482
-0.00019756986808927568
-0.00017477169044832763
-0.0001793340054870307
-0.00017237722181945303
-0.00016162658640050953
-0.0001876753002814091
-0.0001633403158793345
-0.00014584796074462725
-0.0001593731935961018
-0.0001587025520935481
-0.00016257461344959534
-0.00016855141258104167
-0.00015246692104325943
-0.00014806002362194315
-0.0001733133000667575
-0.00014517171451372546
-0.00014175995675025366
-0.00013898492512082194
-0.00013002664777472805
-0.00014030859692071296
-0.00015126794124609155
-0.00013729882416918526
-0.0001507755656305343
-0.00013897450567490477
-0.0001380121415091029
-0.00014544956096967931
-0.0001545915878553572
-0.00014765490384621716
-0.0001480719970037847
-0.00012946347111619794
-0.00014697447955708265
-0.000153336524000236
-0.0001308592433406086
-0.00015895250730507682
-0.000133250951994901
-0.0001506563530146443
-0.00013870608409033425
-0.00015705370939023133
-0.0001307089920912219
-0.00012973425463802535
-0.0001546413112591405
-0.0001515514449267341
-0.00014046171006498742
-0.00013851107059814627
-0.00012097513753905886
-0.0001455014082484274
-0.00013159968314396808
-0.00011586331443880216
-0.00013786328005160886
-0.00012855094268188205
-0.00011925900937859168
-0.0001297953295847365
-0.00012925731378621297
-0.00013244488315128367
-0.0001250535529082608
-0.00013551188816129933
-0.00013794139659834004
-0.0001375466734301889
-0.00012150299917113028
-0.00013219053041751971
-0.0001377828892705768
-0.0001270258899320753
-0.00011062146615264945
-0.00011293810152823713
-0.00012573423759165703
-0.00014516756847321455
-0.00012528856591814685
-0.00011228188196843458
-0.00011205726886343026
-0.0001314269903094356
-0.00013412989508204687
-0.0001327453324801997
-0.0001171559785325127
-0.00011700653789126214
-0.00010742935240182216
-0.0001303405741775454
-0.00010992854694297227
-0.00013360955035274236
-0.00010852359339674766
-0.00013684494750054732
-0.00013856805760281699
-0.00010829511112997459
-0.00011720633509049172
-0.00013770062559320673
-0.00011612168826624636
-0.0001067933301721058
-0.00011996857877544231
-0.00010879633259364141
-0.00010471991977645256
-0.00012311534151215886
-0.00013848292495832748
-0.00013070312281676655
-0.00010986271225599253
-0.00013665408943780433
-0.00011815488427302512
-0.0001024987859047366
-0.00012065723306753373
-0.00012039265737123772
-0.00011121583344386732
-0.00012607535133984937
-9.907323142654967e-05
-0.00011045977927748307
-9.809498018142904e-05
-0.00012397945616293704
-0.00010397538267942208
-0.00011680587810242171
-0.00010538722916825227
-8.907575752586938e-05
-9.938224491240488e-05
-0.0001042095253694364
-0.000123547215266806
-9.274908472972632e-05
-9.471096017615865e-05
-0.00010238923751121343
-9.774593700045964e-05
-0.00010337227971041196
-8.979013012533343e-05
-0.00011142538884623132
-0.00011029434199566479
-9.957748047850767e-05
-0.00010695621069817252
-0.0001109942671210229
-0.00010571362190947564
-0.00011542911106748877
-0.00010128941388065638
-0.00010928565742091001
-0.00010281444637955106
-9.96583802090889e-05
-0.0001079737635323319
-0.0001030918720938967
-0.00010367625456569884
-8.985636071084935e-05
-8.421580883732904e-05
-9.741358203796402e-05
-0.00011603342985078147
-9.038079516754394e-05
-0.00010048630168307815
-8.418999558440499e-05
-0.0001004528098794144
-7.916911146332861e-05
-8.502560505713186e-05
-9.318764169946592e-05
-9.088349965424847e-05
-9.76220339933831e-05
-9.149498185268001e-05
-8.565473602167861e-05
-7.3430289537324e-05
-9.286147628218e-05
-8.453570364563845e-05
-9.102445788689018e-05
-9.308863882445673e-05
-8.471846926799698e-05
-9.787995917476255e-05
-9.41614423670134e-05
-9.386936882310737e-05
-8.906110444484305e-05
-8.195635268820611e-05
-8.744824845713373e-05
-9.391937309910503e-05
-0.0001138805082665506
-8.157508699785376e-05
-8.693231365780596e-05
-9.162542300877874e-05
-7.129857837179232e-05
-0.0001000776088586619
-9.595524387029375e-05
-7.717844179011557e-05
-8.543001756516899e-05
-7.672475346798269e-05
-8.465401605611822e-05
-9.823028295802283e-05
-8.549318951028839e-05
-0.00010127055231584636
-9.093571797741395e-05
-7.524610682690946e-05
-8.993319969352598e-05
-8.946193308961847e-05
-7.298875478145561e-05
-9.891738868539335e-05
-9.62827327509741e-05
-9.267716916150359e-05
-8.764505765207486e-05
-8.61602454577115e-05
-8.34391417520175e-05
-7.414134552297114e-05
-8.462018415394956e-05
-7.931628635554633e-05
-7.732034079055428e-05
-8.890995397992096e-05
-9.0461661113872e-05
-8.77777511980038e-05
-9.04168690335494e-05
-8.467671916256858e-05
-7.764423284128963e-05
-8.660314376113254e-05
-7.966115534985274e-05
-6.824950130129848e-05
-7.06430493204735e-05
-6.569076564438836e-05
-7.349751428781248e-05
-8.015475993755627e-05
-9.138223882732e-05
-7.836953954448722e-05
-0.00010126198868298797
-8.372803868783585e-05
-7.858446667785568e-05
-7.902245118207585e-05
-7.610727148688046e-05
-7.272999057533758e-05
-7.629924423413481e-05
-7.375721544378155e-05
-8.569668081848114e-05
-7.87264715401137e-05
-7.325248102213466e-05
-7.450832845090627e-05
-7.996291249190435e-05
-7.67817537908333e-05
-7.5479433051584e-05
-7.139290154595246e-05
-7.051772342048235e-05
-8.164217385131511e-05
-6.395084108717919e-05
-8.719324825390284e-05
-7.856595456012805e-05
-6.38935037962085e-05
-7.617686999655815e-05
-7.092581789158725e-05
-6.986916426837686e-05
-8.091360235373823e-05
-7.435440168668261e-05
-7.028108004952793e-05
-6.458837080486335e-05
-5.776028983783821e-05
-8.893200841958437e-05
-7.48521937651847e-05
-8.224084767438633e-05
-6.370400232480478e-05
-6.386865434604427e-05
-7.054917652549175e-05
-6.512826429999619e-05
-7.195891846806246e-05
-6.820559777398483e-05
-6.83725498505372e-05
-7.465512587728762e-05
-6.06746762736865e-05
-5.988661236822068e-05
-6.953657981495498e-05
-6.88302462929502e-05
-6.602247237769143e-05
-6.820154060904748e-05
-7.312285855209932e-05
-6.353881414689067e-05
-7.04937972278441e-05
-6.27352492745814e-05
-6.993966919627281e-05
-6.011529447214059e-05
-7.18706434276184e-05
-6.206129075314593e-05
-5.3246338287127326e-05
-7.057943810745426e-05
-7.25647979148425e-05
-6.179092602193181e-05
-5.780067670979605e-05
-5.416559961585188e-05
-6.14691121326727e-05
-6.334645836086894e-05
-6.464033812636494e-05
-5.857307714207671e-05
-6.837516127922161e-05
-6.644030914726429e-05
-6.444040850872579e-05
-6.638514478668478e-05
-5.922266487584649e-05
-6.685330047129234e-05
-5.499539804176834e-05
-6.531687300947997e-05
-6.693506332405841e-05
-5.6883005858099356e-05
-5.3775072217376874e-05
-5.553320976148246e-05
-5.37122720619676e-05
-6.321294586658643e-05
-5.981464335291786e-05
-5.756134664292034e-05
-5.698250985597397e-05
-7.50584908738583e-05
-5.568545405471026e-05
-6.129128897519598e-05
-6.254454358345374e-05
-6.362448665958587e-05
-7.047670507770443e-05
-5.919054878456009e-05
-5.5270242671434655e-05
-6.101153780674329e-05
-6.371822300504926e-05
-5.5640621061670004e-05
-5.572597991704287e-05
-6.892186939932987e-05
-5.155289936431551e-05
-6.355933610002751e-05
-5.864521652793053e-05
-5.856309796842263e-05
-5.7076011725387676e-05
-5.433220995737509e-05
-5.3115152289506806e-05
-5.017439818005842e-05
-5.3599066435650045e-05
-6.421361845027063e-05
-4.723183138966025e-05
-5.104758284657507e-05
-5.1469887300259476e-05
-5.201397475085301e-05
-5.338644455893382e-05
-5.503680232854524e-05
-4.563881320268637e-05
-5.1892547028198344e-05
-4.4056146850712796e-05
-6.130197861142772e-05
-5.176793471955987e-05
-4.478209677544198e-05
-5.137564798363137e-05
-5.206692562836901e-05
-4.7972712012678276e-05
-4.8720995673823264e-05
-4.6999873775710466e-05
-5.5140422583255244e-05
-4.5644648474008065e-05
-4.691884171553751e-05
-4.630752957718309e-05
-7.141518709985473e-05
-5.905156104907272e-05
-6.613688796286432e-05
-6.908975213137936e-05
-5.4336670026022826e-05
-5.31787759504021e-05
-6.45198103040312e-05
-5.719099492718094e-05
-5.413300799977927e-05
-5.047712091710288e-05
-4.602507360335073e-05
-5.861754138991593e-05
-5.5980213920614474e-05
-5.7043816053148344e-05
-4.439645992293517e-05
-4.938245761432203e-05
-4.8576780456222046e-05
-5.5668673432207605e-05
-5.029257017818978e-05
-5.6417917961404385e-05
-4.9508117807961494e-05
-4.9709104660233816e-05
-4.405878626495552e-05
-5.1111494547784186e-05
-4.6790316018008316e-05
-4.7514005257154324e-05
-4.435592611673478e-05
-4.320184465211874e-05
-4.626217783482156e-05
-4.415721156469932e-05
-4.286883208831638e-05
-4.935170296527236e-05
-4.2335131183735e-05
-4.501170473231175e-05
-5.033087088696098e-05
-4.8803468796654315e-05
-4.6172716125114643e-05
-4.523545029488929e-05
-3.855545778153058e-05
-4.385070742868313e-05
-4.447488432490765e-05
-4.962175203826469e-05
-5.448393621088066e-05
-4.0096592104132966e-05
-5.1350848899567314e-05
-4.680035137738514e-05
-4.252138633109581e-05
-4.794542865532714e-05
-4.360703544031841e-05
-4.037344283402966e-05
-3.9703702093440985e-05
-4.4759062376664716e-05
-3.846852717187543e-05
-5.129973316303493e-05
-4.1272510225454084e-05
-4.0632495740045016e-05
-4.1091399251347305e-05
-4.351494625870478e-05
-4.549477196441609e-05
-4.1854966966958784e-05
-3.678674917745317e-05
-4.38719874361615e-05
-3.8986459760248504e-05
-4.237829113551417e-05
-4.3729835754624524e-05
-3.941312609184733e-05
-4.101889142726911e-05
-4.072626985496264e-05
-3.723934709837229e-05
-4.5298953386174734e-05
-3.953735458217533e-05
-4.391741493098289e-05
-4.71385738919361e-05
-4.244829994265453e-05
-3.6992630425281003e-05
-3.624532109064438e-05
-3.8530667613112524e-05
-3.781052388046602e-05
-4.433958645722047e-05
-4.5858744307625265e-05
-4.01898136583867e-05
-3.74076686577296e-05
-3.9855221945939157e-05
-4.575356911279416e-05
-4.4027119082856725e-05
-4.250710404818392e-05
-4.189935827114688e-05
-4.7821992857410844e-05
-3.777417389161375e-05
-4.0155709001232776e-05
-3.497961955623019e-05
-3.623091283311286e-05
-4.2690578810011814e-05
-4.161882623499036e-05
-3.9712922796919514e-05
-4.3069280390717335e-05
-4.117254735008791e-05
-3.660640690966721e-05
-4.0034329418625614e-05
-3.937286667060613e-05
-3.455002290336795e-05
-3.4975053565200476e-05
-3.13426779733339e-05
-4.261721608928015e-05
-4.099467487672648e-05
-4.1069870338417136e-05
-4.7169545400349566e-05
-4.139713226780639e-05
-3.5770421504544014e-05
-3.469460609040187e-05
-4.149438916661863e-05
-3.989308891355625e-05
-3.584938555051265e-05
-3.963491947189812e-05
-3.699692090874951e-05
-3.894008550386907e-05
-3.8150871907116635e-05
-4.1362030809233286e-05
-3.340014009184378e-05
-3.5074597177497946e-05
-3.2786192369904654e-05
-3.786699453006692e-05
-3.259013015732837e-05
-3.503074911381798e-05
-3.520952364038932e-05
-2.9177518651446466e-05
-3.869675508316739e-05
-4.194801368745393e-05
-3.837461194383662e-05
-3.87965256927747e-05
-3.949186161150697e-05
-4.244138508646689e-05
-3.346602804837895e-05
-3.326816907467389e-05
-4.466373463973827e-05
-3.478981407639692e-05
-3.2729872153913764e-05
-3.261295957251997e-05
-3.562785277438918e-05
-3.4667749734540454e-05
-3.1809467192223106e-05
-3.16624037396962e-05
-3.573352105429306e-05
-3.67574098835699e-05
-2.9955054517027957e-05
-3.5644771840315226e-05
-3.612436715899614e-05
-3.27607022995724e-05
-3.3818975972044196e-05
-3.0310269699518333e-05
-3.94658516412183e-05
-3.044844480332154e-05
-3.185882826012287e-05
-3.0116839358163006e-05
-3.565631474178321e-05
-3.284292172495151e-05
-3.241288047084456e-05
-3.187447315272651e-05
-3.199033892087311e-05
-3.5762998202570895e-05
-3.600395945752011e-05
-3.1885481804661e-05
-3.656784827005266e-05
-2.9917934896483978e-05
-3.0064404061724836e-05
-3.716423755123488e-05
-3.447004814854937e-05
-2.9947557680432002e-05
-3.227745402184512e-05
-3.558373133755177e-05
-2.872644964468929e-05
-2.902048469338725e-05
-2.7791343756244924e-05
-3.1771753276010894e-05
-3.092216333255848e-05
-4.109234253091287e-05
-2.774277090661359e-05
-2.6874250337260985e-05
-3.023601632329287e-05
-3.2941306319478336e-05
-3.455419096831669e-05
-2.5921594378253143e-05
-3.3485506958030875e-05
-3.223917339945093e-05
-3.220435592482529e-05
-3.177427447681458e-05
-2.9055144938117117e-05
-3.105146370147027e-05
-3.16910937773196e-05
-2.6514053451553998e-05
-2.828870845755782e-05
-2.8472694701853207e-05
-2.904222977767601e-05
-2.811013371184501e-05
-3.0865854634798406e-05
-2.8024993082742533e-05
-2.779406496161707e-05
-2.9782019246971103e-05
-2.852475855502634e-05
-3.329811872865296e-05
-2.816663282639853e-05
-3.220577422941018e-05
-3.073495214622746e-05
-2.8237992211299634e-05
-2.9966114057922155e-05
-3.0989632695821445e-05
-2.636509960918243e-05
-2.873329625835419e-05
-3.0001018812342295e-05
-2.385311853464467e-05
-3.0327849128097828e-05
-2.813393961870192e-05
-2.4451104366107757e-05
-3.180860930984686e-05
-2.5340917243099614e-05
-3.0307373380722424e-05
-2.954564334894938e-05
-3.1319675485919074e-05
-2.576758612848895e-05
-2.9242600147472153e-05
-2.9247259765996514e-05
-2.8370545416100956e-05
-2.4013789837740163e-05
-2.972276081980585e-05
-2.6645875183972656e-05
-2.926872625269583e-05
-2.8002021073281202e-05
-2.7852781794235337e-05
-2.4873888365473107e-05
-2.4835335911910228e-05
-2.5905881895882388e-05
-3.063683888526736e-05
-2.1582082170013006e-05
-2.8432296745983798e-05
-2.1486543606952235e-05
-2.8583484501742973e-05
-2.7478872991870684e-05
-2.3134887691733663e-05
-3.746708169122259e-05
-3.360995663986843e-05
-2.6350606663838594e-05
-2.7830648890170284e-05
-2.9363012530370103e-05
-2.8198762517472886e-05
-3.241239209295088e-05
-2.5993158723480736e-05
-2.598554152699606e-05
-3.0245514038074184e-05
-3.22096501133573e-05
-2.93264363038781e-05
-2.7145555631880036e-05
-2.714520326535519e-05
-2.51889407045236e-05
-2.3971476517725687e-05
-2.3762696489904034e-05
-2.3870535635739376e-05
-2.4048648609664713e-05
-2.736839749328812e-05
-2.6280567040404268e-05
-3.068251941046318e-05
-2.6824697503424755e-05
-2.5126021891863637e-05
-2.1256410564551853e-05
-2.6946100945224316e-05
-2.3556060636031884e-05
-2.411311407679584e-05
-2.3477061587562353e-05
-2.6404864719609122e-05
-2.7031656758380596e-05
-2.2269753371551015e-05
-2.374535458932181e-05
-2.2761089512934873e-05
-2.5082005230880888e-05
-2.298619457574702e-05
-2.6241996115339283e-05
-1.9966426100082035e-05
-2.5345880909133367e-05
-2.8316289032548347e-05
-2.6216481726126784e-05
-2.2496784341297094e-05
-2.3124993534018312e-05
-2.3917775542448005e-05
-2.1601801468151827e-05
-2.4746252961782567e-05
-2.6809894681678603e-05
-2.2325040226200965e-05
-2.4712266776694136e-05
-2.1605960407622415e-05
-2.6553191493250416e-05
-2.395912977221082e-05
-2.1787236123060882e-05
-2.0336780454321968e-05
-2.479637420926828e-05
-2.0635822001291437e-05
-2.237913804248315e-05
-2.502771677359572e-05
-2.5929952395420397e-05
-2.5542504487496842e-05
-2.5168857177626514e-05
-2.2359577767028238e-05
-2.3239110456707568e-05
-2.126500232274564e-05
-2.1916644386721362e-05
-2.1918286635724815e-05
-2.418091341871431e-05
-2.2337433940866624e-05
-2.4011118977207424e-05
-1.9510546585888022e-05
-2.1368448717584698e-05
-2.2387660831679757e-05
-2.1361167632294453e-05
-2.3237325414871002e-05
-2.133974871570965e-05
-2.155012125881761e-05
-2.3037630206446114e-05
-2.43647844540007e-05
-2.1561925899804546e-05
-2.1354312045807067e-05
-1.9000423773563035e-05
-2.0356220442774298e-05
-1.834471925071801e-05
-2.0765638500841455e-05
-1.900831674167547e-05
-1.9663603265607232e-05
-2.0516196623132643e-05
-2.3701391027808327e-05
-2.6581212712817326e-05
-2.4065809558548867e-05
-2.1684402870092434e-05
-2.0196725420695838e-05
-2.3045985811209757e-05
-2.033787428945555e-05
-2.04633148359612e-05
-1.823226618152818e-05
-2.0502603229943794e-05
-2.2310893092569728e-05
-2.0759027908767713e-05
-2.0994136547936026e-05
-2.0179266574271715e-05
-1.8570833293596323e-05
-1.789023739345863e-05
-1.884159228676685e-05
-2.0749700869959753e-05
-1.843169905063613e-05
-1.8956360860744592e-05
-2.1128476040077615e-05
-2.0632003687459655e-05
-2.0781819880244523e-05
-1.9548173488592724e-05
-1.988901994759429e-05
-1.912611569382383e-05
-2.0406409414031046e-05
-2.081726569352904e-05
-1.7029596059314756e-05
-1.747307768218409e-05
-2.194429454982494e-05
-1.8868863426113602e-05
-2.2352416293780486e-05
-1.7086801933352547e-05
-2.014333665256718e-05
-2.0201942698860886e-05
-1.938217899105643e-05
-1.9301800678994674e-05
-1.8989721584705688e-05
-1.668073240923551e-05
-1.8121512268820528e-05
-1.8930624524793327e-05
-1.900935376769608e-05
-2.0030577884855294e-05
-1.964421099731606e-05
-1.9074092256265995e-05
-1.5177545119871017e-05
-1.9763540409611924e-05
-1.8153187192115894e-05
-1.933469480558392e-05
-1.7471981021810468e-05
-1.8907732805439892e-05
-1.8790200010998515e-05
-1.9007516572744354e-05
-1.534990625778887e-05
-1.811807218754513e-05
-1.772760920981664e-05
-2.182346218670972e-05
-2.000186031370088e-05
-1.6680302924787505e-05
-1.4429077192179562e-05
-2.1298670443925527e-05
-1.9278610209449987e-05
-1.891372024082072e-05
-1.9021658616502624e-05
-1.6232005608074473e-05
-2.0730522736434054e-05
-1.721927039155524e-05
-1.7342252234042732e-05
-1.9293746318371774e-05
-1.8858157016299337e-05
-1.6071586969645946e-05
-1.8229246357748252e-05
-1.8487398587452297e-05
-1.8771930110073054e-05
-1.8523633058709077e-05
-1.9152640629349627e-05
-1.731661405418583e-05
-1.795806085874707e-05
-1.898622432194852e-05
-1.5360117193552458e-05
-2.0495127062036822e-05
-1.4828263969701716e-05
-1.534062037095163e-05
-1.995069284838058e-05
-1.79726906182065e-05
-1.7978043263755517e-05
-1.9668571843156624e-05
-1.5753844332999645e-05
-1.7301210279541124e-05
-1.7294475601337123e-05
-1.5877897470983893e-05
-1.7306018845308913e-05
-2.1542896987913895e-05
-1.6008137653733545e-05
-1.8383242734565375e-05
-1.812409082502242e-05
-1.9882169017659823e-05
-1.6573879947134884e-05
-1.678513544822735e-05
-1.9320868170524808e-05
-1.6972594346797987e-05
-1.7295105347425732e-05
-1.7504893446040892e-05
-1.629954485532492e-05
-1.5367150163536625e-05
-1.4834246946815455e-05
-1.549292088698362e-05
-1.5669929956108053e-05
-1.711148092714554e-05
-1.3961217420532801e-05
-1.5782128274965945e-05
-1.6526749703760224e-05
-1.550872425987171e-05
-1.5876574564144263e-05
-1.4717233490890713e-05
-1.4982753556547213e-05
-1.540783147008229e-05
-1.5133244095799636e-05
-1.640797768071023e-05
-1.5007866220051458e-05
-1.5534822360774303e-05
-1.487318644927127e-05
-1.622620173369338e-05
-1.429852077422522e-05
-1.8174289087402595e-05
-1.4115259879599051e-05
-1.5047040319238203e-05
-1.487310294273625e-05
-1.3156598486552262e-05
-1.4053858879758963e-05
-1.5235938877811162e-05
-1.5376417289714173e-05
-1.4971648107042768e-05
-1.4846663356271605e-05
-1.374055614561387e-05
-1.3673597793195658e-05
-1.5221319556557589e-05
-1.3965641036062237e-05
-1.4615500433579065e-05
-1.553270296078546e-05
-1.4241197942632677e-05
-1.2827941426429845e-05
-1.2149870984357047e-05
-1.4705646909363157e-05
-1.5291166945652357e-05
-1.357999301709878e-05
-1.3435813830509069e-05
-1.3782246620575034e-05
-1.5570742490589318e-05
-1.4615105832838093e-05
-1.472156107024114e-05
-1.2266441919928095e-05
-1.4612690584725474e-05
-1.2446760013717917e-05
-1.663326223333428e-05
-1.48262976955027e-05
-1.5639700099268072e-05
-1.672789228263083e-05
-1.3275761168551892e-05
-1.3327235949545102e-05
-1.3730412218304622e-05
-1.4851704916496455e-05
-1.630788644019221e-05
-1.4505194621039497e-05
-1.3638716785058236e-05
-1.3387429446509724e-05
-1.3894256704061192e-05
-1.3185334204302013e-05
-1.4284126223007565e-05
-1.538890718805197e-05
-1.3352835583346767e-05
-1.392466487487587e-05
-1.3663597539292915e-05
-1.4706629485605749e-05
-1.28583712430963e-05
-1.1353074452491452e-05
-1.2562716308561761e-05
-1.3031441908284425e-05
-1.3905352616749855e-05
-1.1443513187214815e-05
-1.2999250722456335e-05
-1.5065917809309326e-05
-1.2553602205922498e-05
-1.5254358453731243e-05
-1.2844241181309002e-05
-1.3886014173625227e-05
-1.3765640002105783e-05
-1.536475648733493e-05
-1.2580954127483501e-05
-1.3474310364969266e-05
-1.4884232770129291e-05
-1.409313124345335e-05
-1.3725514556528484e-05
-1.3840779893581345e-05
-1.4375703891011948e-05
-1.3905666753188939e-05
-1.2482398644098058e-05
-1.2503084994675007e-05
-1.1450729263451365e-05
-1.2171836761498689e-05
-1.5158931676695353e-05
-1.2859985916102712e-05
-1.4092248291686094e-05
-1.1063762777596686e-05
-1.1046180203977407e-05
-1.270404546205306e-05
-1.3725260091301816e-05
-1.219213324427093e-05
-1.165181323220521e-05
-1.2841044130407209e-05
-1.3392471336304279e-05
-1.3890187529619347e-05
-1.16035613555443e-05
-1.2035023058742933e-05
-1.127694556979364e-05
-1.2204482277677897e-05
-1.2610532977352928e-05
-1.2131293781192376e-05
-1.1766560139236937e-05
-1.1115859183785659e-05
-1.1504625463953921e-05
-1.2006233871986183e-05
-1.181865462296372e-05
-1.035198332360876e-05
-1.4417263110744205e-05
-1.361987912029683e-05
-1.2165264264729636e-05
-1.1769497269942253e-05
-1.0978054107546598e-05
-1.2310087265876568e-05
-1.2544097512168229e-05
-1.250056755536244e-05
-1.0549471010146139e-05
-1.2180454334764779e-05
-1.0348138403282192e-05
-1.2185444719203797e-05
-1.2018501415578253e-05
-1.1637817916410054e-05
-1.1576912488986402e-05
-1.0292745160567218e-05
-1.1568560616848078e-05
-1.0043387251634783e-05
-1.25458472169937e-05
-9.698084596498902e-06
-1.1651420357583486e-05
-1.2636657120590478e-05
-1.0404146590148322e-05
-1.23434845984427e-05
-1.1540219184480449e-05
-1.3826430256658195e-05
-1.2941063811389153e-05
-1.0705342037287124e-05
-1.2380881813878197e-05
-1.2163475965776271e-05
-1.2332887960542216e-05
-1.1535104650517436e-05
-1.2178407252649848e-05
-1.1350159797529624e-05
-1.1300742182640544e-05
-9.202897588767023e-06
-1.1820531688355729e-05
-1.1309701701434083e-05
-1.0985651513140127e-05
-1.1607833804938572e-05
-1.0761145183224574e-05
-1.3079970415885711e-05
-1.1689968694050812e-05
-1.0805484438769497e-05
-1.1394040429102414e-05
-1.1497143714012115e-05
-8.923015724471295e-06
-1.2108745906180829e-05
-1.026731544678805e-05
-1.1691846816153095e-05
-1.1834812762678837e-05
-1.1420482730062353e-05
-1.2175446551909719e-05
-1.121984994073566e-05
-1.0946361258867832e-05
-1.0321206363461677e-05
-1.0262122361603954e-05
-1.0736583398174293e-05
-1.0742624210635654e-05
-9.883670581134485e-06
-1.1337340871386825e-05
-1.1078854471047173e-05
-1.1652838139586397e-05
-1.0556060014321744e-05
-1.0746014385942804e-05
-1.057690472688888e-05
-9.903125690491343e-06
-8.677126333012097e-06
-1.065158586183168e-05
-9.825859816903204e-06
-9.39213168266173e-06
-9.934322547200392e-06
-1.2474000593509782e-05
-1.0289175228772596e-05
-8.555397686793587e-06
-1.0964645067612633e-05
-1.14767958606099e-05
-1.1095355710477595e-05
-1.2513673720404572e-05
-1.1301653138950929e-05
-1.0746683208329166e-05
-1.0148113500751954e-05
-1.1282063181072832e-05
-1.0352905348176566e-05
-9.573743771973398e-06
-1.0589265594607156e-05
-1.0599432110847129e-05
-1.0261078591367045e-05
-9.23317306300575e-06
-9.552900856357738e-06
-1.0685476266814042e-05
-9.376422833384801e-06
-8.270180364255975e-06
-9.728050301305302e-06
-9.179190499641887e-06
-1.030942728275086e-05
-9.107529658880509e-06
-1.0321763592946454e-05
-9.482607235988816e-06
-9.722372990905725e-06
-9.258073081108709e-06
-1.044887403878203e-05
-1.0820937753230897e-05
-9.920970281629415e-06
-1.036813464871944e-05
-8.771442077670777e-06
-1.0630161291380613e-05
-9.460115544090986e-06
-9.595312813803769e-06
-8.746365196710126e-06
-8.886816122877228e-06
-7.833637706677887e-06
-1.0306666230808226e-05
-8.175759190931497e-06
-1.0496679459848224e-05
-1.0861853695809387e-05
-8.919003196272701e-06
-1.0424581522505694e-05
-1.0842176817404958e-05
-1.1281863166678896e-05
-9.74181837964938e-06
-1.035327920373419e-05
-9.89598892314758e-06
-9.901958890723428e-06
-1.1662122830213839e-05
-1.1544021392806414e-05
-9.668215140645753e-06
-8.790649991596844e-06
-8.388655272362211e-06
-8.964605678618565e-06
-1.0944942120116874e-05
-8.539538634000365e-06
-8.249990875064395e-06
-1.059061956720786e-05
-9.747623493316926e-06
-1.0777565861375127e-05
-8.945807520532867e-06
-9.540594330836871e-06
-9.491241097947523e-06
-1.113278401204676e-05
-9.59833962471679e-06
-8.78170082946328e-06
-9.645766282317947e-06
-9.709429485416088e-06
-8.623896132708975e-06
-8.271938243542554e-06
-8.42209929324822e-06
-9.602470731451263e-06
-8.608101148332992e-06
-7.330614264777768e-06
-7.562995343657342e-06
-1.0256556725651844e-05
-1.017741337944189e-05
-9.297145480924307e-06
-8.253212032072188e-06
-1.0471894061836462e-05
-8.91129136415536e-06
-7.68133873130239e-06
-8.633224175769172e-06
-9.229618952555363e-06
-9.290527665517523e-06
-9.839973033387572e-06
-8.432508192879329e-06
-9.03799025570029e-06
-9.163061233496972e-06
-8.26849402807417e-06
-9.52275175192252e-06
-8.55684047917915e-06
-7.930818396617578e-06
-8.600838195593763e-06
-8.642359716370951e-06
-7.911874379484818e-06
-8.067921045518123e-06
-7.94028100548072e-06
-8.173877858508316e-06
-8.222518520950572e-06
-9.472218259809484e-06
-7.936165360544756e-06
-8.478939184319856e-06
-8.174032605556825e-06
-7.839723237257346e-06
-8.752419047075577e-06
-7.084549467351042e-06
-8.321573863101506e-06
-8.536892224408898e-06
-7.732401084203921e-06
-8.924128748588611e-06
-7.298058292692922e-06
-8.532083237089427e-06
-8.643771723937377e-06
-8.510302869468855e-06
-7.501739365700644e-06
-7.757328383761752e-06
-7.377002668618182e-06
-7.246076583089511e-06
-7.73232542039537e-06
-7.459772521256625e-06
-8.097618867719536e-06
-7.91482101153429e-06
-7.437141570199035e-06
-9.84986217617001e-06
-9.36904424625462e-06
-8.418041681723665e-06
-7.792683935359257e-06
-7.315459376266986e-06
-7.360817518287099e-06
-8.354008854571937e-06
-7.666114254123446e-06
-8.548034502231516e-06
-8.040371245576772e-06
-7.475540607981834e-06
-7.418383177859589e-06
-7.594510672170873e-06
-8.972039436616619e-06
-6.974549422167353e-06
-6.891656692264991e-06
-8.948172562917023e-06
-7.633755720048985e-06
-7.28711952607819e-06
-6.84617882995564e-06
-6.614064309407031e-06
-6.7638586313534255e-06
-7.404753628870164e-06
-7.198834488020278e-06
-7.3110516117802504e-06
-7.527162256160125e-06
-6.661031682619889e-06
-7.637162766416239e-06
-6.5973250548689855e-06
-7.704393341301241e-06
-8.215063185379456e-06
-7.922182658826049e-06
-6.787545408726281e-06
-6.494824666802845e-06
-7.288334385069373e-06
-7.094910949190236e-06
-7.079473606508291e-06
-6.468605081744183e-06
-8.698308252896858e-06
-7.0729897724830515e-06
-6.516530185518565e-06
-6.9167009538184665e-06
-8.006611289579357e-06
-6.792212429607147e-06
-7.6283245784014575e-06
-6.188232606951782e-06
-6.9027666776411145e-06
-6.5691567381898075e-06
-6.7986404118647314e-06
-7.575226143696767e-06
-7.319536378724845e-06
-7.487707357811679e-06
-7.65591469475968e-06
-7.01329770963488e-06
-6.7483063593276604e-06
-6.872929302959019e-06
-6.868092924605662e-06
-7.129644336245633e-06
-5.647551651222216e-06
-6.1861693883003e-06
-6.6196564103004896e-06
-6.3070489770833404e-06
-8.129061458861386e-06
-6.888962365003692e-06
-7.03963715770195e-06
-7.505535917717854e-06
-6.146459749833966e-06
-6.650339167302288e-06
-6.9757580085094695e-06
-6.394623208949568e-06
-5.87498110932172e-06
-7.440988742779542e-06
-7.179968918968882e-06
-5.714169103998579e-06
-6.366327433116048e-06
-6.237937943964766e-06
-7.008495104265933e-06
-6.437201758802136e-06
-6.99396882097858e-06
-8.69009800968934e-06
-6.453590421284794e-06
-6.77108470797938e-06
-6.715232574838748e-06
-6.889047049485342e-06
-5.582152118766004e-06
-8.299636851949455e-06
-7.563745812233513e-06
-5.7804948677131485e-06
-7.010472615753827e-06
-6.405128625042167e-06
-6.089731971581358e-06
-6.108243671143487e-06
-6.763992922487194e-06
-7.075004122669704e-06
-6.68374081930212e-06
-5.599732349981235e-06
-6.717428315206053e-06
-6.116690464352814e-06
-6.350161340207272e-06
-5.679002728853355e-06
-6.694917821237212e-06
-5.796402524682609e-06
-5.500673499914122e-06
-6.908048467590966e-06
-6.403414394340334e-06
-5.618765682668947e-06
-7.181479294571247e-06
-5.84022296795661e-06
-5.8270276742655724e-06
-5.472446435172973e-06
-7.230279275571849e-06
-6.1663240343845516e-06
-5.792111764213459e-06
-6.282693043591081e-06
-6.9761810474466834e-06
-6.506189584587485e-06
-6.09585813932112e-06
-5.605763026272914e-06
-6.419635918908373e-06
-5.889907596534627e-06
-6.093063331380488e-06
-5.123930033379409e-06
-5.877275842836038e-06
-6.146832785935974e-06
-5.644578724428584e-06
-5.350933349856923e-06
-5.5308587192937075e-06
-5.414003223846997e-06
-5.5011571417629135e-06
-5.82704645929466e-06
-6.577910339367055e-06
-5.146093272012653e-06
-5.742891654225701e-06
-5.6882608064356965e-06
-6.166735367629794e-06
-5.690958974902127e-06
-5.4892942739637185e-06
-6.6424760314376385e-06
-6.16043992812676e-06
-5.399209397738414e-06
-4.905697579771218e-06
-4.921522290701752e-06
-5.958879633505276e-06
-4.943682617830625e-06
-5.618126693973657e-06
-6.054955162038134e-06
-5.464125436949185e-06
-5.637595995866551e-06
-5.655266171356033e-06
-5.2910321363119905e-06
-4.889340848190926e-06
-5.97493722792608e-06
-5.565588005740363e-06
-5.457661557906057e-06
-4.6697618945046315e-06
-5.364615519032334e-06
-5.819920706473525e-06
-5.343645111011153e-06
-5.254846013047487e-06
-5.230855857407679e-06
-4.96570425584375e-06
-5.861217193092738e-06
-5.591141908733999e-06
-4.99429397626816e-06
-5.4699922315548655e-06
-4.8795669622681e-06
-4.8974463989215344e-06
-5.924071716234547e-06
-4.70820520398485e-06
-4.5015117067226385e-06
-6.010278506218825e-06
-5.172197910907617e-06
-5.885816273476507e-06
-5.519885429627891e-06
-5.983278628884925e-06
-5.322572062371744e-06
-5.0989918204402684e-06
-4.91218662207471e-06
-4.878293794752242e-06
-5.405859797302792e-06
-5.363972956085039e-06
-5.487420646044239e-06
-4.273192819259641e-06
-5.597750176111749e-06
-4.674081758693216e-06
-5.936912563564434e-06
-4.785178965183157e-06
-5.011598261495109e-06
-4.606145753704993e-06
-5.232096639939954e-06
-5.135089648999891e-06
-4.945861011573793e-06
-4.574312780225576e-06
-4.420360304624449e-06
-5.228252882960582e-06
-4.650804410477605e-06
-5.48017138363166e-06
-4.706383959329763e-06
-5.354559240833279e-06
-5.151313985318762e-06
-4.816140639629651e-06
-4.333598168648756e-06
-4.7402927726980515e-06
-4.958799311061135e-06
-4.480568430997867e-06
-4.15320227342697e-06
-4.812235052775726e-06
-4.274754162258976e-06
-5.035417255272456e-06
-4.6934333218784374e-06
-4.894007358424712e-06
-4.87504115903592e-06
-4.671970924241542e-06
-4.7396669797250546e-06
-4.81779549332817e-06
-4.362820574921322e-06
-4.147829438361228e-06
-4.380087404387556e-06
-4.720584539597006e-06
-5.159591238312888e-06
-4.162821521824789e-06
-4.219703662655672e-06
-5.22471894082166e-06
-4.1087392624872265e-06
-5.16055163818363e-06
-3.828229536151362e-06
-5.034360280542494e-06
-5.407085657216371e-06
-5.1397494832405854e-06
-5.868426677546612e-06
-5.156653064830596e-06
-5.227392400830588e-06
-4.076042991074669e-06
-4.786082014540671e-06
-4.451378306569165e-06
-4.734581812604333e-06
-4.985884684449715e-06
-5.563681385267749e-06
-4.195951135987919e-06
-4.478312162159437e-06
-4.689256114687179e-06
-4.678778474043188e-06
-4.646152265364023e-06
-4.374930290262924e-06
-4.349624448507505e-06
-5.168472035632643e-06
-5.082767872199856e-06
-4.1294984617357144e-06
-4.075443804651968e-06
-5.198046015619795e-06
-4.406037621529357e-06
-4.18004406449457e-06
-5.0735690834691205e-06
-4.377365326657667e-06
-4.6056790106718815e-06
-4.395561468417686e-06
-4.108276860759208e-06
-5.062515644971288e-06
-4.303908267333512e-06
-5.057361859017728e-06
-4.7227914312664154e-06
-4.147457366043827e-06
-3.4347351576258234e-06
-4.127171158996301e-06
-4.121142112678555e-06
-4.782388719482e-06
-4.035699309401508e-06
-4.373775192745288e-06
-4.7417401495830624e-06
-4.446146287917507e-06
-4.3581929377589645e-06
-4.174673787604721e-06
-3.9296465798588365e-06
-3.861884971700924e-06
-3.4459413171261666e-06
-4.4845460958065075e-06
-4.382975935024458e-06
-3.975338013106899e-06
-4.074685609367634e-06
-5.355029747966533e-06
-4.0675297159342705e-06
-3.872977092811425e-06
-4.051556287909541e-06
-4.4187349564350775e-06
-4.612599568742937e-06
-4.483143905442688e-06
-3.910681199814636e-06
-4.383550057829311e-06
-4.451434275187793e-06
-4.239346193479765e-06
-3.852731006670496e-06
-3.878170567794825e-06
-4.4979094381281115e-06
-4.027787028237917e-06
-4.786681769286538e-06
-4.388953355471958e-06
-4.125122971487816e-06
-3.3476188265324502e-06
-3.8258832540938315e-06
-3.726875728526924e-06
-4.8109446622035534e-06
-3.931379152000147e-06
-3.888314606126375e-06
-3.849941017319836e-06
-4.138071201365001e-06
-3.828547007589389e-06
-4.590540508664365e-06
-4.29782815930535e-06
-4.19852631533546e-06
-4.336003651794762e-06
-3.669554888396931e-06
-3.8020636960456322e-06
-3.4706592368372036e-06
-4.0444201460654305e-06
-3.6618579860037137e-06
-4.033105796108494e-06
-4.2304992855513035e-06
-3.596500670832725e-06
-3.6444037024851994e-06
-3.2467810194836133e-06
-4.148152322747123e-06
-3.5027412755295195e-06
-3.802879536107806e-06
-3.3057137093783773e-06
-4.792985417612083e-06
-3.99166945380669e-06
-3.7540044253159266e-06
-4.065213488391173e-06
-3.6289495624619583e-06
-3.80041750613902e-06
-3.7971442450324133e-06
-4.4851781721422235e-06
-3.946282752076424e-06
-4.1867547571072805e-06
-3.5942589861059915e-06
-3.463944544590536e-06
-3.5380331480094895e-06
-3.862177403668454e-06
-3.961129076746062e-06
-3.4072588375733126e-06
-3.267749989821489e-06
-3.663748904148001e-06
-3.600145032145452e-06
-3.725329746850914e-06
-3.332004435141478e-06
-3.589598328523902e-06
-3.1928019254556794e-06
-3.3355514765798233e-06
-3.58677215656078e-06
-3.749422448073858e-06
-4.0577908574923605e-06
-3.1419952153388664e-06
-3.4350516875392145e-06
-3.171024567483194e-06
-3.7218167631136723e-06
-3.116838841410452e-06
-3.908876688551999e-06
-3.5880756496520227e-06
-3.891483649320904e-06
-3.2436981816097443e-06
-3.47501295033803e-06
-3.2533190468253537e-06
-3.4559486918328552e-06
-2.965779171859584e-06
-4.014269112839752e-06
-3.22020639204057e-06
-3.5280451573527216e-06
-3.2135743213146384e-06
-3.852090433298372e-06
-3.1973822073316782e-06
-3.467129864209717e-06
-3.933688343060737e-06
-3.2140103974898082e-06
-3.1261835958251716e-06
-3.0035279940388016e-06
-3.149515311051676e-06
-3.2581728268699095e-06
-3.501814440309836e-06
-3.087498598342009e-06
-2.9682876775960487e-06
-3.5395468040988476e-06
-3.010439724671077e-06
-2.9536946587471746e-06
-3.5111231456164127e-06
-3.1758689991723266e-06
-3.4948976213589056e-06
-3.1848438693526937e-06
-3.4450357507265217e-06
-3.1013176798322384e-06
-3.2437324096745712e-06
-3.0402781098781695e-06
-3.203497933701449e-06
-3.1696711578210746e-06
-3.0605318705467788e-06
-2.9387251097579004e-06
-3.2379028663820364e-06
-3.5146799650664917e-06
-2.790214122916357e-06
-2.8893943215813067e-06
-2.8485374815589992e-06
-2.9881072506343642e-06
-2.8860909765948684e-06
-2.8860346026893247e-06
-2.843523817575022e-06
-2.9102249379797662e-06
-3.1719931942730817e-06
-3.3229217795138766e-06
-3.1339118293782775e-06
-2.822716087591548e-06
-3.2606618775576912e-06
-3.0192226811442957e-06
-3.0224206357121197e-06
-3.350562027937265e-06
-3.148616506631896e-06
-3.3246109992224326e-06
-3.038529412136004e-06
-2.8689548376981122e-06
-3.0799054321350994e-06
-2.600606336666811e-06
-2.5276379252980874e-06
-3.155980882907361e-06
-3.453647028417439e-06
-2.78564880973331e-06
-3.0266652319421716e-06
-2.8282045504424147e-06
-3.562939826617928e-06
-2.789258022162233e-06
-3.0503676698434568e-06
-3.106316590339997e-06
-3.040005274512758e-06
-2.9950156174574083e-06
-3.110263644523492e-06
-3.241921625818378e-06
-2.512351740369123e-06
-2.932077085071594e-06
-3.4435209703143066e-06
-2.9043719875221363e-06
-3.1029037616536748e-06
-3.1173108273607752e-06
-3.0931484062413084e-06
-2.8016039884115607e-06
-2.6038762923064063e-06
-3.960677789682787e-06
-2.9601284346481016e-06
-2.6685976670104417e-06
-2.820395331559755e-06
-2.628946379423791e-06
-3.001223750409565e-06
-2.6830807964284276e-06
-3.0925221477517972e-06
-2.574879449712686e-06
-2.859586023251648e-06
-2.7959286147405393e-06
-3.0531366906894064e-06
-2.9463572000509863e-06
-2.8550830805662564e-06
-2.6158441635559804e-06
-2.2423285585548847e-06
-2.8594864877051762e-06
-2.9769545226709937e-06
-3.0524432134693136e-06
-2.7463509187364288e-06
-2.7168321621307e-06
-2.304650912388073e-06
-2.8909025858170345e-06
-3.136065819808742e-06
-3.0938062601792993e-06
-2.701994689213727e-06
-3.170089972803769e-06
-2.9381012354723346e-06
-2.733239167274082e-06
-3.1696333119279885e-06
-2.8758418907925964e-06
-3.3725666703787738e-06
-2.82112251970279e-06
-2.33274749128487e-06
-2.7583438065859056e-06
-2.7632473841299188e-06
-2.5519780896265942e-06
-3.186420436507298e-06
-2.7244001820081465e-06
-2.656916924581587e-06
-2.6117774203360256e-06
-2.428495617767812e-06
-3.2721440139105162e-06
-2.6767648302894465e-06
-2.820783206014532e-06
-2.977770288736803e-06
-2.4073293979909316e-06
-2.5656951452290855e-06
-2.49778404615153e-06
-2.813457586181567e-06
-2.5257643418430398e-06
-2.809086587285403e-06
-2.7148842994262345e-06
-2.644934561701895e-06
-2.561697069025648e-06
-2.5425954001123685e-06
-2.6434869306313225e-06
-2.9935368945910312e-06
-2.217720152797309e-06
-2.1746300652991657e-06
-2.4228463751940765e-06
-2.62718378374327e-06
-2.6241563954587654e-06
-2.560373349225209e-06
-2.4184185988818108e-06
-2.767403645353994e-06
-2.5327663007446155e-06
-2.322241011765147e-06
-2.7170771379481096e-06
-2.9610061839657753e-06
-2.3401024981106744e-06
-2.432392893214619e-06
-2.195523834513935e-06
-2.349357161701704e-06
-2.7210521166276536e-06
-2.5697418689629714e-06
-2.5808147782191426e-06
-2.501740800242569e-06
-2.3008734213458837e-06
-2.2732793195090473e-06
-2.3024019484840785e-06
-2.1954022078607416e-06
-2.582395748296218e-06
-2.403841963927178e-06
-2.0498518224498774e-06
-2.752261006433443e-06
-2.262921220408387e-06
-2.638232542540031e-06
-2.1285220643263436e-06
-2.492139389853598e-06
-2.4595583121844733e-06
-2.4324060299285577e-06
-2.128723841476887e-06
-2.4062527332335826e-06
-2.7594312661527454e-06
-2.386291816536268e-06
-2.4361529286642813e-06
-2.127792005868212e-06
-2.495013877445995e-06
-2.35979217655391e-06
-2.3243726513522134e-06
-1.980505397125576e-06
-2.0902696767910456e-06
-2.37777947686979e-06
-2.0550786771211804e-06
-2.238810896282306e-06
-2.322401692067544e-06
-2.519193252836782e-06
-2.388213392712224e-06
-2.2181565976775452e-06
-2.4063121457085224e-06
-2.193228197167052e-06
-2.036825809681453e-06
-2.147590435541691e-06
-2.043679403262999e-06
-2.3304220363451478e-06
-2.3689094770795727e-06
-2.220846359701767e-06
-1.9238901804996544e-06
-2.3046365412726644e-06
-2.2739152787942807e-06
-2.363200437172086e-06
-2.2476690481054717e-06
-2.1808563179237517e-06
-2.148139251811898e-06
-2.2918821661610522e-06
-2.255575615950356e-06
-1.9511081985057466e-06
-2.095569708260303e-06
-2.146255549007048e-06
-2.2134822886266114e-06
-2.1989094655117114e-06
-2.0798490683593407e-06
-1.8890738247567818e-06
-2.0851851876280136e-06
-1.9430345403748106e-06
-2.293273048570299e-06
-2.021785683425925e-06
-1.9001176114752383e-06
-2.0697681857306804e-06
-2.2829673445023957e-06
-2.1861199880346405e-06
-2.155852037222239e-06
-2.3055701742769052e-06
-2.081620090355063e-06
-2.092792894925477e-06
-2.2009492050001356e-06
-2.0458454982885677e-06
-2.0806034630171943e-06
-1.7952737669801877e-06
-2.0799319364050994e-06
-2.1355247075138806e-06
-1.9469364129220956e-06
-2.1100981248411976e-06
-1.862614506964455e-06
-1.940746191975151e-06
-2.200789807671466e-06
-1.8466463087563056e-06
-2.08213583613448e-06
-2.0120868564621475e-06
-1.5929054542618282e-06
-2.2408185672007086e-06
-1.7225730971071052e-06
-1.8959137014773475e-06
-2.5190998784174745e-06
-2.1655900911965453e-06
-2.2914987211075655e-06
-2.2010546293360633e-06
-2.210112280465193e-06
-2.484848839467979e-06
-2.3406661527891615e-06
-2.136461675794621e-06
-2.0569904303213704e-06
-2.0023308346939217e-06
-2.1107584620150277e-06
-2.4673322012724874e-06
-1.8384042118624322e-06
-2.030717713707997e-06
-2.2097496225614854e-06
-2.028850811852667e-06
-2.3244158769974987e-06
-1.9174298404589507e-06
-1.702660097135933e-06
-2.352426442586708e-06
-2.1434365733985494e-06
-2.0111317017845742e-06
-2.117652510513768e-06
-1.7845584063258535e-06
-1.791900040404304e-06
-2.168966479698664e-06
-1.965380711677067e-06
-1.891343462512296e-06
-2.232477347541284e-06
-2.3548273522244756e-06
-2.0131919445942614e-06
-1.8309660105852998e-06
-2.253304648425214e-06
-1.865375937049052e-06
-1.7681275366054905e-06
-2.1951639226358566e-06
-2.082766072497577e-06
-1.9324453086611015e-06
-2.2714730179007603e-06
-1.9444810410162994e-06
-1.683161753640583e-06
-2.0788597699938904e-06
-1.8536368107113788e-06
-2.3770317411075936e-06
-1.7822333287509373e-06
-2.202189028355228e-06
-1.9150330669570614e-06
-2.2415751448345844e-06
-1.7736849163285662e-06
-1.915170389887866e-06
-1.8801046122729481e-06
-1.7167874357681967e-06
-2.146945042302839e-06
-1.718957489404982e-06
-2.311022161527454e-06
-1.6823640662244621e-06
-1.8196499332878702e-06
-1.8207639062572945e-06
-2.0808031616637024e-06
-1.9897200217444677e-06
-1.6816501597904931e-06
-2.0586674844280672e-06
-1.6946112607607589e-06
-1.9380667659607553e-06
-1.8152244246061322e-06
-1.6612461595788552e-06
-1.5165163627650635e-06
-1.7708636305679981e-06
-2.11400677974094e-06
-2.007228642741943e-06
-1.9339056997469406e-06
-1.7291071457425922e-06
-1.7771230428897944e-06
-1.6747016569063078e-06
-1.6587474525042722e-06
-1.8441594135665262e-06
-1.9217782376013126e-06
-1.7437113721263664e-06
-1.965281430760246e-06
-1.8074816698354645e-06
-1.6595854921419573e-06
-1.6064605807830645e-06
-2.072117790130612e-06
-1.6461727795347159e-06
-1.7369126578681282e-06
-1.7660696107202334e-06
-2.010658337547877e-06
-1.4978130685183721e-06
-1.6165693624836663e-06
-1.6626341657888233e-06
-1.8203839305397373e-06
-1.6907126377252446e-06
-1.7155185538797468e-06
-1.6453845191333194e-06
-1.4582185044464957e-06
-1.4792920154937939e-06
-1.5859210978352856e-06
-1.8186983455348305e-06
-1.5979830244594595e-06
-1.5661730924376727e-06
-1.979451399847232e-06
-1.7914728295820304e-06
-1.5856907895073213e-06
-1.8445527298904807e-06
-1.7141556997168905e-06
-1.5299993842421422e-06
-1.5624372145528476e-06
-1.81970692902933e-06
-1.6832428093027652e-06
-1.7184254242352814e-06
-1.4896312205969764e-06
-1.6158507291086366e-06
-1.6886638090629624e-06
-1.4920295561271502e-06
-1.750136631339938e-06
-1.5316696209688452e-06
-1.6162785229090204e-06
-1.542224957740146e-06
-1.2982599056354793e-06
-1.490352530553185e-06
-1.5146049337499967e-06
-1.6969611665307305e-06
-1.5826066869228939e-06
-2.10296048352987e-06
-1.4500000081740794e-06
-1.64892672205319e-06
-1.6067899549221387e-06
-1.5302811147144268e-06
-1.524060947999395e-06
-1.6766390359412853e-06
-1.629134185832104e-06
-1.4894117406072382e-06
-1.5629917484716316e-06
-1.6886984809949546e-06
-1.621334081658432e-06
-1.539012036255727e-06
-1.3443204214813598e-06
-1.5082809523003782e-06
-1.2509539262794966e-06
-1.6272025310515303e-06
-1.496074979345785e-06
-1.5355846200715284e-06
-1.4976070763506044e-06
-1.5651835937324776e-06
-1.5032935514747159e-06
-1.4488781163168873e-06
-1.382817581718765e-06
-1.4484858990582161e-06
-1.4573849224097657e-06
-1.3663626101667603e-06
-1.485124152211803e-06
-1.4605928194688644e-06
-1.3654146622799068e-06
-1.2845928016869124e-06
-1.5907930684400107e-06
-1.6967284377500391e-06
-1.6928766968238307e-06
-1.5620562219820222e-06
-1.3875393347073661e-06
-1.2640235453331705e-06
-1.465689198343334e-06
-1.364541895421123e-06
-1.8167175694916438e-06
-1.2768402848362115e-06
-1.409428995235995e-06
-1.5518033499306583e-06
-1.620034803362369e-06
-1.3398132757691528e-06
-1.5614034393762743e-06
-1.3623840884324778e-06
-1.2582388145832013e-06
-1.685084572988771e-06
-1.416881784843671e-06
-1.4794561244424465e-06
-1.3525067555364423e-06
-1.257254785003159e-06
-1.4065388790340805e-06
-1.4081809837085402e-06
-1.3880131221055692e-06
-1.5440134205069178e-06
-1.4730083298108987e-06
-1.1966187440926035e-06
-1.5726060250687013e-06
-1.5566418214985056e-06
-1.3925901581335332e-06
-1.4410835036393621e-06
-1.325541405639008e-06
-1.4047623027590994e-06
-1.4195132026495472e-06
-1.3479719119247058e-06
-1.2789019437908777e-06
-1.2426550108912693e-06
-1.2055720882142573e-06
-1.5185336728618104e-06
-1.2354463654884462e-06
-1.3573866237681642e-06
-1.37818910278531e-06
-1.3267224400759225e-06
-1.4899793419065333e-06
-1.2156062608181806e-06
-1.3020306671718274e-06
-1.246567834622958e-06
-1.2977628268129315e-06
-1.3112282415961296e-06
-1.2450189757484686e-06
-1.1276799490866907e-06
-1.2484560484860019e-06
-1.4566215267852733e-06
-1.1754726380042158e-06
-1.233061331762375e-06
-1.2275802541150682e-06
-1.4934343176009612e-06
-1.2645045262549282e-06
-1.1721454136193188e-06
-1.3856454546545827e-06
-1.309705941754391e-06
-1.3162187001425352e-06
-1.2621986602012747e-06
-1.1515445156318194e-06
-1.300072138110675e-06
-1.3563600105848117e-06
-1.0980579198682783e-06
-1.417293584771162e-06
-1.4189045096646424e-06
-1.2418418584569935e-06
-1.2566522226697963e-06
-1.293293984516719e-06
-1.3079985110020509e-06
-1.1849841793365457e-06
-1.4132878237149704e-06
-1.4118030175480634e-06
-1.1246317297985975e-06
-1.3324572615269759e-06
-1.2632621260721955e-06
-1.212657596116884e-06
-1.1165313595906667e-06
-1.0338047023439323e-06
-1.3585611871036463e-06
-1.10198598429756e-06
-1.373250362646239e-06
-1.414262510601727e-06
-1.3644762800746335e-06
-1.341428516543619e-06
-1.1361896355976953e-06
-1.3481427417194602e-06
-1.2077999096971048e-06
-1.0524900145858496e-06
-1.270365088457126e-06
-1.2403428283902507e-06
-1.093265450280434e-06
-1.1033883072220085e-06
-1.379653704836059e-06
-1.2149049035126147e-06
-1.4359464254320997e-06
-1.2247059137382443e-06
-1.2533992116980919e-06
-1.3195837962332035e-06
-1.206585838131602e-06
-1.1646679985433117e-06
-1.1504738537393422e-06
-1.1457620772148402e-06
-1.3125987124995575e-06
-1.1181017844918983e-06
-1.0655170430973193e-06
-1.083841605353797e-06
-1.5376464574390347e-06
-1.111993827906943e-06
-1.2770806888107167e-06
-1.2064415917945048e-06
-1.1573935095876564e-06
-1.3736314590784282e-06
-1.3956819591709468e-06
-1.271136446934218e-06
-1.2350441954689373e-06
-1.1140105182771975e-06
-9.738341802401074e-07
