-0.8349730270056743
-0.4840833091350173
-0.3200619653953199
-0.18451636408653066
-0.1297257219375485
-0.10692081060226055
-0.07957964779466026
-0.04890239635868354
-0.040629783604963776
-0.031518581410915014
-0.014878698003731594
-0.0023549876431755434
-0.0016420300961836887
-0.0017751953611087612
-0.0011057242331490302
-0.0005795115324169764
-0.0004713142102871215
-0.0002399326813798952
-0.00020928483870014114
-0.00014712046691539582
-2.7727831801271918e-05
-2.001115488187155e-05
-1.3457119577342525e-05
-6.2161594898135775e-06
-2.420007873038532e-05
-7.223418635349255e-06
-2.564814956862449e-06
-1.730191359794464e-06
-9.110378054177914e-07
