-0.9034793463959183
-1.0064524385414197
-0.7650439149244198
-0.6213465642253168
-0.44219768807220056
-0.454075098372714
-0.4226854941688787
-0.3408967441493434
-0.2908418123467921
-0.22447318022520052
-0.16828121147659014
-0.13121253618695572
-0.1548101095783907
-0.17225035319909549
-0.014782474620824049
-0.01223148388232509
-0.009788413202684865
-0.016976525085667382
-0.010122054612947129
-0.01575449499113657
-0.008907907901601453
-0.007795535289912392
-0.005344442627315149
-0.005308727762100673
-0.0018678043221708185
-0.005198813527939272
-0.0038739933130959026
-0.003932345036382734
-0.0020909839010508913
-0.0031931457594944757
-0.002689149425660009
-0.0017267524481053842
-0.0031525478806836427
-0.0016082020785189721
-0.0012331349586039986
-0.0019205256795459258
-0.0012482140356856464
-0.0012578253619645041
-0.001318720026639797
-0.0008616496715574407
-0.0005667275281683315
-0.0006306612522696264
-0.0007576278805099257
-0.0005274870378032537
-0.0008637914882826392
-0.00038351858642393655
-0.0005714201150077702
-0.0007420581430014339
-0.0006621668463225872
-0.0005033288392075619
-0.00041447730546606554
-0.0004255716522151287
-0.0004181051630599564
-0.0003943581606938862
-0.000292468858592132
-0.0002517948930454983
-0.00022691932955776206
-0.00021011894365308148
-0.00022759936385552404
-0.0002789614668042839
-0.000252292731470094
-0.0002477937589997481
-0.00019245917017085556
-0.00015181395389540775
-0.0001476096637798019
-0.00010951885435717124
-0.0001435535975981006
-0.00013264465533413539
-0.00014861222734341428
-0.00014801643516737517
-9.752469087975779e-05
-8.45193300238467e-05
-8.13468687483887e-05
-0.00010019544596917562
-8.059727577824916e-05
-0.00010360981800128233
-6.336891475633433e-05
-6.596350656951078e-05
-6.944265693675788e-05
-5.614113788054986e-05
-4.810457999715467e-05
-4.77107688425793e-05
-5.481008770991114e-05
-3.3187409241297594e-05
-5.678641857398414e-05
-6.130654645020162e-05
-3.28346753746267e-05
-4.225451562933635e-05
-4.058924660699237e-05
-4.282942657674038e-05
-4.70912507970489e-05
-2.9775627501393842e-05
-2.8128749624878324e-05
-2.9463108696226037e-05
-2.1613138274312327e-05
-2.4033097327902375e-05
-3.2110410969510284e-05
-2.6770706596401794e-05
-2.0968178707780893e-05
-1.8187474955744243e-05
-2.1844155676853383e-05
-2.0610133138365683e-05
-1.6596969242055337e-05
-1.6074092112461358e-05
-1.3715764413002596e-05
-1.443658347788368e-05
-1.3725336173164848e-05
-1.2050997177381895e-05
-1.024847098152204e-05
-1.308915567843627e-05
-1.0477512220274932e-05
-8.440888149108261e-06
-1.0127921691194253e-05
-9.35278588853894e-06
-7.67411820878916e-06
-8.539609946511817e-06
-7.114420325304849e-06
-6.245532235826801e-06
-6.326475104123652e-06
-5.340941179432512e-06
-7.151428160545592e-06
-5.663286815948965e-06
-6.793103682012358e-06
-4.82511590671475e-06
-4.335737111893501e-06
-3.858854507488019e-06
-5.008454283972341e-06
-4.543818845403891e-06
-3.625697955200735e-06
-3.565583104547798e-06
-4.584283495034924e-06
-2.302554963029557e-06
-4.465364495831459e-06
-3.02369389204582e-06
-3.64826409737784e-06
-3.4875023274816286e-06
-2.786641246754762e-06
-2.1140001279507104e-06
-2.801017090825475e-06
-2.3272960129050446e-06
-4.19563081521801e-06
-2.3118033043445507e-06
-2.496000799268039e-06
-2.461794225583347e-06
-1.977417401710646e-06
-1.5000855645430633e-06
-1.9844381695666158e-06
-2.5125081970500673e-06
-1.601688740304752e-06
-1.4912174822745428e-06
-1.9037252936282556e-06
-1.583146878370023e-06
-1.3372775092834743e-06
-1.3317741799356853e-06
-1.2677746238365373e-06
-1.0040279276868347e-06
-1.3056141263678711e-06
-1.8792575737780481e-06
-1.1704751576857575e-06
-8.48873984327092e-07
