-1.0037681560467389
-0.502664303308421
-0.3817217381858633
-0.3634470451546542
-0.3470765154826058
-0.3406954744441909
-0.30534925134711327
-0.28909731269481276
-0.22831356727673915
-0.24480550242512653
-0.23271784640287374
-0.22940629248142633
-0.16911813928331149
-0.2167554070503873
-0.17269069855658498
-0.20013034647086442
-0.16943002140746952
-0.15948114323023588
-0.1295714821094502
-0.18693071728433
-0.15064097566919538
-0.13372975368129825
-0.13913643226467592
-0.13396706993215796
-0.15272778527076009
-0.11792361488086073
-0.14410414868826066
-0.10726886240563727
-0.11662751622953849
-0.13154119341165993
-0.12766361457912073
-0.1356839666825529
-0.11706528043285885
-0.10282971391780388
-0.0818923839310628
-0.1079842357604962
-0.11775967311502633
-0.10705872369041786
-0.08704458737576765
-0.08600209188017705
-0.07714370098307788
-0.0750505280261698
-0.07412037035411656
-0.08698229641907207
-0.08401251574776053
-0.1154151794486788
-0.07696154211326578
-0.0826498100628062
-0.07703207892775488
-0.07113217480572576
-0.07125508007607667
-0.06340836697830288
-0.06105286172779706
-0.050849741196397735
-0.06507338127766982
-0.0728254641073991
-0.06011037290929355
-0.06317817200773046
-0.07281951074415083
-0.058580038312131544
-0.053513665368201124
-0.06010228929278211
-0.04552297805959471
-0.06441064904494131
-0.0551540997610655
-0.05214784371642739
-0.08022333285387856
-0.04214703150890575
-0.050957984471645956
-0.03062232233571016
-0.03510332667218424
-0.028839955866533262
-0.031211238261559526
-0.026191905858602704
-0.04347969678556429
-0.02815210728254386
-0.032616387005655556
-0.021772471097396717
-0.02945064544582776
-0.018073589164026183
-0.016772982369734013
-0.020673809350145844
-0.016640508390577846
-0.015447950546853162
-0.03473751945607845
-0.025158486112875966
-0.01755261366079175
-0.01828718834675802
-0.011881328255565038
-0.028727081416688616
-0.022921547224104777
-0.017675278378414927
-0.009666948806552833
-0.026529017199621585
-0.022072923917931975
-0.020478699654077726
-0.014246093277540839
-0.03139472603069904
-0.011204649321748028
-0.028111409679577037
-0.03097360488269757
-0.03635177052997457
-0.013972012558021774
-0.010853722067883875
-0.010028006735837869
-0.012773396272813986
-0.014117158989999157
-0.009990544960903291
-0.016814369442656074
-0.010050415873043228
-0.014359419639277005
-0.013065608734240897
-0.010845106663301074
-0.011924497252935484
-0.015222269400539223
-0.0099895497524779
-0.011933847908835005
-0.011898216940113171
-0.009550351736972051
-0.018459977457571164
-0.011397972442707627
-0.015630080461611517
-0.014340008455602293
-0.009952274093840086
-0.01019166976008623
-0.012336391460186558
-0.009584336189327247
-0.009014920566307871
-0.012697755046457593
-0.010339234157763832
-0.008630396302288235
-0.01142802294242451
-0.008668230950661326
-0.008733982873950219
-0.00921747745655438
-0.007666021930206157
-0.01063972728022805
-0.00872655319975535
-0.00903552801272256
-0.008005076011973644
-0.00806952605626865
-0.009292471395601354
-0.008075091284346303
-0.008571046158402984
-0.00809721948817288
-0.008606363566136255
-0.0077833005332682
-0.007427088698097106
-0.007466786564857553
-0.010150162679440022
-0.007258334292398028
-0.007752881162415515
-0.006819529208889563
-0.007750847013033024
-0.007755610712934458
-0.006585952143115359
-0.006588986834223265
-0.00704768428728636
-0.006696578788035479
-0.00616763433968609
-0.007560633427441732
-0.006679980242841055
-0.005989824921088904
-0.0076291893292461666
-0.0063570648114022466
-0.006315502602537049
-0.007124933478296347
-0.007221263664835997
-0.006217114482685027
-0.006058926431850076
-0.006165477585713008
-0.005343579227174544
-0.005400666707874757
-0.006581232227592937
-0.007375348004285132
-0.005220832362855421
-0.005840504819073944
-0.005387930921485706
-0.006496219545447768
-0.005959411121569336
-0.00535296823060305
-0.00590829059180259
-0.0063588366527451146
-0.004971489089950765
-0.0043716296030235635
-0.0049083238064818735
-0.0043868212806102425
-0.0037732151002004
-0.0030506924197237217
-0.00405324303694482
-0.0053595004808102975
-0.003910538444348466
-0.0032780460891157492
-0.004580149737314576
-0.004077969535891179
-0.003958706634536235
-0.005531429355178918
-0.004346981613080336
-0.003514018780997774
-0.0032974114248331965
-0.003339596659317434
-0.005711486612930083
-0.0037975955620236923
-0.003136618183624207
-0.0028733263382082486
-0.0025573471556632477
-0.0026227572803221855
-0.0029743373698903897
-0.0036524716522429723
-0.003990397299056425
-0.0031261382595239584
-0.0026895464218367193
-0.003332970865510876
-0.004311416917895772
-0.0030108801194170254
-0.0037419132145432576
-0.0037856259157848515
-0.0034385530972254053
-0.0029956355357982356
-0.002867066641723759
-0.0031878260940185754
-0.003372546545222288
-0.0033297139894975514
-0.002217492522820108
-0.0022325518711499015
-0.0019444937071904644
-0.002708355066213919
-0.0022198401392716782
-0.0025129863600110713
-0.002460588569442923
-0.002995564772547643
-0.0024303693038851826
-0.0031401522420878014
-0.0020785727500027273
-0.002237017184539114
-0.0025302748368309924
-0.0024562835146799133
-0.001920132321713841
-0.002041759734040749
-0.0027436816540714615
-0.002205588369795952
-0.0024151899026860213
-0.002835825972978434
-0.0019377201371702513
-0.0023431395967438706
-0.0022197847011383165
-0.00222466358853024
-0.0024960951360874506
-0.0029094664530788794
-0.002112525187538239
-0.002270308139345978
-0.0017528615681415283
-0.001875195984852196
-0.0030164396414415484
-0.002791297072784582
-0.002109192239416968
-0.0021077183834213864
-0.0018722070766288845
-0.0021719897978981217
-0.0022286476617931483
-0.001782885060635897
-0.0021170298427542478
-0.00242454816363058
-0.0020739153496293072
-0.0020172142340521004
-0.002028283785836582
-0.0020059800725308885
-0.0019709153705363414
-0.0017262753411583232
-0.0018796139761914077
-0.0020391953230690096
-0.0018871879006571168
-0.0023416905104091668
-0.0018182710288535686
-0.002292860301517652
-0.0017130899656823684
-0.0018514194219875213
-0.0020579985690866165
-0.0020823737674661724
-0.0018302701516254016
-0.0014979543323712097
-0.0020410952085673784
-0.001575214215446652
-0.002229783567576582
-0.0018504572672445874
-0.0018994830443057609
-0.001627099155539602
-0.0017038301166429903
-0.0017587153397795596
-0.0018152960191422096
-0.0018917887650464205
-0.0016026659547138666
-0.0015812352776457539
-0.0014964333485749104
-0.001508351966731436
-0.0015992508057667831
-0.0014191450169328546
-0.0015481019091963533
-0.0019175943745059487
-0.0014746316456417108
-0.001333503494763355
-0.0015124450597487904
-0.0014320675603299304
-0.0013203616232792537
-0.001398401052624898
-0.001459312535033841
-0.0015157870729217704
-0.0012123889128941023
-0.0011464873848685553
-0.001962823903476685
-0.0017202420088652803
-0.0013311524228144522
-0.0015530965113435546
-0.001367700656050519
-0.0012904733472904328
-0.0013078253202442602
-0.0015675540706320268
-0.0014851224116169681
-0.001562225457388433
-0.0015771153330875753
-0.0014038955313836476
-0.0016335478261809144
-0.0013029165082745764
-0.0013634283880135656
-0.0013309948877862077
-0.0013128691955887062
-0.0009793788876116816
-0.0011374496642878595
-0.0012793690553937198
-0.001144495759833719
-0.0010408128424449492
-0.0011676399281403405
-0.0010954657691301106
-0.0012573074321042266
-0.0014437737206174917
-0.0012836796705412712
-0.0012012178733453172
-0.001159590464519411
-0.0012795788011676357
-0.0010938756981375142
-0.001151323111229341
-0.001166103555376996
-0.0010667555498906633
-0.0011779493179154277
-0.0011416121343257868
-0.0010642364590504605
-0.0011331640384288355
-0.0009777607660246268
-0.0010268017990374134
-0.0008959908326780508
-0.000904787637536153
-0.001128692822139843
-0.0009389956647397613
-0.0009471996924557691
-0.0010695864876274497
-0.001238317132388811
-0.0009050361343541091
-0.0010124007387086742
-0.001092733347643704
-0.0007645928230294863
-0.0008639389701864952
-0.0010074710446843493
-0.0010948546717254315
-0.0009964207679445392
-0.000970533208904889
-0.000936339343990622
-0.0009104131965581019
-0.0010938286540567166
-0.0010942015764349722
-0.0011071713767388247
-0.0011418978801543411
-0.0009233001841711386
-0.0008494547691125787
-0.0009650469737012557
-0.0010108077163310525
-0.0008426392274626937
-0.0008794968626734123
-0.0009439889105654631
-0.0010926220048850244
-0.0008730548177706687
-0.0008759968597615297
-0.0010665216083587947
-0.000957451433909351
-0.0008801460375806869
-0.0009326544226532785
-0.0008424028932351724
-0.0009612950756436867
-0.0008455890097862073
-0.0009178760392815621
-0.000708809455198911
-0.0008387538724036192
-0.0007226024748545612
-0.0008285583251873008
-0.0007557001390542939
-0.0007260580803423178
-0.0008306820394148873
-0.0007087808121675754
-0.0010168940823676031
-0.0008975265523191722
-0.0008193179468461986
-0.0008250056839168018
-0.0007950513117525593
-0.0007289081567689037
-0.0008241382964308541
-0.000762651643887502
-0.0007649122847763756
-0.0007235005002609318
-0.0007916934147039756
-0.0006706926177880712
-0.0008966444359879699
-0.000759033580174262
-0.0007062070383439534
-0.0007651685984937928
-0.0006756839812330773
-0.0007308751799818269
-0.0007737162822014088
-0.0007665051345354668
-0.00071049476949403
-0.0007907068636998638
-0.0007377237063371234
-0.0006859620257238519
-0.0006387647233027649
-0.0007287314496098318
-0.0006936046614363089
-0.0007412941625568603
-0.0007396848930611433
-0.0007528026126097376
-0.0006558892099858271
-0.0007852435143303471
-0.0007286112374862985
-0.0006860730172902341
-0.000680795991823302
-0.0007546740358105319
-0.0006846349553015774
-0.0006759918591850989
-0.0006955778682196656
-0.0006281186379065162
-0.0006474993296833875
-0.0006684889287523199
-0.0006817728691823621
-0.0006538664256786619
-0.0006232399683393508
-0.0006364266149135323
-0.0007967524404352555
-0.0006112531324649617
-0.0005200187870500472
-0.0006401335995203095
-0.0007131307462436842
-0.0005782955955184743
-0.0006455412617313305
-0.0006844888734819365
-0.0005278580104362551
-0.0006233208226797959
-0.00081779880100602
-0.0005387732839706727
-0.0006375164114965637
-0.0006135897771662457
-0.0006090231497588583
-0.0005718232822950475
-0.0006532381375620733
-0.0006445262382980821
-0.0005341110334444177
-0.0005333761372686707
-0.0005742142142459161
-0.0004897130373875958
-0.0006489588257347356
-0.0007213366889641248
-0.0006167935770435284
-0.0006255299670941405
-0.0005426423851168094
-0.0005495416668643283
-0.000602135290425243
-0.0005936513228551044
-0.0005843623137596343
-0.0006434981168418896
-0.0006541270914166564
-0.0006093571887805238
-0.0005737731637407428
-0.0004934204534620124
-0.0005575581027950083
-0.0005334380096392866
-0.0005533662573999343
-0.0005001767429750892
-0.000540864394793561
-0.0005227357626645945
-0.0005269871368598356
-0.0004657425210477517
-0.0005987662514120862
-0.0005561717911079511
-0.0005651708226965257
-0.0005464199306757789
-0.0005805552329756214
-0.0005168253314654092
-0.00058487041565497
-0.00046955151442734655
-0.0005085492014478277
-0.00045585963739841473
-0.0005608842678720971
-0.0005425124729505071
-0.0005456598240033417
-0.00046689236743646667
-0.000536604164349308
-0.0005045844023158219
-0.0005564401029851118
-0.0004712900836144063
-0.0005294443615909694
-0.0005112000946203565
-0.0005086066833381309
-0.0005120279512377812
-0.0005419208780231832
-0.000505204250179081
-0.0004677995083673947
-0.00042627137631279233
-0.0005031548171135491
-0.0004435097649604369
-0.00042078884585966536
-0.00047204395782196595
-0.0005382500142397939
-0.0005613339583195875
-0.00045331070643556126
-0.0004444800061158549
-0.00045490662767400103
-0.00042431460074776606
-0.00044415469194630797
-0.0005982825603744191
-0.0004799451092560303
-0.0005462318178254821
-0.00037580580083862447
-0.0004750706338840782
-0.0004789162697311222
-0.0004058168421356423
-0.000502065124843909
-0.0004629232864363786
-0.0004916184809609092
-0.00042802894951493586
-0.0004104367609734094
-0.00045945538642422346
-0.00043004167964993956
-0.0004732064402290237
-0.00043540554421311883
-0.00043252582656005956
-0.0004829445140921984
-0.000429426591432136
-0.00038708213619387255
-0.00043413030714395395
-0.00041280493689188624
-0.0004281049914620083
-0.00047434200508195135
-0.00038423504997359137
-0.0004281031372587174
-0.0004081528513233956
-0.000419339284752962
-0.0004274451586091521
-0.0003523308332358255
-0.00040529681042117405
-0.0003641858522909769
-0.0003583913607166922
-0.00045655494710911126
-0.0003862060221973551
-0.0004012554963076509
-0.00038497955881872103
-0.00037162191615636164
-0.00037187732020682596
-0.0004162891661775303
-0.000386582580414796
-0.00037135268675325683
-0.00037044593216528643
-0.0004147473129682
-0.0004127908866853325
-0.00037702277464957135
-0.0004062626661419655
-0.0003859770476883351
-0.00036169679057729276
-0.0003503912131176401
-0.00030591765956522465
-0.0003685614946458138
-0.0003558841736230334
-0.00032740468800313005
-0.0003107890151003989
-0.00035935602873171657
-0.00035076630756397664
-0.0003811199956245126
-0.0003971509327860834
-0.00034287060401533287
-0.0003659675804112972
-0.00037496727785629735
-0.000384113980282097
-0.0003692031503678139
-0.00039876387283044323
-0.0004212069354213033
-0.0003751015803062363
-0.0003733339093335286
-0.0003360638603409072
-0.0003554365821681893
-0.0003213780168582203
-0.0003098954413520705
-0.0003546260038432836
-0.00033788151586117143
-0.0003241560645452224
-0.0003478788688955903
-0.00033166910315191034
-0.0003554293635936734
-0.00032489496079968205
-0.0003234638823484959
-0.0003546680581159034
-0.00036069472271332836
-0.0004147149596977484
-0.0003526528839071785
-0.0003440152251691364
-0.0003994025478979424
-0.00035957568397765316
-0.0003110808231746587
-0.00029893861694746393
-0.0003911735505434111
-0.0003874094506791659
-0.0003479348748531841
-0.0003360253221499909
-0.00029994389529514054
-0.00030297412743240937
-0.00034577486055109574
-0.000310934768117499
-0.00030637463878419036
-0.0003513534029420673
-0.00034142468373610235
-0.00036578824693234147
-0.0003065179595580503
-0.0003142673098752713
-0.0002555897068117208
-0.0002975944198285174
-0.0003129760820848593
-0.0003396388709226428
-0.0003472658416292518
-0.00032432024789341707
-0.00031018440189323204
-0.00030695972722333265
-0.0002935902743558261
-0.000306528458435984
-0.00027670970316018284
-0.00029436557034234756
-0.00028005177746842636
-0.0003070850156804972
-0.0002940116205201737
-0.00029408225099386565
-0.0002874808678874352
-0.0002781554865149416
-0.0002547509675690507
-0.0002826288312543501
-0.00031955273905176496
-0.0002542980509224191
-0.00028595003819875675
-0.0003245193497786736
-0.00029189603535978437
-0.0003099846952604457
-0.0003078489885042224
-0.00028653487564023195
-0.000298299480206321
-0.0003121011756453962
-0.00026035535250440445
-0.00027741852609708406
-0.00029034471868250034
-0.0002873178574890334
-0.00023545335729796557
-0.00028299061881315035
-0.0002770624271611899
-0.0002566772153328456
-0.00023857484851375066
-0.00025951413999464323
-0.00028198776107241086
-0.0002891665056443671
-0.00025172191895211915
-0.00023619807561081618
-0.0002836541095567191
-0.00030228865605413935
-0.00024828095264162187
-0.00021481252084415425
-0.0002513379311681607
-0.0002579935403141387
-0.00025314389209185606
-0.00024181926508043405
-0.000324844788132439
-0.0002592117503674718
-0.00023811167803872157
-0.00024548475109514856
-0.0002846787683797869
-0.00026683537988497763
-0.00031556097720558673
-0.00026891765424746916
-0.00030909164702469516
-0.0002568500568280174
-0.0002906277430621551
-0.00028637691417249256
-0.0003361184030662434
-0.0002480763529233987
-0.00024165120555269537
-0.0002029102841240027
-0.00026455408639719513
-0.00026849792859251487
-0.0002276307323577087
-0.00023938203554835225
-0.0002823648921527755
-0.00033178006794060133
-0.00024585191445852805
-0.0002583410366186478
-0.00028067450905167046
-0.00022388099586062582
-0.0003202241392216143
-0.0003106412029458827
-0.00026424911707617627
-0.00024514151669635664
-0.00022432417878970323
-0.0002385636762227139
-0.00022925868633216773
-0.00024968358666660473
-0.0002417330624596703
-0.00020366310914060604
-0.00021020145466993378
-0.0002521497148886831
-0.00022478815520671214
-0.00026751250773432433
-0.00020824550211806514
-0.0002499290106795504
-0.00023131603531473255
-0.0002120766487482273
-0.00021934857651784156
-0.0001966692451312313
-0.00024146788392132024
-0.00021732182914835363
-0.00024054193359418496
-0.000244710701198414
-0.00023749929884597787
-0.00023114565898774142
-0.00023526428920489506
-0.0002688653846736888
-0.0002745087329538709
-0.00022867081662464317
-0.00021655689111294008
-0.00022647384090046518
-0.00022349396625870321
-0.00021390587432507102
-0.00021063911073870845
-0.00021112930061639723
-0.00019239568064621793
-0.0001900659345097644
-0.00021502859361588467
-0.00023135038101396166
-0.00020891785509952188
-0.00023313285456222355
-0.00022366918766308919
-0.00019912806374200454
-0.00020678346339153553
-0.00021483377910569423
-0.0002202052370688934
-0.000184026938020998
-0.00018887228251196486
-0.00021360659114594283
-0.00016355916913218804
-0.00022345603887785614
-0.00019138383494332611
-0.00019941265072331849
-0.00020350232837856863
-0.00019061596965264105
-0.00022074060903309878
-0.00019848354717733052
-0.00022213793443193186
-0.0001964152486867432
-0.0002367789653604513
-0.00020530382286593207
-0.00021425141949504845
-0.0002045841598034559
-0.0002073102124055537
-0.00020914295036317254
-0.0001870865060864535
-0.0001890340473249541
-0.000184679329802373
-0.0001644169045254551
-0.00018833326730538502
-0.00020445058889378975
-0.00019292706065460186
-0.0001989998889330158
-0.00019321498754265587
-0.00018462765249804836
-0.00017111938301606067
-0.0001697570959822703
-0.00019294306805117678
-0.00023179976010151426
-0.00023243148243423661
-0.00017977891433557103
-0.00020332970903752523
-0.0002093915384379641
-0.00023850841866485117
-0.00024093972338173897
-0.0002138943322407827
-0.00017372430548595608
-0.00019910255538491128
-0.00016805816983284094
-0.00019180415771719028
-0.00017964758766197964
-0.00021766192087357972
-0.00021326112942754438
-0.00018917892991909824
-0.00022834604748722676
-0.00023683423466758224
-0.00021362196725460691
-0.00022099357189270252
-0.0001974436166347071
-0.00018921659141751812
-0.00016770296827905984
-0.00020380529194302666
-0.00018007237867345705
-0.00020360640959976584
-0.00018430014425196983
-0.00020759545630189002
-0.0002038764209504884
-0.00019209262315217357
-0.00021439243470511293
-0.00017182554702760422
-0.00017646185198511022
-0.00020759559240041137
-0.00018139566606806268
-0.0001683987224890271
-0.0001831378326605515
-0.00014824680284153402
-0.0001836175137072682
-0.00019159631365955887
-0.00015916904770146845
-0.00019279018298973272
-0.00017430870215234817
-0.00016687878938909106
-0.00018006723989644202
-0.0001662708100348964
-0.00018034151729007242
-0.0001600404613759654
-0.00015847194118934205
-0.0001985009621481293
-0.00017369902041930452
-0.0001540499203839807
-0.0001484985968029373
-0.00017743818688575885
-0.00015343753307534014
-0.00015828701747400142
-0.0001558507361289485
-0.0001718051538845966
-0.00017973355229744525
-0.00014472992462394307
-0.00016769732738719512
-0.00019208147511662332
-0.00017547106295118242
-0.00015153576872817265
-0.0001421185219762644
-0.00015633046374841086
-0.00016564845812117035
-0.0001663999122424875
-0.0001776198893869152
-0.00016181921227459428
-0.00014099983409016081
-0.00018576343967013909
-0.00015498701698113404
-0.00015281615914902735
-0.00016435418238780475
-0.00015462388275278016
-0.00015046947281183165
-0.00014943203271955419
-0.00014128605613972223
-0.0001723271396409931
-0.00014393808145379827
-0.00014994511675148203
-0.00016841587252369727
-0.00014825083976671705
-0.00014030626632022258
-0.00012650683343973235
-0.00013901016833556268
-0.00015724062551314422
-0.00013865852788230715
-0.000132555420157221
-0.0001255746017980175
-0.00015271992426674208
-0.0001435611878889964
-0.00014132680951001175
-0.00017643131880107354
-0.0001407897301503036
-0.00016619994553657147
-0.00015141658777562128
-0.00012957396581875225
-0.00014044496870319056
-0.00011582124857384413
-0.000124685709669059
-0.0001450489256775711
-0.00015379601643794594
-0.00018336859367068525
-0.00015356301694430252
-0.00014367510500634673
-0.00016050186711330516
-0.00013069880138605328
-0.00015494265653986927
-0.00014645586485012574
-0.0001423674154189536
-0.00014062657117613897
-0.0001358733244745114
-0.00017068527403707456
-0.00015700893624154277
-0.0001469842500820273
-0.00014274767498090313
-0.00013267714102405126
-0.0001411561600648259
-0.00013704854276974654
-0.00014893632627049902
-0.0001190220280399279
-0.00011891827732396498
-0.00011252997070015924
-0.00012816523541731017
-0.00014164986690168302
-0.00012532806170539867
-0.000137213622951049
-0.00013324323017444017
-0.0001465377729856221
-0.0001478441663673724
-0.0001432422012802026
-0.0001400903800350406
-0.00012397152281773405
-0.0001258056029136978
-0.00012201531157995937
-0.0001342749764056128
-0.00014309227180103745
-0.00014976576174086098
-0.00011295429166291449
-0.0001342934251414296
-0.0001276924785375
-0.00013667053813098962
-0.00014997052806925426
-0.00013271191738684074
-0.00013756432892436665
-0.00014433380673012364
-0.00012405516223484847
-0.00011865091019847007
-0.00012767422115878002
-0.00014554838370783862
-0.00012639145517290284
-0.00014408351107775275
-0.00013444613272167727
-0.00014105364582578384
-0.00014069362943841535
-0.00011325692065405901
-0.00012362081635647337
-0.00011950597396781504
-0.000107240954918153
-0.0001255872051064144
-0.00012001810508749378
-0.0001238834140102063
-0.0001299471684518827
-0.000138502590890488
-0.00012535670137231447
-0.000114813007176362
-0.00012229820070941422
-0.00012082504127625127
-0.00013085739324203427
-0.00012591157668612185
-0.0001587270572127597
-0.00014165172398172832
-0.00011806694250293681
-0.00012440188975165745
-0.00012394640803337076
-0.00012700370036267117
-0.00011737190367433481
-0.00012615819274836015
-0.00010410159010970643
-0.00011231439856707048
-0.00011472721622673987
-0.000117825454519771
-0.00010425956390169855
-0.00011535386456529295
-0.00010698526074054415
-0.00012319124702414586
-0.00014023998894574508
-0.00011011444412301064
-0.00012034319420833883
-0.00011816474141740363
-0.00011889222949512668
-0.00011318333447674078
-0.00012673610016544767
-0.00011463839026371048
-0.00010963497028432245
-0.00013758430687543788
-0.00012874584001043576
-0.00010642743662764298
-0.00013574718634429273
-0.00010779862298215814
-0.00011421417262363898
-0.00011153453092194177
-0.00011732353019178188
-0.00010405592463735847
-0.00012177180728517589
-0.00012070959914456392
-0.00013877196866601826
-0.00011109887377797056
-0.00012643501922970923
-0.00013115132333607615
-0.00011434709926677611
-0.00012398045492439946
-8.990610404341348e-05
-0.00010409602602495793
-9.619326350074342e-05
-0.00012212047081999744
-0.00011745962319781311
-9.567050220754547e-05
-0.00011634044096919816
-0.0001228081487525401
-0.00011281795160072994
-0.00012638351501914613
-0.00011491925670803482
-0.00011967313000527113
-0.00012716164652426531
-0.00010469928921136296
-0.00012197314819600846
-0.00010067972227717492
-0.00010650592365679667
-0.00011470919577855065
-0.0001230094544489857
-0.00010351617362069909
-0.00011193415072968671
-0.0001013921903958992
-0.00010933862292467067
-0.00012157328339157392
-9.738793798763634e-05
-0.00010374202576823865
-9.363401196699206e-05
-0.00011269271657549096
-0.00011331442021822458
-9.940005491609893e-05
-0.00011165688956404907
-0.00010665427728751009
-8.824187703709852e-05
-9.952205853458462e-05
-0.00011042453777160288
-0.0001279604906577747
-9.90596972862412e-05
-0.00010022075743115755
-8.381909980559321e-05
-0.00011760480884520641
-8.747530808606019e-05
-0.00010037915761351712
-0.00010710406415942453
-9.344562298513326e-05
-0.00010279845857219527
-8.880404465122504e-05
-9.375990047505445e-05
-9.5206241753798e-05
-9.794149223862902e-05
-0.00010611271692917423
-0.00010281888322333232
-9.625434079058026e-05
-0.00010996544143965226
-0.00010455029668149374
-8.865491581239171e-05
-0.00010319493747246167
-0.00011310629002531103
-8.990100430550374e-05
-8.732946610395809e-05
-8.245100013348772e-05
-8.238378822644776e-05
-9.769497313760755e-05
-9.318245478129317e-05
-0.0001018172477139645
-9.296262304431258e-05
-9.408315404146883e-05
-9.407418694534764e-05
-0.00010280275555879514
-0.00011385274920688859
-9.727921292257413e-05
-8.961708308624639e-05
-0.00010526325653265056
-0.00010374435710819307
-8.584791201921016e-05
-0.00010320200539587487
-9.430231012380608e-05
-8.705069770215124e-05
-8.558589448487419e-05
-9.248885980633892e-05
-8.104753948257049e-05
-9.595940539741665e-05
-0.00010184916209221573
-8.789635698547293e-05
-9.228121307613968e-05
-8.7684437781399e-05
-8.001097489235276e-05
-7.721552578798807e-05
-7.463939806734432e-05
-8.043848700384215e-05
-0.00010236753470804771
-8.617703455221504e-05
-9.723920687526588e-05
-9.308588513146088e-05
-7.785049854353021e-05
-8.431489155913408e-05
-8.440682948662737e-05
-9.071291612822163e-05
-9.293704731749841e-05
-8.396655123410479e-05
-9.976360851571275e-05
-7.696636049370209e-05
-9.875464097874875e-05
-8.508694569786535e-05
-9.454802714775612e-05
-9.237096937492195e-05
-8.711563765245733e-05
-8.124616199067791e-05
-7.337403564644518e-05
-9.703254004839179e-05
-0.00010230574915426338
-9.1162884434004e-05
-9.16512652801571e-05
-8.017699897233665e-05
-9.034434456139939e-05
-9.435377535010891e-05
-7.916178121541995e-05
-8.431673379105664e-05
-8.639463345860854e-05
-8.776501956297977e-05
-8.759447615686033e-05
-9.054984383866094e-05
-8.33032877946005e-05
-8.198861576091954e-05
-7.761654840082732e-05
-7.59646039163453e-05
-7.92122927829042e-05
-7.266737470867923e-05
-8.136167935335337e-05
-8.696918360340256e-05
-8.343770617796897e-05
-7.214901680530073e-05
-7.835034482123193e-05
-8.08125118609282e-05
-9.476933025182044e-05
-8.048245539055143e-05
-8.235263217171163e-05
-7.507375437726393e-05
-9.057734992551358e-05
-8.261463022934956e-05
-8.551568433257106e-05
-6.976456060997505e-05
-7.534632216110726e-05
-7.251332775448649e-05
-8.252618371590303e-05
-7.091513209822597e-05
-7.84608386474317e-05
-8.60687203814714e-05
-7.428624469496548e-05
-7.49583990793945e-05
-7.590848872379707e-05
-7.642267383167756e-05
-6.636278309607446e-05
-7.789292141252568e-05
-8.031696284960255e-05
-8.607942057997642e-05
-7.90660393099607e-05
-7.381324926525323e-05
-6.866811152522745e-05
-7.317146818247577e-05
-8.363879916239991e-05
-7.851811508768902e-05
-7.176651753354468e-05
-7.42742948725561e-05
-8.431200371877834e-05
-7.092773770411842e-05
-7.235185271114997e-05
-6.59738706504931e-05
-7.273135109558959e-05
-7.74326272435788e-05
-7.434135156153543e-05
-7.252889704439935e-05
-6.642033705289707e-05
-6.481135989289122e-05
-6.918688869372858e-05
-7.471986113588569e-05
-7.044776854991941e-05
-6.156618802655167e-05
-6.606036334549925e-05
-6.750563628493689e-05
-7.431174942928997e-05
-7.517034980952797e-05
-8.489486907703458e-05
-7.018370439620947e-05
-6.44636041749469e-05
-7.359265838841056e-05
-7.061242724926142e-05
-6.139250531173035e-05
-7.70234637741396e-05
-7.576479832827054e-05
-6.753889719623984e-05
-6.610866580675223e-05
-7.404260357690706e-05
-6.300387512425676e-05
-6.32307899907647e-05
-6.668893520894725e-05
-7.557902296578822e-05
-6.457926066860686e-05
-7.428178358559467e-05
-6.748121295457876e-05
-6.203461993425918e-05
-7.303378684681006e-05
-7.423309055065719e-05
-6.976841017497515e-05
-6.364405748893187e-05
-5.887583952424169e-05
-6.090039812811643e-05
-6.702663483643123e-05
-6.222557136564832e-05
-6.79851481464322e-05
-6.24507031775634e-05
-6.460217826187442e-05
-6.686822978879681e-05
-6.950385645054791e-05
-6.491784041168236e-05
-6.098764433259962e-05
-7.263544604002581e-05
-7.00570662647837e-05
-6.11895588513156e-05
-6.243799036131925e-05
-6.435264486326364e-05
-6.263668020445312e-05
-6.310754003091557e-05
-7.137786057770379e-05
-5.547962904239867e-05
-6.442361509545469e-05
-5.708241829177618e-05
-6.433486838075542e-05
-5.5663761047652915e-05
-5.946448326776821e-05
-6.651677989383264e-05
-6.849470058806206e-05
-5.963673449044249e-05
-7.164809053294974e-05
-5.8733665093291254e-05
-6.0939898756440236e-05
-6.045168551477298e-05
-4.973914154221548e-05
-7.408387895091462e-05
-7.107496279590286e-05
-6.277882095867549e-05
-5.821178437742658e-05
-6.783633999735139e-05
-6.0540502786032846e-05
-6.36005039656995e-05
-5.51771015639968e-05
-6.808812718517299e-05
-6.001645713082926e-05
-6.689997009629023e-05
-5.736500415620682e-05
-7.37235687621185e-05
-5.8951880665458756e-05
-5.917763914042862e-05
-6.601667271732836e-05
-5.848924252410681e-05
-6.832067419726418e-05
-7.595752068895179e-05
-6.631134392454108e-05
-6.896165092856732e-05
-6.185235488237462e-05
-6.695852886773324e-05
-6.458855122509766e-05
-6.612574278641592e-05
-6.588523090111931e-05
-7.06077838816821e-05
-6.980018933289145e-05
-5.4387074438555505e-05
-5.1289448956270967e-05
-6.664142269457995e-05
-5.313892459318792e-05
-6.958654149280541e-05
-5.991223127005396e-05
-6.484852064286839e-05
-6.0361724201540845e-05
-5.985325079727044e-05
-7.438475877419304e-05
-5.19623189020324e-05
-6.029149566222358e-05
-6.691385689000517e-05
-7.469791622954913e-05
-7.135044935918655e-05
-5.85812634079641e-05
-5.420555212776179e-05
-6.255619386602573e-05
-6.187896412795935e-05
-6.426027653427813e-05
-6.281394893670189e-05
-5.686130781606957e-05
-5.6126416572543913e-05
-6.144548700792729e-05
-6.244793186543918e-05
-5.3838322573274144e-05
-6.227997562657794e-05
-6.011894086116465e-05
-6.288427476330849e-05
-5.74593368360965e-05
-4.7864083462634266e-05
-5.630727014072079e-05
-6.007929720375227e-05
-5.679722879831095e-05
-5.520096342803704e-05
-5.246515525070272e-05
-5.797650692157541e-05
-6.010833564984441e-05
-5.820077608997831e-05
-5.97420843623242e-05
-5.010866549587378e-05
-5.412454271253031e-05
-5.8701611330480574e-05
-5.7011204002255234e-05
-5.849451913086945e-05
-5.150237974427263e-05
-5.893289997027651e-05
-6.187333160662112e-05
-5.0997871089752955e-05
-5.016801568924478e-05
-5.725961560165693e-05
-5.346397035904671e-05
-4.963388170037275e-05
-5.5954933296908926e-05
-5.0708510222707837e-05
-5.3284570161848954e-05
-5.4961420264842964e-05
-5.870295687154803e-05
-5.3521777305554075e-05
-5.469910021360658e-05
-5.7109378395370225e-05
-5.5313881244412055e-05
-5.481759895820115e-05
-5.6189111568294425e-05
-4.1316096421162296e-05
-5.156799862410244e-05
-5.6998698562404915e-05
-4.634206382331252e-05
-5.685589914139477e-05
-4.8584771809079275e-05
-5.298666842445954e-05
-5.6955602474706435e-05
-4.787191507427124e-05
-5.5844668247651e-05
-5.969609450018343e-05
-5.61665405430789e-05
-5.060572373771777e-05
-5.3134816951627695e-05
-5.02488321253991e-05
-4.9768715723430557e-05
-4.718453893665098e-05
-5.299660851643129e-05
-5.1020670007173585e-05
-5.39811769562637e-05
-4.731469565572022e-05
-4.3638806500045924e-05
-4.850397460948175e-05
-5.305502784580529e-05
-5.255798703318604e-05
-4.822644802254805e-05
-4.709139760067371e-05
-4.855613265886127e-05
-4.75861825240953e-05
-5.578337674738698e-05
-4.8900569568077756e-05
-4.601752213156951e-05
-4.915622701590072e-05
-4.6581999083528114e-05
-4.941886817927399e-05
-4.553137334500912e-05
-5.032073228244949e-05
-4.917903568735227e-05
-4.8966141810435904e-05
-4.741552943532401e-05
-5.37361213915899e-05
-4.526107364261067e-05
-4.494631713258812e-05
-4.7821553608884404e-05
-5.385512640904144e-05
-4.292181796167194e-05
-5.271242893523098e-05
-4.075885196042073e-05
-5.236174140477168e-05
-4.390695815320589e-05
-5.231177244791052e-05
-4.590478303312384e-05
-5.273380063941513e-05
-4.721336019108957e-05
-4.561122361729231e-05
-5.385811303476595e-05
-5.5675153668721666e-05
-4.751550552606343e-05
-5.0944149779130754e-05
-5.017975588766932e-05
-5.179633964552677e-05
-4.08456284678449e-05
-4.886029144568482e-05
-4.9127769665313625e-05
-4.121044883426128e-05
-4.952662807916619e-05
-5.0577089220349425e-05
-4.769414399341532e-05
-5.274102534558178e-05
-4.913687741564532e-05
-5.1788546303499494e-05
-4.5782242181491295e-05
-5.3736345327515256e-05
-5.1502446915374644e-05
-4.733958708624808e-05
-3.842358714029048e-05
-5.664632916341228e-05
-5.120250354628819e-05
-5.191825034051023e-05
-4.374269405948983e-05
-5.549293799583799e-05
-5.005521711193284e-05
-5.5143599639151386e-05
-4.873190324405918e-05
-4.946330944877175e-05
-5.451976236636735e-05
-4.627143548607826e-05
-4.524970145197704e-05
-4.615012766867599e-05
-4.49608027315862e-05
-4.0652448849876066e-05
-4.2568319603586424e-05
-4.619969882091457e-05
-4.689489837572669e-05
-4.342568206155972e-05
-4.756885629086938e-05
-5.05594225242989e-05
-4.254367490508226e-05
-3.9973808579785164e-05
-4.808522564525575e-05
-4.73495887269304e-05
-4.732534272766653e-05
-4.605429955928386e-05
-4.885558376083177e-05
-4.677642584544062e-05
-4.2743656159138776e-05
-4.6041317535050474e-05
-4.3340039474704106e-05
-4.595045803451603e-05
-3.919028880300379e-05
-4.161587030221403e-05
-4.639168471043398e-05
-4.2150822507358576e-05
-4.458625794506732e-05
-4.445520336948672e-05
-4.782676431613897e-05
-4.935334308436845e-05
-4.741600109020583e-05
-4.521952658526063e-05
-4.107242222478602e-05
-3.6948361079702785e-05
-4.729759720406568e-05
-4.135368929214511e-05
-4.327572899220922e-05
-4.386548744056418e-05
-4.2325254391017975e-05
-4.127296822931115e-05
-4.3838232343107464e-05
-4.2677247695577236e-05
-4.3122726661903865e-05
-4.161631353694073e-05
-4.062204968507954e-05
-4.4078399593139306e-05
-3.740838438559546e-05
-4.288055246270961e-05
-4.240629155177755e-05
-4.228966551428348e-05
-3.8188849075027065e-05
-4.212144518556116e-05
-4.008238643077311e-05
-3.9124556305558666e-05
-4.344610178880215e-05
-3.9546583068761354e-05
-3.840443493347001e-05
-4.146437426955085e-05
-3.792072917979672e-05
-3.4769379370080955e-05
-3.936647406216354e-05
-4.01150964491892e-05
-3.336486072008649e-05
-4.255845444106621e-05
-4.1089325339360716e-05
-4.5609872976248855e-05
-4.1713587257741214e-05
-4.336254448672472e-05
-3.892907977720572e-05
-4.006480597262829e-05
-5.399849112408539e-05
-3.8521981760852864e-05
-4.3151083317538586e-05
-4.812404526560732e-05
-4.248944373114183e-05
-3.841566353152137e-05
-4.149553617754931e-05
-3.8641263075456234e-05
-3.675570435579534e-05
-4.063195868636571e-05
-4.3280314494298366e-05
-3.3177520899818624e-05
-3.573508127313607e-05
-4.017159070995868e-05
-3.839661654220228e-05
-4.173458281442333e-05
-4.2644037801187196e-05
-4.9324073934653434e-05
-3.957458719838769e-05
-4.2701606423278804e-05
-3.7610346019567586e-05
-4.161336693908613e-05
-3.7801482256627494e-05
-4.0810545200498094e-05
-4.203036569278007e-05
-3.98307546947696e-05
-3.339423346720993e-05
-4.070385101284657e-05
-3.805526808536852e-05
-3.3511042755063336e-05
-3.4658181803648436e-05
-4.070838938613486e-05
-3.9415950771171104e-05
-3.436507386761489e-05
-4.270765935399101e-05
-4.021988279440114e-05
-3.996687719093339e-05
-3.8988367869641216e-05
-3.932509289655828e-05
-3.5483718074880155e-05
-3.823021163174012e-05
-4.041929398329591e-05
-4.3175831390185326e-05
-3.795422344982091e-05
-3.4111932095404196e-05
-4.071128788568634e-05
-3.6577417828642655e-05
-3.660617751344297e-05
-4.054994217805863e-05
-3.710961605618568e-05
-4.2090973453701164e-05
-4.02157017377891e-05
-3.3418557537689964e-05
-3.408720658260034e-05
-3.770320422530338e-05
-4.131829882475513e-05
-4.221776973062363e-05
-4.196492231972604e-05
-4.370898130090506e-05
-3.8674184423881375e-05
-3.3890621856269565e-05
-3.662087904976463e-05
-3.883422943057324e-05
-3.8420299936170466e-05
-3.433041204631282e-05
-3.629870346710806e-05
-3.4694796843759423e-05
-3.563291627228793e-05
-3.6712928600857175e-05
-3.5388905088806766e-05
-4.034048668255519e-05
-3.411903839850572e-05
-4.003463074736535e-05
-3.8161786363621886e-05
-3.764836108283154e-05
-3.813872853730693e-05
-3.342507302822595e-05
-3.221144292819833e-05
-3.7897492048022396e-05
-4.2997994131044326e-05
-3.7651113390824165e-05
-3.3563300339600755e-05
-3.949132256408916e-05
-3.4972109829167763e-05
-3.8790776892727585e-05
-3.457286147323657e-05
-3.568142086363135e-05
-3.336044342422406e-05
-3.768600445458459e-05
-3.1689411365221076e-05
-3.3928643878466946e-05
-3.253380581974552e-05
-3.525805187087894e-05
-3.029344773997078e-05
-2.652914823653152e-05
-3.233298013172181e-05
-3.4152671718634675e-05
-4.0282342101349844e-05
-3.5154492392219794e-05
-3.742771838816106e-05
-4.167567038060316e-05
-3.756570923529878e-05
-3.1509778058935733e-05
-3.09495473749255e-05
-3.2187370998193465e-05
-3.76182292580185e-05
-3.563370304188185e-05
-3.382159768750004e-05
-3.297561468884602e-05
-3.508606558216831e-05
-3.306437734945655e-05
-3.222722324136562e-05
-3.3471170243326576e-05
-3.3936076556051464e-05
-3.517473346104083e-05
-3.3699153687227756e-05
-3.133779185210406e-05
-3.29864187193496e-05
-3.134634347412568e-05
-3.269962216539968e-05
-3.2877580423973374e-05
-3.2383052930295975e-05
-3.48983581869855e-05
-3.285249654882971e-05
-3.608667339155547e-05
-3.398484614391961e-05
-3.078194441213933e-05
-3.0168905658600753e-05
-3.019011619764811e-05
-2.8782665610072034e-05
-2.6515158983275722e-05
-3.0479370845881704e-05
-3.7042764706840536e-05
-2.7921703032118828e-05
-3.5744304071994026e-05
-3.405231324560276e-05
-3.696654421003753e-05
-3.2962648818524176e-05
-3.539532383411981e-05
-3.484362629324611e-05
-3.3668117259522123e-05
-3.295992066826292e-05
-3.410387367774881e-05
-3.2105504504387206e-05
-2.9316716750438232e-05
-3.416425930680145e-05
-2.881743105115353e-05
-3.26355586171001e-05
-2.8577594457401823e-05
-3.202130371321443e-05
-3.49818050647821e-05
-3.2539187486746446e-05
-3.2081643935644166e-05
-3.1722612179374554e-05
-3.034560848980128e-05
-2.949944462266041e-05
-3.607056811072429e-05
-3.1868298560833175e-05
-3.158087588944758e-05
-3.405749508572642e-05
-2.7959736607408026e-05
-3.116326638696876e-05
-3.001929435314521e-05
-3.903477339356476e-05
-3.2106563760736506e-05
-2.7370698774564772e-05
-3.1801118136165485e-05
-3.4649652825347044e-05
-2.9533615538757108e-05
-3.4035550155964156e-05
-3.0372885300389285e-05
-3.253699275812538e-05
-3.12962743985179e-05
-2.763231632596508e-05
-3.202784080735821e-05
-3.218549831413009e-05
-3.238703805763521e-05
-2.8386051412143676e-05
-3.17742484005068e-05
-2.6435949480874132e-05
-3.203632149317848e-05
-3.2524046719772937e-05
-2.6402588017782058e-05
-2.5763844617554543e-05
-3.356529980180767e-05
-2.7238896415204827e-05
-2.956618613064732e-05
-3.301744743977597e-05
-2.8720651686631182e-05
-3.1225850978033876e-05
-3.223548148212352e-05
-2.876196563589284e-05
-2.6700114868327685e-05
-3.100082153867367e-05
-3.14191134821451e-05
-2.9076956791440622e-05
-2.9713425275412764e-05
-2.9457507863206445e-05
-3.086235157512274e-05
-2.996917408421007e-05
-2.862764891853331e-05
-2.6262312485370032e-05
-2.6341035021082426e-05
-2.7417578167598933e-05
-2.7896016677186886e-05
-2.635140698808991e-05
-2.7879163228716752e-05
-3.1537399240222364e-05
-2.725788995949774e-05
-2.7517636469076567e-05
-2.713183644476036e-05
-2.9121970519574436e-05
-2.782008881047071e-05
-3.3727866914079474e-05
-2.9653455569822462e-05
-2.5697076069364222e-05
-2.766692502009782e-05
-3.0442215138759554e-05
-2.6095973059081512e-05
-2.410630385418777e-05
-2.4223447530113962e-05
-2.730535541528578e-05
-3.3496733351512376e-05
-2.5480180483095083e-05
-2.8476465701143816e-05
-2.4479427099655116e-05
-2.7922352668963146e-05
-2.571200905554516e-05
-2.6886271044690435e-05
-2.8856169900226547e-05
-2.5518865271689783e-05
-2.8154846761330177e-05
-2.5046879828849455e-05
-2.5262400209113967e-05
-3.0305310731282287e-05
-2.6272129411308853e-05
-2.524163689693326e-05
-2.5909403994328617e-05
-2.459775909446904e-05
-2.2792309880781403e-05
-2.6293707604985173e-05
-2.5204128508760082e-05
-2.599930516833382e-05
-2.3797543470482907e-05
-2.536270381575667e-05
-2.3151545622435155e-05
-2.4714156811100896e-05
-2.6437306811233352e-05
-3.0189667316105062e-05
-2.6539841547101872e-05
-2.653077807868165e-05
-2.7660711759192047e-05
-2.672297208905494e-05
-2.775666102183827e-05
-2.9888261638966185e-05
-2.471464566511372e-05
-2.7117482713834296e-05
-2.6010817280430754e-05
-2.491099957191434e-05
-2.7175468236328992e-05
-2.673806953029656e-05
-2.4863613718395516e-05
-2.2844200886940058e-05
-3.0309509293668935e-05
-2.297008214541263e-05
-2.3763151568323426e-05
-2.7401838206153606e-05
-2.7413488781935502e-05
-2.3088457503983584e-05
-2.7604289296823126e-05
-2.3064766852431973e-05
-2.2762220885930162e-05
-2.5460051283121565e-05
-2.577564835259949e-05
-3.0614048523613935e-05
-2.5154214989109303e-05
-2.5592534213192408e-05
-2.5204828053904116e-05
-2.8763204063919634e-05
-2.4622740057433923e-05
-2.7565982130495215e-05
-2.4771213028962347e-05
-2.4685855320949468e-05
-2.298995617905364e-05
-2.6180126631525358e-05
-2.4835248037702318e-05
-2.1480606623935916e-05
-2.1481592493932666e-05
-2.4269010408639602e-05
-2.2171482002508736e-05
-2.674176838790565e-05
-2.3631747537111725e-05
-2.747653256912619e-05
-2.770924216505266e-05
-2.4350172881104637e-05
-2.3444923934468065e-05
-2.5749963961929634e-05
-2.5002422986697415e-05
-2.5513398296095335e-05
-2.3460508795980495e-05
-2.5384231196023954e-05
-2.3940358887364344e-05
-2.2188468319028765e-05
-2.316587481004939e-05
-2.5726753030697047e-05
-2.5025898640562705e-05
-2.7480103698351854e-05
-2.1530979069372957e-05
-2.3581684260587377e-05
-2.4576127920339363e-05
-2.450399854597718e-05
-1.996649380164861e-05
-2.4778156894389447e-05
-2.189664735807728e-05
-2.4808713100676894e-05
-2.007741820397868e-05
-2.1920707144962304e-05
-2.3800507720161956e-05
-2.5958967147854395e-05
-2.3862253734296957e-05
-2.499995291288526e-05
-2.3530247521885705e-05
-2.07817304991309e-05
-2.2570279849698505e-05
-2.996854547177019e-05
-2.1285561274675402e-05
-2.4309868471794616e-05
-2.5861554738881853e-05
-2.17061661973994e-05
-2.4836501596514626e-05
-2.3284076404284093e-05
-2.1720310888706518e-05
-2.58709726923545e-05
-2.184922682169077e-05
-1.8602173630810626e-05
-2.4448926539410998e-05
-2.0555027700264183e-05
-2.2908037411006887e-05
-2.082601995057054e-05
-2.7534579388477365e-05
-2.1176620260854317e-05
-2.5929458745854728e-05
-2.0770899943733934e-05
-2.5813365089777385e-05
-2.3063165495607052e-05
-2.5060287459521824e-05
-2.4540131217110073e-05
-2.220286927850923e-05
-2.2982741611499158e-05
-2.1555136728468316e-05
-2.0959430551525937e-05
-2.3909846083858266e-05
-1.982056485722028e-05
-2.4539382790400577e-05
-2.4224209720369316e-05
-2.4025307632458137e-05
-2.1805078420811252e-05
-2.288007707951234e-05
-2.4694539175862396e-05
-1.9035382581522597e-05
-2.3916934731860184e-05
-2.0536470018373e-05
-2.1729706520368097e-05
-2.064629564324516e-05
-2.053229382376065e-05
-2.487464390771299e-05
-2.1762476038189593e-05
-2.2060345132468573e-05
-2.1918096502149265e-05
-2.3418119775853175e-05
-2.1630132878258657e-05
-2.0940667163293902e-05
-2.189800044904988e-05
-2.2388780704818423e-05
-1.91661659988962e-05
-2.1684216072404006e-05
-1.97023663046636e-05
-2.3522906879125394e-05
-2.134021538158226e-05
-2.075770467485638e-05
-2.224391899535716e-05
-2.024947509848829e-05
-1.9581574855542794e-05
-2.2294056797378392e-05
-2.200159800980206e-05
-1.9286343864444166e-05
-2.0586784944154335e-05
-2.2303380092569824e-05
-2.1463584992331697e-05
-2.1039785996379567e-05
-1.9394575009212822e-05
-1.6779646854425678e-05
-2.002030819492351e-05
-1.9495565155680517e-05
-2.473240876360583e-05
-2.046407059164146e-05
-2.0007597564875024e-05
-1.9524480453059212e-05
-1.8805929394238863e-05
-2.079477763100579e-05
-2.1712765365888842e-05
-2.1419633446984054e-05
-1.817671937620613e-05
-2.2230734348427372e-05
-2.1241243317315917e-05
-2.0671714710429612e-05
-2.109968020602704e-05
-2.0242196541231383e-05
-1.9743559922513754e-05
-1.93410206416611e-05
-2.0635352304732013e-05
-1.7416402336933867e-05
-1.962573373193166e-05
-2.0779422251759883e-05
-1.800119455425131e-05
-1.8848635076285092e-05
-2.006133104232033e-05
-1.82259475914881e-05
-2.0154966766605664e-05
-1.969165395798722e-05
-2.0735706381114216e-05
-2.022594811074141e-05
-2.04646420521315e-05
-2.0345112082986727e-05
-2.0174618160340163e-05
-1.976459827218724e-05
-1.883483986792056e-05
-1.530588640419328e-05
-2.0987162871244358e-05
-1.7322310622569503e-05
-2.0742405604678993e-05
-2.211134897345257e-05
-1.9880967838781238e-05
-2.245256591026923e-05
-2.1234518845503203e-05
-2.0902717943804827e-05
-1.910640242158701e-05
-2.1351070187469734e-05
-1.9553967122165616e-05
-2.1463194095738825e-05
-1.7945948954933844e-05
-2.12723351746269e-05
-2.0803290501358873e-05
-1.9661921835500973e-05
-1.8297745930262455e-05
-1.823151778362897e-05
-2.1768744453698474e-05
-2.0036321305427762e-05
-1.8543599444142966e-05
-2.023098193626449e-05
-1.8993202580419588e-05
-1.952580801878323e-05
-1.9129712394871934e-05
-1.8010433889770194e-05
-2.1226040140931435e-05
-1.9466852242577826e-05
-1.9138362720994007e-05
-1.935155253346421e-05
-1.9197912188684274e-05
-1.873584202166656e-05
-1.8956706727135675e-05
-1.83057907905404e-05
-1.8506133282691906e-05
-1.5965250750038518e-05
-2.081194969999478e-05
-1.7170864883842007e-05
-1.8119363740742855e-05
-1.960838755499239e-05
-1.7636026604817e-05
-1.885771502529998e-05
-1.7713592024182212e-05
-1.7767222583620068e-05
-2.1052955623268588e-05
-1.8078829539747154e-05
-1.8901817170402513e-05
-1.6379724952053643e-05
-1.6861104164156426e-05
-1.9205943997402386e-05
-1.720880328387464e-05
-1.7538173732400963e-05
-1.4792138169961166e-05
-1.9021894186788124e-05
-1.7550956337319956e-05
-1.7745868901075657e-05
-1.8201833531517053e-05
-1.6900601517655378e-05
-2.0179973225897818e-05
-1.7058095306943244e-05
-1.667321237330821e-05
-2.1333160365399895e-05
-1.9596685525813395e-05
-2.014547114076448e-05
-1.527574876503124e-05
-1.914312869233381e-05
-2.1366448515192094e-05
-1.7008626363668178e-05
-1.705687107084186e-05
-1.7937169643822415e-05
-1.9191159530251856e-05
-1.7104859321381838e-05
-1.6725221679336766e-05
-1.6784770047351127e-05
-1.8520935682941886e-05
-1.8197179544099384e-05
-1.7298302432411372e-05
-1.66514871904333e-05
-2.0183953279850897e-05
-1.8578186561091226e-05
-1.8401363181319574e-05
-1.687504991271238e-05
-1.3896861071560629e-05
-1.8955809572229754e-05
-1.6980256986209863e-05
-1.4859746025219778e-05
-1.7897935645438956e-05
-1.8122827621980253e-05
-1.8345325255075817e-05
-2.0282272407357027e-05
-1.6640831018044366e-05
-1.7289940530629266e-05
-1.9081130150477854e-05
-1.725637859284479e-05
-2.038111089786021e-05
-1.7782664626153633e-05
-1.7345936974277887e-05
-1.7351119831310324e-05
-1.6230257138816206e-05
-1.576403260089565e-05
-1.620277311359386e-05
-1.436349574168716e-05
-1.7538928715254976e-05
-1.854210594559591e-05
-1.807712588047794e-05
-1.6887863890424626e-05
-1.563041105784313e-05
-1.515383034217388e-05
-1.7924679551029055e-05
-1.6578722093707476e-05
-1.600955863578779e-05
-1.5711440124077658e-05
-1.8365070982850895e-05
-1.7258664166075466e-05
-1.801872352347189e-05
-1.6790491325247014e-05
-1.6164590425749026e-05
-1.641169992505631e-05
-1.3352095125873653e-05
-1.6650581265764686e-05
-1.5819637821379295e-05
-1.6952757405486185e-05
-1.6178109825459863e-05
-1.5174766341941037e-05
-1.699904281421416e-05
-1.8140106402886325e-05
-1.5902426199698727e-05
-1.5735806468852864e-05
-1.5984299538140956e-05
-1.5378352281769647e-05
-1.867897780050143e-05
-1.4809149527839072e-05
-1.8609261331514748e-05
-1.5146540166321998e-05
-1.6611084913353835e-05
-1.6818864339795958e-05
-1.8379500558440842e-05
-1.6118806123788243e-05
-1.48125742336358e-05
-1.6861652625210777e-05
-1.7588950958991045e-05
-1.7485146412976604e-05
-1.5477789749196447e-05
-1.4821343733650849e-05
-1.4896503589989507e-05
-1.531665008480676e-05
-1.3398407135822854e-05
-1.4508129349610766e-05
-1.703385119483647e-05
-1.5501671245032878e-05
-1.631832164528113e-05
-1.5762502992344718e-05
-1.4465398914864647e-05
-1.3441295711513757e-05
-1.5145209041944607e-05
-1.5896861616793156e-05
-1.5326462579068334e-05
-1.5122807679013306e-05
-1.6179521316883605e-05
-1.613704103159419e-05
-1.6491391486905815e-05
-1.4476010338437817e-05
-1.53292073624689e-05
-1.5394148869529722e-05
-1.3933501025853445e-05
-1.7549154956109092e-05
-1.5871475216422404e-05
-1.4698632329501748e-05
-1.6345401410988725e-05
-1.5466856146506558e-05
-1.4471353326273029e-05
-1.5676421834254217e-05
-1.617984853374832e-05
-1.3771362194325842e-05
-1.340215973510972e-05
-1.3963495120450364e-05
-1.2841937509167067e-05
-1.5071761206519874e-05
-1.3581886517899378e-05
-1.6839120409672947e-05
-1.493678579700397e-05
-1.4646711482713126e-05
-1.4684116318608442e-05
-1.4293267105169871e-05
-1.3338639414384179e-05
-1.522491481042998e-05
-1.448392163844181e-05
-1.6914355635999634e-05
-1.2175654443447037e-05
-1.502037402517642e-05
-1.45112486971688e-05
-1.4481233865715204e-05
-1.6192073581111632e-05
-1.5578201562560512e-05
-1.6730644746776324e-05
-1.4784082799090825e-05
-1.4963386665567402e-05
-1.2947594337953117e-05
-1.2075159879332276e-05
-1.3415594610766135e-05
-1.6617614203906506e-05
-1.4292745355193315e-05
-1.3743981029212815e-05
-1.397472244674125e-05
-1.4139975214433331e-05
-1.4753800667066663e-05
-1.3241095653371282e-05
-1.4344323598924902e-05
-1.4872649264696669e-05
-1.4880210988055254e-05
-1.4777068476745647e-05
-1.5051170709323713e-05
-1.4425903203718615e-05
-1.2988507504363422e-05
-1.4105121334040405e-05
-1.5678072520286523e-05
-1.3121069740662517e-05
-1.2840870414643213e-05
-1.4108650034483361e-05
-1.2964970872830772e-05
-1.5658868766643685e-05
-1.60974912164491e-05
-1.3529650722210462e-05
-1.4585776407061157e-05
-1.1909329571180294e-05
-1.4720585677641118e-05
-1.3696096006599046e-05
-1.4496543297937148e-05
-1.5162329664364371e-05
-1.5028907895286991e-05
-1.328820483220694e-05
-1.3644138348201107e-05
-1.4200853383772305e-05
-1.1370858368997538e-05
-1.3103462192298743e-05
-1.6161708140616238e-05
-1.3164962964828941e-05
-1.4265931575663249e-05
-1.3080264012366172e-05
-1.4282063626136487e-05
-1.4782127040202653e-05
-1.4622723787716119e-05
-1.364039361673175e-05
-1.3753597496335424e-05
-1.3626478736983305e-05
-1.2928450829341465e-05
-1.1591539330613188e-05
-1.3910018745177943e-05
-1.3271734135900104e-05
-1.1247910289835517e-05
-1.4734865537768815e-05
-1.7055156140310945e-05
-1.407391311425421e-05
-1.4653954291343751e-05
-1.3194651100778554e-05
-1.1677542894772408e-05
-1.5059515127369139e-05
-1.454675341144851e-05
-1.3752157396684783e-05
-1.4954207046558032e-05
-9.79591766830934e-06
-1.5565216188673237e-05
-1.4775154271062796e-05
-1.4947634317308278e-05
-1.626203832599815e-05
-1.4693901547735422e-05
-1.748652901956138e-05
-1.5655518481372255e-05
-1.3084649735206622e-05
-1.5439663319516406e-05
-1.5332509857357568e-05
-1.5693710533115635e-05
-1.6120945577180468e-05
-1.4625005052115725e-05
-1.271877749542405e-05
-1.564670042941696e-05
-1.5381905456191003e-05
-1.416865271497425e-05
-1.4797739038174829e-05
-1.3404697109031805e-05
-1.3340684000329173e-05
-1.3770729441031637e-05
-1.4725158744788303e-05
-1.4490574378189791e-05
-1.3680958289574718e-05
-1.3574649076530942e-05
-1.3683792501162362e-05
-1.4120257199656816e-05
-1.3319169554215637e-05
-1.2832550535246678e-05
-1.5218973113739764e-05
-1.5155391040577726e-05
-1.4212444231276322e-05
-1.36770452401902e-05
-1.4596635092345434e-05
-1.317459524630138e-05
-1.3662375232148527e-05
-1.420865294710083e-05
-1.2464450227067658e-05
-1.4244370571292464e-05
-1.3450483825616644e-05
-1.20577240659836e-05
-1.310591479164458e-05
-1.3053165587584292e-05
-1.295773382076204e-05
-1.3540264774680733e-05
-1.3710241350495256e-05
-1.2131898222578208e-05
-1.2008584687750457e-05
-1.2544364423106025e-05
-1.1410592429872413e-05
-1.3421015275572046e-05
-1.2279154756156263e-05
-1.4217546633943368e-05
-1.2503376300931901e-05
-1.3667790245031064e-05
-1.3386105451707042e-05
-1.354046051793567e-05
-1.2383780799485322e-05
-1.3054272438139947e-05
-1.1989161747161248e-05
-1.6304429953595267e-05
-1.4379911652984134e-05
-1.2163454849500877e-05
-1.272785944456123e-05
-1.307782981119221e-05
-1.1543458676266383e-05
-1.3966739106419102e-05
-1.254212237183916e-05
-1.2412037862008507e-05
-1.3973499511765741e-05
-1.1577755430813852e-05
-1.3725665837349688e-05
-1.2175192494134901e-05
-1.2391006327827636e-05
-1.2882765777655347e-05
-1.317254150279279e-05
-1.2840348253773115e-05
-1.1266661484710117e-05
-1.3370007883484192e-05
-1.040808238772506e-05
-1.3379751273912e-05
-1.3818708667789892e-05
-1.4044270171875706e-05
-1.2097256381682353e-05
-1.3008652995027958e-05
-1.217048612495164e-05
-1.1558729278771107e-05
-1.1941922568703411e-05
-1.2574558968414529e-05
-1.4839724592596859e-05
-1.304949240071851e-05
-1.2760918888021777e-05
-1.1323888507053237e-05
-1.3070289928640566e-05
-1.2424437036473446e-05
-1.0740196973446636e-05
-1.145615383418841e-05
-1.3933539327048994e-05
-1.2572831000257079e-05
-1.330090392082095e-05
-1.2322320627533578e-05
-1.0426281450259811e-05
-1.0697835764461594e-05
-1.2355754311466072e-05
-1.329949996126123e-05
-1.2742399910670166e-05
-1.371777793440776e-05
-1.1743947802123067e-05
-1.0531501146437972e-05
-1.3035442715803036e-05
-1.2291009763298888e-05
-1.2968600876850367e-05
-1.2099839322488037e-05
-1.3163267018889702e-05
-1.2504389615697331e-05
-1.2208447197292749e-05
-1.2254333530636874e-05
-1.142833144779365e-05
-1.1261227553793773e-05
-9.988804312022204e-06
-1.1131910825301627e-05
-1.1223341400190545e-05
-1.1955769504912173e-05
-1.2910439487923142e-05
-1.1036884226600652e-05
-1.2397701184607701e-05
-1.0940413512072755e-05
-1.168432424558663e-05
-1.2189667264683735e-05
-1.0775108490956864e-05
-1.2776865111530089e-05
-1.0892495610703712e-05
-1.1887231625984374e-05
-1.2117044908277474e-05
-1.1320520144131319e-05
-1.289589798003643e-05
-1.0922780693589651e-05
-1.0542716399886132e-05
-1.2782970237268376e-05
-1.0907286489947321e-05
-1.1393660092673397e-05
-1.07151627283808e-05
-1.0688868233466042e-05
-1.2215685184113756e-05
-1.2841372178606925e-05
-1.1999215508318173e-05
-1.1118575939328412e-05
-1.1406575320171974e-05
-1.0193166368521744e-05
-1.1804567619844164e-05
-1.2605852188596334e-05
-1.1848865557106958e-05
-1.0491247617372412e-05
-1.0420637404029431e-05
-9.168341850940287e-06
-9.610612944799257e-06
-1.2443899037761774e-05
-1.0098227368804391e-05
-1.2292260945456768e-05
-1.0351118727991437e-05
-1.0455072423642964e-05
-1.3143463645559628e-05
-1.1236693554017574e-05
-1.150374406844179e-05
-1.0438216850983117e-05
-1.2047662288072747e-05
-1.1509130822873193e-05
-9.773431530468724e-06
-1.0035557709120457e-05
-1.0657410676850887e-05
-1.0747579027303722e-05
-1.0170879842508196e-05
-1.063802916706491e-05
-9.994919479450193e-06
-1.1190884956269187e-05
-1.1874888595830857e-05
-1.121829669104013e-05
-1.1489684772325592e-05
-9.329524356338492e-06
-1.0951782190626869e-05
-1.0108274103026726e-05
-9.949672236775342e-06
-9.93950165328883e-06
-1.2099143519073152e-05
-1.0499073662850744e-05
-9.42402671155751e-06
-1.0623104249651849e-05
-1.078713221142058e-05
-1.0030840151997733e-05
-1.261016634185319e-05
-1.2879177983315948e-05
-1.026297768108586e-05
-1.0517771435958334e-05
-1.0972232397210568e-05
-1.0380228166018135e-05
-1.1264481247497127e-05
-9.785319505295487e-06
-1.1365517875672193e-05
-1.0215359512011357e-05
-1.1954424730897806e-05
-1.0219503039754496e-05
-1.158864054306985e-05
-1.0790856820930284e-05
-9.553436136455762e-06
-9.019739388937964e-06
-9.264564663713504e-06
-1.1116101265751244e-05
-9.654179332740931e-06
-1.1260217169795084e-05
-1.1472583578031603e-05
-1.0506863889647722e-05
-9.69272224671247e-06
-9.5522622781119e-06
-1.097246333947588e-05
-8.870443579722664e-06
-1.1121511576006604e-05
-9.69635848518946e-06
-9.617596850308718e-06
-9.274361456923508e-06
-1.123904769989581e-05
-1.1382844451790497e-05
-1.079012963811632e-05
-9.83342223132011e-06
-1.0928411014077266e-05
-9.132955074375726e-06
-8.832185983964624e-06
-1.0983785296181381e-05
-1.0984739479968919e-05
-1.0535689098478684e-05
-1.0124409647038757e-05
-7.770735871770462e-06
-1.1541246088431212e-05
-1.2441624106795945e-05
-1.051645482486041e-05
-1.047801601650189e-05
-1.195385368241153e-05
-9.441025486778276e-06
-8.997308034497387e-06
-1.1150756154432173e-05
-1.0310926460088687e-05
-9.55169833055658e-06
-1.1014139753795504e-05
-1.1460753334469054e-05
-8.942732895200756e-06
-9.705494650846802e-06
-1.029508720234995e-05
-1.0469939798862793e-05
-1.1417730765239664e-05
-9.701029718700571e-06
-1.2401063621492181e-05
-9.833618754506723e-06
-1.0605845753963727e-05
-9.794841943744359e-06
-9.517246906454169e-06
-1.1041507698261732e-05
-8.935491161765619e-06
-1.0508971972356118e-05
-8.636368527548122e-06
-9.684697797940345e-06
-9.25813500879391e-06
-9.384150394475821e-06
-1.067127905945986e-05
-1.050272330455071e-05
-9.705033244433725e-06
-9.397549714740272e-06
-9.088589219719001e-06
-9.152950066149135e-06
-1.044241339559493e-05
-9.41233659179641e-06
-9.275806500175232e-06
-9.64819523541216e-06
-1.0247381987404935e-05
-9.350699886889746e-06
-9.483324815151573e-06
-9.76487665610426e-06
-8.569621629428426e-06
-8.680566898289221e-06
-9.044833130578134e-06
-9.294384114344467e-06
-1.0476440271356413e-05
-1.0014605160479917e-05
-8.559219152437514e-06
-9.341976412335917e-06
-8.583279266061172e-06
-7.802762883257763e-06
-9.925276797162486e-06
-9.106449445406284e-06
-1.0083708099128952e-05
-8.817751802447926e-06
-9.178896049455432e-06
-9.802635224265277e-06
-9.233763316074395e-06
-1.0578975878694497e-05
-8.44771323244009e-06
-9.419147713241038e-06
-8.3987247405104e-06
-9.093803678139611e-06
-8.5377494121186e-06
-9.295527013175597e-06
-8.552832805597266e-06
-7.63919623486542e-06
-1.0472624162760624e-05
-8.854263748636626e-06
-9.485414592724783e-06
-1.0731129384988769e-05
-9.142175331933178e-06
-8.134866040732103e-06
-1.0261798978061787e-05
-8.17925037543965e-06
-9.838304390497044e-06
-9.829273379502457e-06
-1.0432308280627911e-05
-9.635082727499356e-06
-8.969150267545967e-06
-8.719148105851282e-06
-8.661713753355116e-06
-9.453409512472088e-06
-9.284681200205647e-06
-7.872725863278252e-06
-8.5940893486125e-06
-8.988666492182329e-06
-7.76096125071346e-06
-9.315610299209798e-06
-7.898227463387641e-06
-8.115658216456545e-06
-8.82039197042106e-06
-9.888123370105362e-06
-8.811531062136169e-06
-8.250157308209438e-06
-8.721809402034708e-06
-7.787052570651376e-06
-9.159775924361124e-06
-7.787585036556077e-06
-9.384083708874336e-06
-9.061829032541713e-06
-8.307391954343046e-06
-7.798357456900717e-06
-8.15050771174608e-06
-8.813332614210356e-06
-8.434570379745043e-06
-8.488624570646142e-06
-7.238575882195786e-06
-8.749649182571151e-06
-7.656240718079133e-06
-9.407148249873654e-06
-8.079562779650384e-06
-7.94279915233842e-06
-8.090653220937938e-06
-9.927101603801614e-06
-1.0165704087350402e-05
-9.580742553472188e-06
-8.865095991072991e-06
-8.27126997804406e-06
-8.385332835814108e-06
-7.665199979023374e-06
-8.685296751353988e-06
-1.0094255337766977e-05
-1.001443230874699e-05
-8.566254808772822e-06
-7.585914435059848e-06
-7.518198588518654e-06
-8.327289942988703e-06
-9.02015659298705e-06
-9.377117679287839e-06
-8.66181649561426e-06
-8.715381970170188e-06
-8.242052388029997e-06
-7.712626324929417e-06
-7.80801728217373e-06
-8.324369876910875e-06
-8.677693710990031e-06
-7.803801625350104e-06
-8.29227013321443e-06
-7.555603324216342e-06
-8.356626475247708e-06
-7.964989418851598e-06
-7.267553133294413e-06
-8.623341896107917e-06
-8.5184845090569e-06
-7.88118785083336e-06
-6.912348279153324e-06
-7.591935049899856e-06
-7.75864501628698e-06
-8.004403296402174e-06
-7.73585579716407e-06
-8.696925214046747e-06
-7.5512884350481535e-06
-8.44667151816969e-06
-8.297092136899664e-06
-8.765294756185593e-06
-7.521561351975237e-06
-7.1144488256735805e-06
-9.641782263314358e-06
-9.194302032056179e-06
-7.498074689860079e-06
-7.407453575691836e-06
-7.375983486379578e-06
-8.083274261994067e-06
-7.474943394314426e-06
-8.678175452192516e-06
-8.141167752884204e-06
-7.938149271802253e-06
-7.880059026799113e-06
-6.937090180791916e-06
-7.2944743212954855e-06
-7.569439619992124e-06
-7.845268991668597e-06
-7.838463743969903e-06
-7.624407519835064e-06
-7.557243335065689e-06
-7.2280450014172715e-06
-7.71466534782439e-06
-6.592491423651481e-06
-7.717457754075063e-06
-7.875919288802269e-06
-7.776224280442445e-06
-7.503249651263921e-06
-7.800465535390266e-06
-7.041612202773884e-06
-6.2370801172106916e-06
-8.709778536120094e-06
-7.886903047704674e-06
-8.180329454210433e-06
-7.844293875736152e-06
-7.193845921182884e-06
-7.01070607755927e-06
-7.63328949715536e-06
-8.25977880808404e-06
-7.97193297141785e-06
-8.237575418956755e-06
-6.398845317057145e-06
-7.790090467418853e-06
-7.180952869501045e-06
-7.852857518697576e-06
-6.833496255964633e-06
-8.08166636401264e-06
-8.155688736244393e-06
-7.225206506700221e-06
-7.651360443949873e-06
-7.798611565912328e-06
-7.169451040789365e-06
-7.685013600822188e-06
-8.418560593248525e-06
-8.171943218115985e-06
-8.301475719008078e-06
-6.445458754000821e-06
-8.356121796448956e-06
-6.7598594511997234e-06
-6.5873395022064685e-06
-8.66444527120036e-06
-7.463827173259663e-06
-7.95531739194999e-06
-7.619819101467584e-06
-8.223468525636601e-06
-6.9972760634584574e-06
-6.535111909788949e-06
-6.843361557318239e-06
-7.561812047973682e-06
-6.886502757930124e-06
-7.361095956559538e-06
-6.807104007133802e-06
-8.786667770876999e-06
-7.294704842897293e-06
-6.779233566955867e-06
-7.68693890457195e-06
-6.570063770972023e-06
-6.821340851781432e-06
-8.457378953274919e-06
-6.637477160675864e-06
-7.87084376902003e-06
-6.644290475477099e-06
-7.943812519228821e-06
-7.557558953485977e-06
-7.4348289990089356e-06
-6.803307000535774e-06
-6.834741203054495e-06
-7.092525073637557e-06
-7.518005829598717e-06
-7.296784877375284e-06
-6.532383998336666e-06
-7.273220763326371e-06
-6.165184573803106e-06
-6.429903942117843e-06
-7.257732608345613e-06
-6.804501005652774e-06
-6.929837597313693e-06
-6.150783443847896e-06
-6.276906353575029e-06
-7.357187090328843e-06
-7.101703933087844e-06
-6.013903377066754e-06
-7.106494099407001e-06
-7.005116687885948e-06
-6.561482874201108e-06
-6.897414220385922e-06
-6.717372225684137e-06
-6.623399100291749e-06
-6.189504265230461e-06
-7.54989203749501e-06
-6.89208391152496e-06
-7.392775350945069e-06
-7.118138189099454e-06
-6.236583985352873e-06
-5.7438015153565836e-06
-6.2463665445045e-06
-6.2079194849684605e-06
-6.978220634890064e-06
-6.12961983242899e-06
-6.791424610075314e-06
-7.41061935716214e-06
-6.119587352915179e-06
-6.661057968593287e-06
-6.390402584988131e-06
-7.285502358345131e-06
-6.178962977609892e-06
-7.649853930424833e-06
-6.207696462645629e-06
-6.816048709001876e-06
-6.0690637938010106e-06
-6.465017481083191e-06
-6.685201981049271e-06
-7.405293779461086e-06
-6.811668692430217e-06
-7.073844641380944e-06
-6.6566822031766115e-06
-6.002842522168095e-06
-6.742312369356629e-06
-6.393803228033068e-06
-5.973504647593941e-06
-6.020741987189382e-06
-6.1480378783507206e-06
-5.936926014582511e-06
-6.774830503042395e-06
-7.1379693491469e-06
-6.001205264616338e-06
-6.941805485882746e-06
-6.226013904764294e-06
-6.351040250152096e-06
-6.329966348472826e-06
-6.440757779224704e-06
-5.884611477324775e-06
-6.4978929268932895e-06
-5.674062963145765e-06
-5.4062562978018924e-06
-5.811975214042864e-06
-5.909834362938238e-06
-6.339923781295553e-06
-6.508591296638944e-06
-6.5216427703740365e-06
-5.888362789863155e-06
-5.764290803678129e-06
-5.51747413923831e-06
-6.749798154126463e-06
-5.992782838581956e-06
-6.344993615847727e-06
-5.560525185854814e-06
-5.83522726443908e-06
-5.966320011485671e-06
-6.437876794551656e-06
-7.161042301639942e-06
-6.236473717669e-06
-7.76884218173235e-06
-6.6406893686754564e-06
-6.775323679208967e-06
-6.116118264509751e-06
-5.448522322537563e-06
-6.22231462704681e-06
-6.606794434371732e-06
-6.187034579052675e-06
-6.146515247440476e-06
-6.743219745142248e-06
-5.838416385239853e-06
-5.471342189034001e-06
-5.175249083222422e-06
-6.164068765524e-06
-6.336678864182765e-06
-5.9695905306744734e-06
-6.15083164851038e-06
-6.579113069060671e-06
-5.730588735541886e-06
-6.2591890370722325e-06
-5.848855449464008e-06
-6.00674995870909e-06
-5.644523325354367e-06
-5.306778448510574e-06
-5.359190833664762e-06
-6.422575313858037e-06
-6.132551932880315e-06
-5.7822335591817264e-06
-5.213433298956183e-06
-5.55265474894151e-06
-6.304412792812464e-06
-5.7137129905182604e-06
-6.3068958798262464e-06
-6.0257178308154025e-06
-6.1413842943336405e-06
-5.328339084009759e-06
-5.461789558292018e-06
-6.593523688369629e-06
-5.958795005700512e-06
-5.7524982634560295e-06
-6.2401144060864056e-06
-5.487770625312027e-06
-5.920922359237135e-06
-5.141231326943885e-06
-5.705848854009599e-06
-5.891687851866667e-06
-5.97173134680995e-06
-6.6516748196132625e-06
-5.4450232554459355e-06
-5.580069086574824e-06
-5.841935454165004e-06
-5.1404608055749534e-06
-6.6696525328757694e-06
-4.943811520052854e-06
-5.388061096567309e-06
-5.5562578028522935e-06
-5.6874447192933886e-06
-6.132293414617962e-06
-5.427845466809966e-06
-4.937716012953786e-06
-5.125165149666433e-06
-5.518359250611393e-06
-7.236446323721779e-06
-5.95132352032568e-06
-5.077411754095262e-06
-5.774602396757533e-06
-6.093300684184566e-06
-5.4957355042351e-06
-6.173893851824097e-06
-5.787990223382611e-06
-5.6472371793847564e-06
-5.133279974534055e-06
-5.299133392533406e-06
-6.1183727984581715e-06
-5.154066597290452e-06
-4.441306557800839e-06
-5.510490410143287e-06
-4.922740071910958e-06
-5.820821694757505e-06
-5.608561006564816e-06
-5.411162990631713e-06
-5.410187451759807e-06
-5.271051521205106e-06
-6.0000409974336755e-06
-5.772087605937504e-06
-4.861325375915548e-06
-5.109814306014648e-06
-5.053922060460625e-06
-5.3370244025297e-06
-5.880345087472261e-06
-5.834882665478602e-06
-5.31552521554346e-06
-6.1683974891257876e-06
-4.83964084746491e-06
-5.912511326200409e-06
-6.1198409627705175e-06
-5.597643468913116e-06
-6.0391402968429375e-06
-5.956343186563906e-06
-5.274863476067981e-06
-5.141383590256954e-06
-5.306547891659186e-06
-5.4609396747395955e-06
-5.415726034241342e-06
-5.8768579427881384e-06
-4.960921525576367e-06
-5.275179779440364e-06
-4.838232479986715e-06
-5.433613751437694e-06
-5.793994300729022e-06
-5.424852853985751e-06
-5.26795307742578e-06
-5.486468116100429e-06
-5.136012352024988e-06
-5.031835347779623e-06
-5.58046270099366e-06
-4.811123423764663e-06
-4.863094389517819e-06
-5.250491601105356e-06
-4.618408584955436e-06
-4.996930425826829e-06
-4.446776790179019e-06
-5.149566829620866e-06
-5.12953555947826e-06
-4.640654789167531e-06
-5.114347723600421e-06
-4.7678527497763135e-06
-5.0908119729187185e-06
-5.066496879091442e-06
-5.420706029934941e-06
-5.351861300573191e-06
-5.475682039346452e-06
-4.854207667437382e-06
-5.153504574972878e-06
-4.586229895464644e-06
-5.284873986877159e-06
-5.355375965021558e-06
-5.618159337084094e-06
-4.691059684425181e-06
-5.945319303590768e-06
-5.058092965082306e-06
-4.830062886818087e-06
-4.841066275906858e-06
-5.412185402398073e-06
-4.40749684299524e-06
-5.047051877149489e-06
-5.0186115682637755e-06
-5.151815065163046e-06
-4.484836325036046e-06
-4.845553297161409e-06
-4.9322849858812745e-06
-4.831365099877694e-06
-4.461404761291199e-06
-5.0091934179485875e-06
-4.7037291612817e-06
-5.2448716393316275e-06
-4.5501026212368956e-06
-4.813335412356956e-06
-4.880636914339487e-06
-4.524715894738129e-06
-4.875568426099264e-06
-4.875337952126024e-06
-5.17906543334723e-06
-4.086493162080984e-06
-4.3389395962822874e-06
-4.718014573745766e-06
-4.119194656426739e-06
-5.121265300889188e-06
-4.387185555954076e-06
-4.518609423687092e-06
-5.593775674384016e-06
-4.995401243990116e-06
-4.9957955391422004e-06
-5.493393290312287e-06
-4.626022296672083e-06
-5.429599006179231e-06
-4.338045632379384e-06
-4.891574557130962e-06
-4.8226798304851215e-06
-5.318180314073384e-06
-4.984028768584281e-06
-4.175942810324962e-06
-4.79301270600585e-06
-5.141311380074676e-06
-4.626218371550639e-06
-4.782793336099989e-06
-5.007861869521513e-06
-4.88486996508275e-06
-5.12574650790576e-06
-5.133824285408206e-06
-3.9981779445530385e-06
-4.992243895773907e-06
-4.402399534586543e-06
-4.847799690288479e-06
-4.414904766103511e-06
-4.401882929827572e-06
-4.565270448841918e-06
-5.6502234665467554e-06
-4.655171738476849e-06
-4.706917247299103e-06
-5.2403804949308075e-06
-4.5083498598219585e-06
-5.155187142780182e-06
-4.424694906357551e-06
-4.591102714057715e-06
-4.2881841892938866e-06
-5.141257271190636e-06
-4.060069221600848e-06
-4.892937229439287e-06
-5.386944697427509e-06
-4.594932154822207e-06
-4.611767690065882e-06
-4.32809806000245e-06
-4.701632542125633e-06
-4.18956661807357e-06
-5.148550165035015e-06
-4.9724457698574476e-06
-4.104171851093685e-06
-4.153035347009837e-06
-5.061494675717704e-06
-4.309810156810645e-06
-4.0135128784313245e-06
-4.485888823069217e-06
-5.2475020924647175e-06
-4.438528722838786e-06
-4.630113164372229e-06
-4.448172621740465e-06
-4.881739847417688e-06
-4.216937652845587e-06
-4.371484019494165e-06
-4.592419844462459e-06
-3.7146969073531544e-06
-4.079069078510855e-06
-4.077178550998539e-06
-3.986509701792151e-06
-4.562561169707546e-06
-4.833158435635365e-06
-4.7202625984010815e-06
-5.005734407592666e-06
-4.7622105879274734e-06
-4.211205416049246e-06
-4.369504314649664e-06
-4.419527879995222e-06
-4.380494011579916e-06
-4.33716378156479e-06
-4.309884159781063e-06
-4.15202127246328e-06
-4.543722408489881e-06
-3.89104625175829e-06
-3.7489565126724855e-06
-4.77239382329353e-06
-4.449708245313211e-06
-4.307025071814685e-06
-4.41097722342354e-06
-4.682470682526585e-06
-4.557162249119173e-06
-4.317440640722037e-06
-4.42801124733716e-06
-3.940552087633442e-06
-4.131804794471616e-06
-4.127432293998812e-06
-3.50750432703828e-06
-4.0365714107371e-06
-4.219910389957615e-06
-4.218888622564698e-06
-4.264599551551118e-06
-4.504797302296026e-06
-4.4325861324745475e-06
-4.342532073986494e-06
-4.197400089112069e-06
-4.11229053792761e-06
-4.482522151627588e-06
-4.541649128109171e-06
-4.095493010058959e-06
-3.8151309844081105e-06
-4.002583169293583e-06
-3.8843168319591115e-06
-4.241546201877444e-06
-3.509769768150761e-06
-4.219899660262705e-06
-3.94465167097291e-06
-4.39238463367797e-06
-3.917179357104672e-06
-4.4037309151478965e-06
-4.104644947044989e-06
-4.060451076814964e-06
-4.281627874469507e-06
-4.086957334226149e-06
-4.21284818391543e-06
-3.874557144678548e-06
-3.845609693686747e-06
-3.7814777332778604e-06
-4.582293743005117e-06
-3.988899932638734e-06
-3.7864590026748246e-06
-3.7313031414076825e-06
-3.4251882954916546e-06
-5.034347163423991e-06
-4.278313603389705e-06
-4.464387613589693e-06
-4.620315405323705e-06
-4.211990466240767e-06
-3.827974367320852e-06
-4.542264145479535e-06
-3.5879408565864246e-06
-4.1472975391143585e-06
-4.195705768761382e-06
-4.072045074188235e-06
-4.368378674901585e-06
-4.03031448731328e-06
-4.742392480439062e-06
-3.826996567535268e-06
-4.720947054837055e-06
-4.326739380333677e-06
-4.32879076173176e-06
-4.0847754648187795e-06
-3.935016634926125e-06
-4.0236022070261335e-06
-3.507540575820034e-06
-3.976905856906132e-06
-3.795993479327464e-06
-4.321547664443148e-06
-3.9981702409930264e-06
-3.89055269089944e-06
-4.216653161470685e-06
-4.011231734046827e-06
-3.883470069965256e-06
-4.304612341576863e-06
-3.6487307121801926e-06
-3.808412272154893e-06
-3.518249880207769e-06
-4.632812594829172e-06
-4.138678150189534e-06
-3.923308437236983e-06
-3.8126052924192244e-06
-3.6764905063657594e-06
-3.68915272391801e-06
-3.853913428275568e-06
-4.3213078625981005e-06
-3.841236538570936e-06
-3.768712975804611e-06
-3.8088705781036403e-06
-3.695892329458328e-06
-3.335166828488667e-06
-3.6348549061759883e-06
-4.13516862507457e-06
-3.7848434458753744e-06
-4.068305175186637e-06
-4.024424437143459e-06
-3.1210807483472713e-06
-3.8054638776818805e-06
-4.2184235423681216e-06
-3.890397667849488e-06
-3.7494788853176253e-06
-3.678830505893238e-06
-3.67201840317799e-06
-3.7376620845575026e-06
-3.842311999957548e-06
-4.134208898054492e-06
-3.979743856019624e-06
-3.750423327786301e-06
-3.2024116055628937e-06
-3.988653358655281e-06
-4.181789468815644e-06
-4.008881245465279e-06
-4.155992089027727e-06
-3.164426398027942e-06
-3.7043321927665573e-06
-4.151084671111249e-06
-3.839897525725888e-06
-3.981117479012752e-06
-3.870739344991048e-06
-4.157253967795871e-06
-3.2977052047966637e-06
-3.717054966989597e-06
-4.162950963559897e-06
-3.955606901751008e-06
-3.908095161542224e-06
-3.7302383389947735e-06
-3.8666265185782756e-06
-4.15149600380138e-06
-3.906890976679289e-06
-3.686892361520755e-06
-3.7735908029468135e-06
-3.539653620210359e-06
-3.4070654553741697e-06
-4.053242863844009e-06
-4.026624179309657e-06
-3.433394790308686e-06
-3.875984197043714e-06
-3.895638606588037e-06
-3.433014273579449e-06
-3.1833483787324646e-06
-3.1349629583399263e-06
-3.859556447771695e-06
-4.2301976249659035e-06
-4.055643162803602e-06
-3.873394733955315e-06
-3.4595931857617224e-06
-4.249899761665787e-06
-3.565161632468339e-06
-3.641158735967487e-06
-3.855492465454358e-06
-3.7194822264385863e-06
-3.6310726734267718e-06
-3.939249645090737e-06
-4.160037584743925e-06
-3.44538999591526e-06
-3.650979821412381e-06
-3.2357242140679254e-06
-4.1560304269716575e-06
-3.3954983643669223e-06
-3.983231187054681e-06
-3.765063334992824e-06
-3.846028600040796e-06
-3.2926370711061637e-06
-2.9537195553874795e-06
-3.5026292387607683e-06
-3.7423721226947926e-06
-3.467075066709846e-06
-3.577651702835194e-06
-3.5897665147111013e-06
-3.586840186475815e-06
-3.2911366016352694e-06
-3.525686162020314e-06
-3.69339414918457e-06
-3.665813764541781e-06
-3.5351104108460873e-06
-3.5639037740398116e-06
-3.86050537315441e-06
-3.422244754580639e-06
-3.4123238489280894e-06
-3.780083693616376e-06
-3.556136756566186e-06
-3.4680764751660043e-06
-3.367958298083895e-06
-3.280266093919071e-06
-3.221092849337026e-06
-2.799608779857632e-06
-3.1687451467754535e-06
-3.0784457418775446e-06
-3.317872620811624e-06
-3.775058485144811e-06
-3.4892202931957605e-06
-3.70035804425628e-06
-3.4014807436810734e-06
-3.3891550720865915e-06
-3.898702614746341e-06
-3.558957518134953e-06
-3.4515195398432397e-06
-3.582525715362106e-06
-3.5553938986243594e-06
-2.8280517202494693e-06
-3.7151607382712726e-06
-3.165911675095945e-06
-3.6791701549243605e-06
-3.3096598231474594e-06
-3.2742654905715263e-06
-3.976002275196677e-06
-4.006065802530934e-06
-3.4387243727507233e-06
-3.74687765020143e-06
-3.2973861770480006e-06
-3.5794865392846376e-06
-3.296468563784849e-06
-3.5580008606039826e-06
-3.996657532034931e-06
-3.486767395144419e-06
-3.1227682043000193e-06
-3.229592142994786e-06
-3.987605931399241e-06
-3.902072815420432e-06
-3.4846158387114023e-06
-2.9275178505816513e-06
-3.629014989514623e-06
-3.2220351438017047e-06
-3.4500853223762284e-06
-3.4821921716110538e-06
-3.1613926295137595e-06
-3.5644854910477086e-06
-3.608729154502832e-06
-3.3128256252679122e-06
-3.1023739290869656e-06
-3.6927875014525213e-06
-3.107940600100001e-06
-3.4965247459606275e-06
-3.234722011913327e-06
-3.7528831287603204e-06
-3.0130601073596885e-06
-3.094349835808252e-06
-3.238784838655029e-06
-3.822705469114229e-06
-3.6882965464557493e-06
-3.4716317740546287e-06
-3.460678866085143e-06
-2.9079665072040406e-06
-3.14885963637046e-06
-3.194951837426352e-06
-3.48320642212796e-06
-3.5848495322232665e-06
-3.404051948541209e-06
-3.057617149804237e-06
-3.2343048403937757e-06
-3.064027023103044e-06
-3.5019118437840113e-06
-3.6428697795520826e-06
-2.697452682276502e-06
-3.496742702391309e-06
-3.1867793809925438e-06
-3.256503742166128e-06
-3.304454263775014e-06
-3.3504295987030197e-06
-3.3866993358055986e-06
-3.455368192961661e-06
-3.3117293772311207e-06
-3.6450296444501262e-06
-3.3297499991147284e-06
-2.832180648448812e-06
-3.540455861816838e-06
-3.1667980326943734e-06
-3.647223803526778e-06
-2.9690492743816854e-06
-3.158810507108978e-06
-3.2443033813334132e-06
-2.800694970273021e-06
-3.3616659708135543e-06
-2.964769850510862e-06
-3.1876300037869676e-06
-3.449709568892345e-06
-3.2943880693969696e-06
-3.250421085065902e-06
-3.288932499290187e-06
-3.2547050510811637e-06
-2.8869303829170967e-06
-3.596331533239905e-06
-3.3896060568361364e-06
-3.1766956965495474e-06
-3.081862153198056e-06
-3.1374121855498593e-06
-3.243798585572666e-06
-3.004294503783367e-06
-3.1972587346551506e-06
-2.893730076891643e-06
-3.075891971349165e-06
-2.630442860362958e-06
-3.0335863768216065e-06
-3.230257008268733e-06
-3.184624677687875e-06
-2.7347482236539378e-06
-3.116418473281257e-06
-3.0943142427242165e-06
-3.241167771284026e-06
-2.9298822398216018e-06
-3.2038524846456085e-06
-3.1403836508459015e-06
-3.1312629832358496e-06
-3.2438683343349872e-06
-3.764800975580851e-06
-2.953224121471365e-06
-3.319048098859856e-06
-2.535485939314519e-06
-3.0889984883875066e-06
-3.249979349417842e-06
-2.9606976897911252e-06
-3.0775437747099232e-06
-3.337572616168849e-06
-3.2547858170861588e-06
-2.9012974386843915e-06
-2.9144162839722654e-06
-2.8171053071401886e-06
-3.031659186747415e-06
-3.0348949120462265e-06
-3.194387089344719e-06
-2.9045117059256498e-06
-3.190806977637628e-06
-2.8884077611368575e-06
-2.990528755852928e-06
-3.037659139448756e-06
-2.9483864448232033e-06
-2.9712881321475315e-06
-3.1600911467033477e-06
-3.202882619235403e-06
-2.465568932741302e-06
-2.6970746032639603e-06
-2.9674924255651547e-06
-3.4572865685866816e-06
-3.121620043622375e-06
-3.3965233683375118e-06
-3.279397333910694e-06
-3.042075805925748e-06
-3.6010921806717278e-06
-2.9946219595733403e-06
-2.8249419168902e-06
-2.9154530782338206e-06
-2.9785894172240646e-06
-3.0658621255064133e-06
-2.683448076412631e-06
-3.2260082534207868e-06
-3.218735711851828e-06
-3.055955481667816e-06
-2.3216371567436056e-06
-3.0859096104562944e-06
-3.0497164170695257e-06
-3.08098958295977e-06
-3.0773606434775225e-06
-3.0197698659972794e-06
-2.7567768539626947e-06
-3.544073852335128e-06
-3.301863809701544e-06
-3.4328489988966204e-06
-2.9053588530003616e-06
-2.933871725230297e-06
-3.3589952974089066e-06
-2.9162325297371616e-06
-3.305039187717629e-06
-2.8203500576085005e-06
-2.739566441811725e-06
-3.293784328117777e-06
-2.621817372094881e-06
-2.9105655173777834e-06
-2.8389750585944284e-06
-3.2705844019154107e-06
-2.499468595429377e-06
-3.1044487506792784e-06
-2.940720227995186e-06
-3.1166022170237007e-06
-2.929916625815654e-06
-2.5952982053434326e-06
-3.0995081808371516e-06
-3.040867359582755e-06
-2.915399353486947e-06
-3.1702601390182217e-06
-3.2875828860357004e-06
-2.7615880046627517e-06
-2.673064680214221e-06
-2.7355663254069462e-06
-3.155850656466619e-06
-2.5290920591114485e-06
-2.9775537869758395e-06
-3.4971863266952674e-06
-2.934598594017679e-06
-2.716734948837729e-06
-2.7364864375600817e-06
-2.9410645460137275e-06
-2.6801019447630914e-06
-3.323660765219838e-06
-2.9628295051264963e-06
-2.8538530797428407e-06
-3.2941826905164007e-06
-2.8034705255586267e-06
-2.5387522203934587e-06
-2.6977925963178606e-06
-2.794019564489325e-06
-3.0703035907020393e-06
-2.8045351275207686e-06
-2.7469201481777894e-06
-2.7809292866276536e-06
-2.8541882217125725e-06
-2.4393248733156625e-06
-2.6472970462987355e-06
-2.6990892698641744e-06
-2.6932060772644206e-06
-2.5505782450530035e-06
-2.8077853045371803e-06
-2.83809182943795e-06
-2.7064867915149726e-06
-2.775723239312189e-06
-2.5851391849407435e-06
-2.551718374210754e-06
-2.3568392319428533e-06
-2.6430584499359533e-06
-3.034447599192802e-06
-2.6444401373115767e-06
-2.6341239341975964e-06
-2.6316257755176764e-06
-2.339083111979612e-06
-2.2566013794800277e-06
-2.77712512453121e-06
-2.8537108225368257e-06
-2.588603630615527e-06
-2.6813921016888287e-06
-2.7135266821298742e-06
-2.6788768664465223e-06
-2.5911551693180712e-06
-2.8096301157298775e-06
-2.6903418052781625e-06
-2.5903932142634645e-06
-2.7028628756808892e-06
-2.2082598655770447e-06
-2.563104436581476e-06
-2.3802918860948985e-06
-2.757913771633813e-06
-2.7176967372088967e-06
-2.8163087219534866e-06
-2.364336863902583e-06
-2.6197651094572727e-06
-2.9084200899864854e-06
-2.5262746579102213e-06
-2.473041121164865e-06
-2.636887809881472e-06
-3.7557458352210915e-06
-2.76046283587128e-06
-2.8708956349987602e-06
-2.6388532892718253e-06
-3.3873001348827536e-06
-2.420139643632968e-06
-2.744470801230303e-06
-2.7332206603003506e-06
-2.612721365480297e-06
-2.875007956981701e-06
-2.403235128234371e-06
-2.9022698149749893e-06
-2.699185705501428e-06
-2.149567464415636e-06
-2.356826320160099e-06
-2.9267712104430466e-06
-2.659721415332328e-06
-2.835579179294445e-06
-2.483481375492591e-06
-2.4170155925595793e-06
-2.5602339373542726e-06
-2.5998408847982546e-06
-2.9322741562642918e-06
-2.6235993907941513e-06
-2.631179417067475e-06
-2.767079912258108e-06
-2.79585926243886e-06
-2.5649394131965764e-06
-2.7102623640917756e-06
-2.3796308302181934e-06
-2.6208521193282763e-06
-2.5329643490445974e-06
-2.2717869997412876e-06
-2.7307162658862794e-06
-2.8658216409960247e-06
-2.690423231366257e-06
-2.338861060158237e-06
-2.381493418635028e-06
-2.5994320229094647e-06
-2.652019835291952e-06
-2.462850505535741e-06
-2.580448200395491e-06
-2.5932975920017753e-06
-2.3707498558733775e-06
-2.535409703519065e-06
-2.5397988134834293e-06
-2.5821966475048086e-06
-3.069016772272448e-06
-2.658891897044935e-06
-2.4957867132413547e-06
-2.600500762839353e-06
-2.392932512251811e-06
-2.126679184033531e-06
-2.0842823806876964e-06
-2.709969140646251e-06
-2.515418388970847e-06
-2.425047908038991e-06
-2.220114524220662e-06
-2.602521444849959e-06
-2.6570920306223655e-06
-2.556809341636157e-06
-2.809799127034829e-06
-2.242897728765847e-06
-2.6957258689730423e-06
-2.3018097222160527e-06
-2.6931305749933188e-06
-2.422003986424226e-06
-2.489689367168868e-06
-2.4492636850892424e-06
-2.5590397971231305e-06
-2.396476538546466e-06
-2.313872223380642e-06
-2.3747299397469668e-06
-2.380889707054301e-06
-2.3835311138142856e-06
-2.450329693093334e-06
-2.166740768971831e-06
-2.1018636263137047e-06
-2.4017137749687834e-06
-2.451690903515491e-06
-2.2790358161772772e-06
-2.2054902505397322e-06
-2.5099837033248917e-06
-2.7478721468243705e-06
-2.0666988465589675e-06
-2.0868922493977315e-06
-2.502316164887386e-06
-2.4551273494766157e-06
-2.38064961138873e-06
-2.616398634247563e-06
-2.4093283160220302e-06
-2.5089636176423014e-06
-2.355864122616236e-06
-2.5071479112792616e-06
-2.436121416982129e-06
-2.6709552925496816e-06
-2.2295224234025746e-06
-2.237279935091152e-06
-2.7383957846294216e-06
-2.379512397732153e-06
-2.4332682190819632e-06
-2.050245066886891e-06
-2.4987835783862877e-06
-2.3299611922600327e-06
-2.368735295632529e-06
-2.3701477531168358e-06
-2.2729234432916634e-06
-2.244483546909315e-06
-1.9496836963783792e-06
-2.8222010614031845e-06
-2.1568969763019474e-06
-2.0349493434768107e-06
-2.44634853902026e-06
-2.446108738174413e-06
-2.648326818011082e-06
-2.3451284296704955e-06
-2.219219486121471e-06
-2.349978310223211e-06
-2.3097387589210427e-06
-2.1939919576663414e-06
-2.4654989838057695e-06
-2.304020074395119e-06
-2.2877753809158463e-06
-2.302509647444939e-06
-2.2241450971516308e-06
-2.440930594371782e-06
-2.4007586876262366e-06
-1.9955734350540766e-06
-2.2426734087033218e-06
-2.1407446144650066e-06
-2.329553903668291e-06
-2.0998861741672314e-06
-2.0354076841755386e-06
-2.1715168864733236e-06
-2.376110358859318e-06
-2.59985722500522e-06
-2.228176761875922e-06
-2.123634699702226e-06
-2.17764868448711e-06
-2.338603667439987e-06
-2.4523544512322637e-06
-2.3748968266956716e-06
-2.1360896675926e-06
-2.316655094702913e-06
-2.308118051297381e-06
-2.2163877694825196e-06
-2.076061052069811e-06
-2.0546188712056157e-06
-2.0407758518636854e-06
-2.0956822817663756e-06
-2.0946170744551296e-06
-2.0883879694455487e-06
-2.3229188071405282e-06
-2.1893963597641175e-06
-2.419423606292437e-06
-2.1213902198224943e-06
-2.0364703994246725e-06
-2.3630061483648213e-06
-2.037094882278989e-06
-2.3717375401965946e-06
-2.226672263239138e-06
-2.3751549900752345e-06
-2.051467266284135e-06
-2.5423192338003275e-06
-1.8167320262052478e-06
-2.054267436490953e-06
-2.031082176334742e-06
-2.0927725900010685e-06
-2.4332702670548656e-06
-2.3388749591513047e-06
-2.1131031371357523e-06
-2.1057174925953603e-06
-1.952732008425606e-06
-2.1768098025232163e-06
-2.0889532882928386e-06
-2.358576858041417e-06
-2.0780920652052615e-06
-1.9898043771560125e-06
-1.8314433227750726e-06
-2.4952229762953415e-06
-2.178966716614994e-06
-1.8456374443198698e-06
-2.0472007351002297e-06
-2.2939947956768236e-06
-2.1340012619219806e-06
-2.1471637780545727e-06
-1.9826416882695597e-06
-2.075244650012742e-06
-1.9826946101031417e-06
-1.7551094813050838e-06
-1.9066604858841707e-06
-2.2843574196684813e-06
-2.115153371506917e-06
-2.113685889593153e-06
-2.160437339471244e-06
-2.292017910798805e-06
-1.9206792635784176e-06
-2.1041267405097486e-06
-1.7755416006348668e-06
-2.247516093289992e-06
-2.149812607099566e-06
-2.37928681540156e-06
-2.0355552688977596e-06
-2.2021799555016486e-06
-2.2269849025979838e-06
-2.230005834158444e-06
-2.060929533753697e-06
-2.1058622538538962e-06
-1.9861566898926597e-06
-2.1952643091127655e-06
-2.010727687962177e-06
-2.3423196507388333e-06
-2.009211307885117e-06
-2.1986838260046326e-06
-2.05744144132769e-06
-2.2049076775498833e-06
-2.0787128954813383e-06
-1.8870423507677536e-06
-2.0671987319142993e-06
-1.717425896885505e-06
-2.096498698700433e-06
-2.0512258208649214e-06
-2.131117035619745e-06
-2.225396294963655e-06
-2.0078120283595347e-06
-2.280218004802048e-06
-2.134516602581016e-06
-1.839445395279693e-06
-2.0632588630942195e-06
-1.7534712568600952e-06
-1.9322821411260627e-06
-1.79347499906779e-06
-2.151624222623827e-06
-2.0762214240077626e-06
-2.319337163270152e-06
-2.3875888490176855e-06
-2.2897616358541484e-06
-1.9946968363160344e-06
-2.097555646785043e-06
-2.277324855748386e-06
-2.0829909088138088e-06
-1.9871582032648938e-06
-2.0771452212131614e-06
-2.1757560740853776e-06
-2.1724468158290655e-06
-2.078643168423877e-06
-2.057649931941352e-06
-1.7419115670991303e-06
-1.9673658391283766e-06
-2.2152273809750156e-06
-1.8409643703920509e-06
-2.0450514699454914e-06
-2.1029979971332047e-06
-1.9836226420877345e-06
-1.942355639605875e-06
-1.959362083192584e-06
-2.0583065272195e-06
-1.8756265826591623e-06
-1.796928702113565e-06
-2.115355341059111e-06
-2.0733586257315473e-06
-1.8994489711099405e-06
-1.8494096188925724e-06
-2.0040284184341672e-06
-2.368742086256148e-06
-2.134186327107379e-06
-1.983442018682613e-06
-2.0335020702866302e-06
-1.7406374014927728e-06
-1.8646956866930076e-06
-2.0662387862357967e-06
-1.8694498070681576e-06
-1.8456958428281212e-06
-1.7784125618813817e-06
-1.8543074453147845e-06
-1.904661931562135e-06
-1.822171986520793e-06
-2.0752003664914476e-06
-1.9498078226432014e-06
-1.8529751418805418e-06
-1.7397153225795492e-06
-2.067514781600721e-06
-1.9187510971185873e-06
-1.8312544889931281e-06
-1.8207453689744746e-06
-1.8126512565941333e-06
-2.0033112463901936e-06
-1.9079770210428393e-06
-1.7128739882021904e-06
-1.8164818595955978e-06
-1.6476016247435332e-06
-2.048053789782678e-06
-1.6999464599321001e-06
-1.977527489260833e-06
-1.8642106957567073e-06
-1.6010236778551956e-06
-1.9098504862591348e-06
-1.9958413254861362e-06
-2.0020740002513193e-06
-1.6176158438296895e-06
-1.7765274591408087e-06
-1.7837653783492335e-06
-1.6538853405689835e-06
-1.6867226106387356e-06
-1.7008965700338052e-06
-1.90727673210489e-06
-1.8364201125331547e-06
-1.778856995482414e-06
-1.9682289314482126e-06
-1.8084672369633736e-06
-1.6578149236168294e-06
-1.9591995105150417e-06
-1.6527725188453246e-06
-1.7473769686748852e-06
-1.8770498096398747e-06
-1.8209728104290335e-06
-1.8622931154954614e-06
-1.8960198994166788e-06
-1.7355975946986568e-06
-1.6810255220045534e-06
-1.754592882874384e-06
-1.5907309656171265e-06
-1.828463230268973e-06
-1.9896039539779586e-06
-1.7240057537670772e-06
-1.6487569013401426e-06
-1.7789947870938683e-06
-1.6195172796162893e-06
-1.641761454507229e-06
-1.8315612474451015e-06
-1.5967443027231631e-06
-1.7880743829468138e-06
-1.661157589039064e-06
-1.7569594609190275e-06
-1.6931527441754746e-06
-1.6883466622541476e-06
-1.6671479340368833e-06
-1.6699256214502967e-06
-1.6985753799048098e-06
-1.730923689768904e-06
-1.4956296828239068e-06
-1.9329648003330036e-06
-1.8494310791150603e-06
-1.498497689267353e-06
-1.7469192488683838e-06
-1.6821483099782597e-06
-1.552386321101995e-06
-1.7585550214360701e-06
-1.7757470788248853e-06
-1.9122983402342086e-06
-1.6895037797115542e-06
-1.6572346568377583e-06
-1.632979660493028e-06
-1.5760769954131781e-06
-1.4625904889431496e-06
-1.7385495806321316e-06
-1.7432711965081893e-06
-1.760602299505365e-06
-1.9447393578841954e-06
-1.717014669222472e-06
-1.649079659271635e-06
-1.8672990347856633e-06
-1.6221709465691347e-06
-1.4613316078881944e-06
-1.5717067850529176e-06
-1.5983315472811732e-06
-1.765270763176563e-06
-1.628417131083193e-06
-1.6695131941912855e-06
-1.5863616117939294e-06
-1.7282925237616098e-06
-1.598428913174299e-06
-1.8459803879378178e-06
-1.6416004129937711e-06
-1.608119417906284e-06
-2.0556366085444644e-06
-1.6308117959384916e-06
-1.4849998384858232e-06
-1.4913321487175502e-06
-1.4880328919608665e-06
-1.5971744964926593e-06
-1.8807915830865163e-06
-1.7403476585409194e-06
-1.9846098102682674e-06
-1.6631182077619933e-06
-1.9925498830342114e-06
-1.736854159939405e-06
-1.64492950160966e-06
-1.451632351545662e-06
-1.6888157867156472e-06
-1.5850164531427957e-06
-1.6456596440561633e-06
-1.5521108599481082e-06
-1.475877278611648e-06
-1.5555127000355107e-06
-1.6388087513141691e-06
-1.6959673673766495e-06
-1.6320455625273844e-06
-1.7232499876507212e-06
-1.6040627168201205e-06
-1.4765253711357396e-06
-1.553810956733681e-06
-1.9208666706682642e-06
-1.422999565348082e-06
-1.6425896358085446e-06
-1.7049339146035791e-06
-1.4843780919426841e-06
-1.5730595636642697e-06
-1.5213114941681205e-06
-1.4961979994954078e-06
-1.7938329925915042e-06
-1.3414130682343206e-06
-1.4978909469998136e-06
-1.7788977832444708e-06
-1.5078746509744612e-06
-1.8963570613816927e-06
-1.5814715848549987e-06
-1.646678407685176e-06
-1.5093950651023924e-06
-1.6751394988911983e-06
-1.6155222609115505e-06
-1.4805679511842307e-06
-1.7413597737103714e-06
-1.5511249569777341e-06
-1.4984713416765771e-06
-1.3052657172885063e-06
-1.6962775210571657e-06
-1.3154131202064434e-06
-1.6760085485567622e-06
-1.5921762395731953e-06
-1.6519435647177616e-06
-1.539458359789414e-06
-1.669309342422487e-06
-1.8989781804257255e-06
-1.5428673521000746e-06
-1.4528213545528246e-06
-1.6481093170206407e-06
-1.5861162305230714e-06
-1.4974834653957991e-06
-1.7006243991923853e-06
-1.6668891316129475e-06
-1.7137801035516098e-06
-1.6425404069653204e-06
-1.4343549515904996e-06
-1.4868996941475032e-06
-1.6018319062283126e-06
-1.6236636479760591e-06
-1.4160324987022577e-06
-1.5408862706345339e-06
-2.003321484977949e-06
-1.5509284301273851e-06
-1.6751517691870887e-06
-1.4095606904462876e-06
-1.4532050583437872e-06
-1.4619690125727836e-06
-1.6763973825772993e-06
-1.319064855676011e-06
-1.3367466993319255e-06
-1.5867417493820035e-06
-1.5402324237689946e-06
-1.4933923118687353e-06
-1.575458436042787e-06
-1.4224310956323372e-06
-1.5549880025833573e-06
-1.3797001390258856e-06
-1.7771400788735292e-06
-1.5482749556872122e-06
-1.3461789518109946e-06
-1.8278568322260824e-06
-1.4896344154302632e-06
-1.353671816972657e-06
-1.4470585527615043e-06
-1.5313132674110719e-06
-1.430573922767131e-06
-1.3693457946439835e-06
-1.4132448268311393e-06
-1.4329697772819117e-06
-1.5536823892436935e-06
-1.3756874582826484e-06
-1.4585634722230623e-06
-1.5518392823543614e-06
-1.3571418493452114e-06
-1.4244108367811315e-06
-1.6519378344126423e-06
-1.9494304623335346e-06
-1.2449809628223285e-06
-1.3825185988247668e-06
-1.5365100566877565e-06
-1.4948301071959769e-06
-1.6009174664821657e-06
-1.4674116786683733e-06
-1.344914980550005e-06
-1.3750512836696593e-06
-1.5623989697566287e-06
-1.3345605979209196e-06
-1.6734574578292083e-06
-1.2082622739550963e-06
-1.5642536724258527e-06
-1.4665302439653694e-06
-1.4705730335684564e-06
-1.5740668978247996e-06
-1.498962893697886e-06
-1.3682514153900982e-06
-1.3619123260810717e-06
-1.524067892444414e-06
-1.5379526063230564e-06
-1.4198554694200283e-06
-1.2774994166964149e-06
-1.2572636875485266e-06
-1.4246268663642425e-06
-1.3518576716942121e-06
-1.4915307157137292e-06
-1.4589687286070685e-06
-1.5998729255284339e-06
-1.530042398611986e-06
-1.480624892025162e-06
-1.243290385588569e-06
-1.2313950595310708e-06
-1.5440067828720316e-06
-1.359356443408899e-06
-1.4758773358991562e-06
-1.3091462510717022e-06
-1.3397549012417187e-06
-1.4306457736812384e-06
-1.3205809680782998e-06
-1.5138832194505625e-06
-1.3923728837128557e-06
-1.3534803109949145e-06
-1.4472642247409517e-06
-1.271191559015783e-06
-1.3571013353086414e-06
-1.525482041464521e-06
-1.3015449246700506e-06
-1.3319715338466764e-06
-1.3411002049434906e-06
-1.4805686552321617e-06
-1.1929291162116051e-06
-1.3266964786762259e-06
-1.3869789209364214e-06
-1.3283948567810455e-06
-1.4208682784788706e-06
-1.4976842890868092e-06
-1.5932261035467299e-06
-1.3376400265774357e-06
-1.362186194342474e-06
-1.1960566548840923e-06
-1.3118347592100399e-06
-1.3017839817219823e-06
-1.6319083889215769e-06
-1.3833068435165075e-06
-1.3257629786767033e-06
-1.3046260274873767e-06
-1.2095641283571545e-06
-1.3458808985622461e-06
-1.3270838788992378e-06
-1.326244081112371e-06
-1.2228098110744767e-06
-1.3710709823588907e-06
-1.368186464179022e-06
-1.1302416127456638e-06
-1.3139068357204131e-06
-1.158905251319453e-06
-1.1599603238487965e-06
-1.3677290531810549e-06
-1.5737237529789283e-06
-1.2987015318710604e-06
-1.3717611035413135e-06
-1.3284571493965558e-06
-1.303220025505869e-06
-1.2943483602145811e-06
-1.3809706976841696e-06
-1.2936817680442303e-06
-1.5199548619171388e-06
-1.4389880110265985e-06
-1.1669292505622764e-06
-1.4005796584171115e-06
-1.2903621149917832e-06
-1.2099330638504213e-06
-1.2975339252485618e-06
-1.3809536502651376e-06
-1.3781960673253657e-06
-1.2692416629378478e-06
-1.317266571099207e-06
-1.4469433797237308e-06
-1.397812825321143e-06
-1.2991033866982526e-06
-1.2844581919746467e-06
-1.2652486911512995e-06
-1.0949758789124964e-06
-1.1304687904667432e-06
-1.218581694162335e-06
-1.216207337506603e-06
-1.2709909645858275e-06
-1.2057726085368259e-06
-1.266514520426032e-06
-1.3566192527125764e-06
-1.4575929486171368e-06
-1.3366767198652596e-06
-1.1018579685884156e-06
-1.3741968266645088e-06
-1.3192247543813984e-06
-1.5902712294790788e-06
-1.2668082665645564e-06
-1.3795091933777037e-06
-1.3530936185945919e-06
-1.2038758452903586e-06
-1.4370816216469073e-06
-1.4853874332754202e-06
-1.2637998780817838e-06
-1.1532059118191107e-06
-1.3588838058686825e-06
-1.1550367412516138e-06
-1.185512199464167e-06
-1.4042431621397178e-06
-1.2433549276269495e-06
-1.289873388155005e-06
-1.1275478201122624e-06
-1.36210615553356e-06
-1.265324992061334e-06
-1.2708156278407046e-06
-1.2139487893247924e-06
-1.3282654016677498e-06
-1.2295161775366381e-06
-1.129873184124719e-06
-1.2011661157940168e-06
-1.2349187725191335e-06
-1.1972432197859817e-06
-1.217622885407721e-06
-1.1176507010990377e-06
-1.2562091862289293e-06
-1.1335863123740353e-06
-1.2465040432063645e-06
-1.227350634014357e-06
-1.1434364713402978e-06
-1.1263056998167542e-06
-1.2098013269512542e-06
-1.3408287096727811e-06
-1.1903716834460454e-06
-1.1501364443611273e-06
-1.1562683729926526e-06
-1.2644354736024432e-06
-1.1925049637206975e-06
-1.2433154963353843e-06
-1.307415289475422e-06
-1.334108571171555e-06
-1.0216564194087674e-06
-1.3200799755530568e-06
