-0.8685502723214786
-1.0084592083182657
-0.6358776165935656
-0.5768185570096929
-0.4887472346553244
-0.41561040254255266
-0.5143308547943737
-0.41282893550044364
-0.34806444138305487
-0.35309844864215517
-0.3620588563369304
-0.28645937463475923
-0.28173062723888387
-0.3723733806709557
-0.2580685073800875
-0.286286157826849
-0.212568234304974
-0.30234187188332556
-0.1717107658028031
-0.2304121030357436
-0.15112054921996892
-0.13231309224564664
-0.1212551233827237
-0.141104214484715
-0.1227745483559845
-0.04372579912636321
-0.03203393708291158
-0.027730058880686026
-0.014012022734727791
-0.010704885333136183
-0.012224991600576218
-0.015398317935751193
-0.009965777915189156
-0.027079725817001465
-0.010241888113486586
-0.012762425747576245
-0.009987803441491194
-0.009463835733240722
-0.010271728700986804
-0.009069235531632192
-0.009097625394351883
-0.008938415805431532
-0.009348331643053154
-0.007666532103951185
-0.008468072904809332
-0.007638140033468077
-0.007521894663442885
-0.008290000870848746
-0.008014536003813189
-0.007994460141738213
-0.006178509471814864
-0.005402538879677343
-0.0037455847750528237
-0.004682969321896158
-0.0032055857502668594
-0.005472582188772113
-0.0021626291285234966
-0.0028990321914229567
-0.0038124184759861235
-0.002388434122240546
-0.0019823156261826735
-0.0015638671534983217
-0.0019073908769347003
-0.003746833136422767
-0.002373258850061233
-0.0020022673516868483
-0.0018492259889109075
-0.0016075593542006494
-0.001506767182228197
-0.001454997420788473
-0.0017728349896868334
-0.001603323064028328
-0.0015736367572023457
-0.0011034584072384668
-0.0014649471818870552
-0.000970293588117177
-0.0009435959362308344
-0.0017998919427681948
-0.001440863605395415
-0.0014881956476037184
-0.0013083172221739492
-0.0017744670045273248
-0.0009301727808972426
-0.0009543430768232941
-0.0015852839875116764
-0.0009889532090970876
-0.0011322505038261488
-0.0008049263327281064
-0.0006613831040953588
-0.0010492675249308414
-0.0008437633872001582
-0.0007922781265363721
-0.0007284161748828399
-0.0006817069368683093
-0.0006538906791752064
-0.0007532137116686988
-0.0005770634553400322
-0.0007342982197642289
-0.0006319551256092071
-0.0004851052869724315
-0.00047452984399820597
-0.0004421240249726788
-0.0005343473881626037
-0.0005700395313548157
-0.0006660560939333315
-0.0005561733966311655
-0.00047345087009698084
-0.0006263709379765725
-0.0006753300627795333
-0.0004739852961463953
-0.0004019711725022912
-0.00041098157442309713
-0.00039670195563878963
-0.000335875562151533
-0.00043911912286631605
-0.00038629500995290833
-0.00044208175721138776
-0.0006103861243160758
-0.00041384438318925465
-0.0005505742559389626
-0.000306125319395667
-0.0004168602427772061
-0.00031237723310673093
-0.00036830222811179425
-0.00027216986545364197
-0.00037478590510553467
-0.0003049842531873681
-0.0003652816359149824
-0.0003000663385241964
-0.0003025394632730771
-0.0003033959816388654
-0.00022014206756781896
-0.00030771668137974384
-0.00027634294333234166
-0.00026114216255135325
-0.00029499718425074484
-0.00025182762819830895
-0.000244758309740023
-0.00023674991193112227
-0.00029756046228890387
-0.00020032841169193016
-0.00020739111902479124
-0.0001811458476783656
-0.0002275807754494874
-0.0002199235385339504
-0.0002475718406635963
-0.0002648325477352387
-0.00022411417914769416
-0.00021822943371341275
-0.000217329794578891
-0.00018649510135426706
-0.0001554219204358276
-0.00015963360884685418
-0.0002399597436796297
-0.00020395213698309878
-0.0001859357834076425
-0.00014140826225461645
-0.00017821086305624956
-0.00021297651941043494
-0.00016027742678270673
-0.0001456278022874402
-0.0001632867059709886
-0.0001552107250653023
-0.00018677121390131557
-0.00015156364180890503
-0.0001454118655916936
-0.00012408547598741215
-0.00012273277101892965
-0.00011632965455166122
-0.0001830508462374869
-0.00015648129773115915
-0.00011821233916886609
-0.00011177055114264256
-0.00011855710746877524
-0.00015222822697702476
-0.00014181743536811897
-0.00012802958861857228
-0.00013349172374288454
-0.00013144890260463615
-0.00011503638123200322
-0.00011787619636816071
-8.92505433415236e-05
-0.00011498568575352142
-0.00010614949961784692
-9.836523223838434e-05
-9.673862116199583e-05
-0.00010410909307201344
-9.228339859079782e-05
-0.00011661608060209439
-8.229688047767247e-05
-8.699349014673619e-05
-8.572225569991598e-05
-0.00010485178931207706
-8.731072436307663e-05
-9.075411352932328e-05
-8.689620044433077e-05
-9.455671236902052e-05
-7.196937212072818e-05
-7.26752815168874e-05
-6.838085917160175e-05
-0.00011578527862166066
-7.193425975760004e-05
-7.406729592873695e-05
-8.224791473832038e-05
-6.860263255747956e-05
-6.0236968867921625e-05
-6.25729631830163e-05
-7.041414546371527e-05
-8.918371298605177e-05
-8.213680591573347e-05
-7.367921747458706e-05
-6.024820836125766e-05
-7.601037206195205e-05
-6.569451589621966e-05
-5.042798820964478e-05
-6.34578720197787e-05
-6.0044200503095446e-05
-5.9500324217309775e-05
-5.886647616493157e-05
-6.461411668068351e-05
-4.883782020992378e-05
-6.121661454483451e-05
-5.675750832123683e-05
-6.124369495230653e-05
-4.982320991098188e-05
-4.853693212591992e-05
-4.7275234422938794e-05
-4.3133352928270696e-05
-4.3330469078672884e-05
-6.67958257420942e-05
-5.455893319161742e-05
-4.720071856745278e-05
-4.269325955141845e-05
-3.665157854682022e-05
-4.9917232401774925e-05
-5.068785503936635e-05
-4.823506123130539e-05
-3.6855352896214555e-05
-4.5697010197520704e-05
-4.8677951728248736e-05
-3.1273441910006916e-05
-4.4170639184493155e-05
-3.604591964556647e-05
-3.9066259237885426e-05
-4.137948196725194e-05
-4.2951478770203444e-05
-3.664257762181489e-05
-4.931698774179871e-05
-3.690040686032958e-05
-3.9094827581798164e-05
-4.2687229558247e-05
-3.266040695504291e-05
-3.523814464101438e-05
-3.2585777048455e-05
-3.197637776153339e-05
-3.593455872397122e-05
-2.9598772790628836e-05
-3.102848834068972e-05
-3.5104759032567046e-05
-3.7493957833589775e-05
-2.6087521177386996e-05
-2.6488948996816752e-05
-2.5582853320660348e-05
-4.3272646755410094e-05
-3.177960681144398e-05
-2.9353159880174395e-05
-2.689121567345243e-05
-2.8242542152834282e-05
-2.271349003157841e-05
-2.5826063989931036e-05
-2.6509703620947178e-05
-2.7361854030072408e-05
-2.614177904480819e-05
-2.6450273669431645e-05
-2.2807883920727967e-05
-2.5004856592181213e-05
-2.8244864870852204e-05
-1.726483840192028e-05
-2.4106606692497756e-05
-2.432320116718678e-05
-2.474598932389327e-05
-2.2169444015451845e-05
-2.2568215092055866e-05
-2.201433699089428e-05
-2.392730083500272e-05
-2.575926058545619e-05
-2.1485702415113828e-05
-2.3886919581328492e-05
-1.9075378777100305e-05
-1.644740113426746e-05
-2.0069575757064584e-05
-1.6564445778910475e-05
-2.333556423361749e-05
-3.446658692707327e-05
-1.8675171471915775e-05
-2.513377669199901e-05
-2.3174427357885996e-05
-1.6476186486036326e-05
-1.7481300471189343e-05
-2.095813086178122e-05
-1.784968989426705e-05
-1.686351813812159e-05
-1.4547019631550029e-05
-2.1347650567937748e-05
-1.8156226430532385e-05
-1.8252321265954663e-05
-1.86582753963771e-05
-1.7688411342420274e-05
-1.465370726561055e-05
-1.3518779290233596e-05
-1.6347338114286458e-05
-1.2889450281106107e-05
-1.3842848526124385e-05
-1.4398429155959569e-05
-1.6942970166189397e-05
-1.8007483515658507e-05
-1.344252314938732e-05
-1.5876875084974706e-05
-1.2868044036440374e-05
-1.2014356497225265e-05
-1.3868384224791086e-05
-1.292057866519869e-05
-1.0696407400256902e-05
-1.0217804587431267e-05
-1.637315936942052e-05
-1.0913166480164271e-05
-1.7701636794376086e-05
-1.2439294889476926e-05
-1.1255480944827312e-05
-1.9237818888240277e-05
-1.2638523808061741e-05
-1.5819671386752e-05
-1.2844804695877343e-05
-1.5590328145798082e-05
-1.27282199910983e-05
-1.5578049600617483e-05
-1.3008018379556674e-05
-1.2224148131734225e-05
-8.999199173520545e-06
-1.0511154132419875e-05
-9.397539408539934e-06
-1.1168294159369374e-05
-1.2946801222102344e-05
-1.0304829647034275e-05
-1.0309081216464122e-05
-1.0389304883839934e-05
-1.0268484432307545e-05
-8.400897931859497e-06
-9.801953599009039e-06
-1.410274198998529e-05
-9.202813055386727e-06
-9.566752209200224e-06
-8.44450311143774e-06
-1.1342862007435173e-05
-8.608272016208396e-06
-7.120975885177572e-06
-8.113686868815861e-06
-9.090994700144961e-06
-7.85430565763967e-06
-8.896030312732783e-06
-8.282509999402166e-06
-8.738552703779767e-06
-7.685127880185938e-06
-6.735962171600107e-06
-8.750237786125936e-06
-6.758275751250764e-06
-7.372881910994167e-06
-6.093384978700378e-06
-6.7963375298685236e-06
-9.153603437783708e-06
-7.95078670035032e-06
-8.22933361033229e-06
-5.711780474260131e-06
-5.9998493378010664e-06
-7.133861158914456e-06
-7.648171275520532e-06
-7.218143402876187e-06
-6.0693311366710745e-06
-8.511072193018165e-06
-5.161599470171474e-06
-6.4178132205272576e-06
-5.5867767448924965e-06
-5.355207920443306e-06
-8.906205671954659e-06
-6.545475693120473e-06
-4.5040639519156045e-06
-6.088810652449261e-06
-5.565803631202293e-06
-5.785863116947176e-06
-5.619427119518683e-06
-5.20963591021939e-06
-5.264234550939051e-06
-3.695251347135553e-06
-5.288143911097443e-06
-5.196737129953277e-06
-5.8297908465121395e-06
-6.430391906508959e-06
-4.2152263743933105e-06
-5.542831974070239e-06
-4.576217037755015e-06
-5.7031910206672976e-06
-4.5316731295264034e-06
-4.589069831140158e-06
-3.95269920672181e-06
-4.960707824630539e-06
-6.110115014723583e-06
-3.632171421852348e-06
-4.3475749376131745e-06
-5.178721695031641e-06
-4.658285442493693e-06
-3.5474405251090246e-06
-3.704761551981406e-06
-4.3227829019665265e-06
-4.206256354777338e-06
-3.506504476558092e-06
-4.614586660900422e-06
-3.3596179310757535e-06
-3.849144773138136e-06
-3.4452800407036577e-06
-3.855523440399189e-06
-3.3230508936776815e-06
-4.067970121535147e-06
-2.6027172106424246e-06
-3.990597015945951e-06
-3.6550388958778157e-06
-2.9743027120110455e-06
-3.5706262576651326e-06
-3.39921768255369e-06
-3.0303195208691847e-06
-3.4403675898131425e-06
-4.213566678346048e-06
-2.9081902869210197e-06
-2.9835879146178357e-06
-3.2291235163572907e-06
-2.886598021833997e-06
-2.3505625734721036e-06
-3.102805647747786e-06
-2.5415466990974522e-06
-3.190715258227783e-06
-3.478827760305947e-06
-2.9619559471782964e-06
-2.976884336258756e-06
-2.233697705467108e-06
-2.450013918742222e-06
-2.605605205929784e-06
-2.2664773750014078e-06
-2.528467165974213e-06
-2.60705935106742e-06
-3.411317094581534e-06
-2.0098050257377764e-06
-2.544166033846551e-06
-2.6085649588170057e-06
-2.3909886311956896e-06
-2.501283396960652e-06
-2.176670192421959e-06
-2.4969126356522153e-06
-2.0096813920789103e-06
-1.6895368407654487e-06
-2.154811949095503e-06
-2.789602716601891e-06
-1.934901705413772e-06
-2.0686557786753212e-06
-2.119320233640032e-06
-1.7692234749455693e-06
-2.1545872874728644e-06
-1.9311779345665414e-06
-1.978542934488736e-06
-1.9944745160982436e-06
-1.8823304064330415e-06
-1.6413078398613834e-06
-1.5716985628522195e-06
-1.6760388826808637e-06
-1.911039966717709e-06
-1.9511156442719724e-06
-1.314122371920412e-06
-1.584419567435269e-06
-2.1740980608031535e-06
-1.7246557112438055e-06
-2.13035182539123e-06
-1.7844230351116153e-06
-1.4398861951647746e-06
-1.2558416808694517e-06
-1.6448524262635544e-06
-2.2377717919797036e-06
-1.3900349706830184e-06
-1.8941686106277444e-06
-1.5113478412098758e-06
-1.5193694580251105e-06
-1.561496346891289e-06
-2.0658188528699384e-06
-1.0217183953331599e-06
-1.4976533023736138e-06
-1.6589944024092418e-06
-1.3082935662600548e-06
-1.4166005404270265e-06
-1.34949641950044e-06
-1.515706093746516e-06
-1.5056597151286155e-06
-1.4805255954541963e-06
-1.5907301212925162e-06
-1.0597306842052845e-06
-1.2457597939885545e-06
-1.0798428994318598e-06
-1.5531637025389955e-06
-1.193344596583934e-06
-1.3560533854706236e-06
-1.4050719751024232e-06
-1.0335367557345876e-06
-1.0885151954243e-06
-1.6162492021409847e-06
-9.841729255999354e-07
