-0.7855377900390714
-0.7354295515291169
-0.5129136192739829
-0.4608821658033335
-0.17936028081657146
-0.1886204733615493
-0.11434726909537857
-0.04468951965713186
-0.030416072299753127
-0.033290303495244866
-0.022131873337243257
-0.015749517269465052
-0.00746076891349412
-0.003938098784535993
-0.0018820615167434718
-0.0011433695906860608
-0.0008148209516347649
-0.0010825535254858076
-0.0008527993750523932
-0.0008193356951005093
-0.000535448118489823
-0.0003236862014657782
-0.000347950772334793
-0.00013426813572092744
-0.00011424498176465514
-0.00011126741195605083
-7.766454653534982e-05
-3.8300130577206826e-05
-3.493532143600264e-05
-2.5783350766916957e-05
-3.4940317959475387e-05
-3.99225693971661e-05
-2.302615715515932e-05
-1.2588266760760192e-05
-1.0014279169079376e-05
-9.715540945309797e-06
-6.731917298996581e-06
-3.61751105493191e-06
-2.910911627407309e-06
-1.5983784433792891e-06
-4.021159208389413e-07
