-1.0060223826499237
-0.6560400839188834
-0.5195560734940394
-0.5019985280240489
-0.3681697382909749
-0.4534533422301178
-0.3442681852139605
-0.3290308358653512
-0.3686521260072244
-0.2778661449659024
-0.28449704132738424
-0.2739706120253474
-0.23314428848159247
-0.27389078663497046
-0.22245676129353348
-0.2229239772317012
-0.18334304775918026
-0.26618623476153475
-0.21112188254118736
-0.2618334024543158
-0.15480878675655835
-0.18152700775504016
-0.14965059734404873
-0.1405143196194233
-0.15100785789272286
-0.21552836869008773
-0.09320724538240949
-0.08539596327403554
-0.06439748086608066
-0.09146366465000366
-0.07915248106918654
-0.0556527825083552
-0.07239671840231954
-0.08979737963164414
-0.08259246106012602
-0.07345944179115083
-0.04253297519079963
-0.033937633451891436
-0.02342462519088695
-0.022914045854093013
-0.014891744365502002
-0.015373899082827602
-0.017156935292229225
-0.010346889046230157
-0.02751094801852466
-0.01284101648328817
-0.01061141649098124
-0.010195182444641904
-0.01403032258190795
-0.011124908230442765
-0.009404530110376785
-0.013945829270007482
-0.010502313243287265
-0.009350348898087946
-0.00879023869289719
-0.008417678480931001
-0.009751566679390977
-0.010416413457414564
-0.008061358943065366
-0.008028975396815241
-0.007834198881141452
-0.006982783726620201
-0.007120921435528782
-0.007071623645475422
-0.006279745215381438
-0.006265143119903782
-0.007200101509400869
-0.00635276455586542
-0.008780135196210792
-0.0070135957459319664
-0.008759533062514924
-0.006174589533103458
-0.0059658099303484535
-0.0066828966254460775
-0.0048694530283667214
-0.00621284958407653
-0.004150732593806383
-0.005958656122579287
-0.0040137885257343076
-0.007641601185643165
-0.005052636053802573
-0.0047336907213404444
-0.005568023978277825
-0.00480883515651398
-0.0038207731801078726
-0.0029397080077319115
-0.0026513371896006444
-0.0023465773567243886
-0.003865761909246146
-0.0031598429005028628
-0.0020555547755714
-0.0022541521553498534
-0.0023686496230888032
-0.0022792084038670835
-0.0030767133842024563
-0.0024887035840075455
-0.0027658239025086795
-0.0026332300528655317
-0.0027544568587463125
-0.002275082191254274
-0.0016807480415091947
-0.002648289445196239
-0.0019564842924372217
-0.0017121795120315086
-0.0019064043790559815
-0.002453535292157638
-0.002377346754156684
-0.0017775702591042997
-0.001329733081066986
-0.0025774099452481325
-0.001861739312707611
-0.001612239354616296
-0.0014664034544705773
-0.0014175083779878195
-0.0017755073982304026
-0.0013119415186179095
-0.0023753283763805477
-0.0017732240444117142
-0.0017303921255414911
-0.0015682063190314288
-0.0014965346300996885
-0.001398319551245475
-0.0011889966666017715
-0.0016226332687644396
-0.0015918873007689793
-0.0012539134828093434
-0.0013292578892908358
-0.0010933465625930783
-0.0010069501210634435
-0.001068947519370922
-0.0012136132300741842
-0.001509024011847937
-0.0014832027701822126
-0.0013788630623416953
-0.0010506457634231747
-0.0009680605299186018
-0.0011725861817586392
-0.001002466298997473
-0.0008917668135822732
-0.0010742580162493853
-0.0010632369707034295
-0.0010312788975551657
-0.001083724840027056
-0.0009711657510745875
-0.000910446520890118
-0.0009686339159280521
-0.0008248501317712487
-0.0009863209043416976
-0.0007798100980549449
-0.0011078825112332824
-0.0006267214194348725
-0.0007847568949751471
-0.0009627171616372054
-0.0010630269770740552
-0.0007635573968638454
-0.0007631925085014313
-0.0008456559978985423
-0.0009121670364912182
-0.0008334830322028752
-0.000632215889665666
-0.0008825420291848074
-0.0007120717671302845
-0.0005543575844485504
-0.0007643858022190475
-0.0006757096395350048
-0.0007550698735259154
-0.0005188219978033981
-0.0006677133381337574
-0.000609420573221997
-0.0007572452686105402
-0.0006952152711038329
-0.0004902656551845075
-0.0005834488822552553
-0.000538386067015284
-0.0004420405567417962
-0.0006524212628639114
-0.0005258290288350231
-0.0005028958562182106
-0.0007078201484890245
-0.0006257616661354826
-0.000579819599469733
-0.0005185472759224874
-0.0005960796388083667
-0.0005962313555044618
-0.0004540352386168678
-0.0004881762794229916
-0.00046413864383887393
-0.0004294510408974217
-0.0005232025576838994
-0.0006646513102142038
-0.0005543197355840634
-0.0004925446532709765
-0.00034417452134383186
-0.0004963661604185932
-0.00040531220078099395
-0.0003507629911153609
-0.0004543952314792765
-0.0005217318363307522
-0.00045366160341409056
-0.0004400849860546341
-0.0004949137259271374
-0.00033972022576023164
-0.00045973430818335714
-0.0004177422531554953
-0.00039661105633725935
-0.00036985716093651533
-0.0004198749532350332
-0.0003423424549306997
-0.0004278684055574189
-0.0003773565621335573
-0.0003487152542779315
-0.0003620005628165446
-0.0003617160607817249
-0.00038113386328630927
-0.0003744096724324075
-0.0003122589216312255
-0.00031789501306433987
-0.00037842105202634535
-0.00029686663473860175
-0.00027663281506706827
-0.0002833247641065295
-0.00032762425651200466
-0.00027475485064443195
-0.00032610987516790146
-0.0002890627323851591
-0.00025178146531079637
-0.0003169041659255578
-0.0002457362591247181
-0.000259546857672488
-0.0003127736301998807
-0.0002979288286065751
-0.00032552311707378934
-0.00025966120445630736
-0.0002477184663253196
-0.000232690455577389
-0.0002033232226656967
-0.00023770136016909582
-0.0002615598536134245
-0.0002513358796082388
-0.0003367981990205493
-0.00030791272595076524
-0.0002453529550663358
-0.0002739194625536179
-0.00034216344220683315
-0.00022893278914382087
-0.00019331361544905334
-0.00026415545111302396
-0.00018662153858106656
-0.0002536147728090521
-0.0002802364687040093
-0.00018592749696810795
-0.00024904575225059844
-0.0002560275237666332
-0.00023296020914376214
-0.0001934534048343428
-0.00022531641249046164
-0.00020215394839095957
-0.00017091167724814227
-0.00023568526570072468
-0.00018366637069988645
-0.000209378165906271
-0.00019639161760953705
-0.00017427126173885643
-0.00020140969566473377
-0.00020427240342735242
-0.00018753492108303238
-0.0001964673856554855
-0.0001872366625874644
-0.000182212805584947
-0.000164836331511653
-0.0001417113333067599
-0.0001787832460034
-0.0001639844832570514
-0.00015236927179684834
-0.0001596701105249787
-0.00017423752066281217
-0.00015786125199446222
-0.00016726975310910053
-0.00017794427250539258
-0.0001339049387670821
-0.00019919460976536296
-0.00016263438227936966
-0.00016092496232145148
-0.00014412761651216854
-0.00016060220417157822
-0.00017163464012404095
-0.00011554102784239184
-0.00014211236895245172
-0.00013573798071198073
-0.00015161471345193078
-0.00016012789114605575
-0.00015049869360228563
-0.00011056354487737341
-0.0001179302269417315
-0.00015559869537606907
-0.00016558269578847984
-0.0001725265276547594
-0.00012306538000772527
-0.00014287978762306253
-0.00013999090208116627
-0.00014119287884095666
-0.00011124617750313259
-0.0001631163307781458
-0.00013685242937888642
-0.00014899972706106102
-0.00013269171939700453
-0.00012137123168554087
-0.00014288872295187272
-0.00011418619795855456
-0.00012012212484535656
-0.00013661168654277578
-0.00010806408951891111
-0.00011654908604996628
-0.00011395859124141428
-0.00011562323622404946
-0.00012609461732959737
-0.00010529260392966311
-8.793291981834539e-05
-0.00013783895999197604
-0.00012055594380511181
-0.00013841892212429485
-9.570739559716657e-05
-0.0001281708762265188
-0.00010799404639438848
-0.00010334108467269232
-0.0001406003019381874
-8.32229847566035e-05
-0.00012401336583911515
-0.0001068247743639672
-0.00012446209096184102
-8.749098699067925e-05
-0.0001262580337878516
-0.0001048747309406739
-0.00010083474269284576
-0.00010463865768906011
-7.805925513038048e-05
-0.00010132201541224184
-0.00010884167249725074
-0.00011851217188907359
-9.91092738835686e-05
-9.364886895468771e-05
-0.00010434142013548975
-0.00010392365000488901
-0.00010037187080103038
-7.779034503985205e-05
-6.851296260868e-05
-0.00011041930818156409
-9.412149208054554e-05
-9.828816683987718e-05
-9.93507660581594e-05
-9.121754007390681e-05
-8.081461652453825e-05
-9.217506958691946e-05
-9.428730120319972e-05
-8.250208704341233e-05
-8.948227449512292e-05
-7.77092100510135e-05
-9.707923289226095e-05
-7.859473813154327e-05
-7.061340170144703e-05
-7.686920581073675e-05
-8.251497812061803e-05
-6.891423252008977e-05
-7.126933708068162e-05
-7.74783282189162e-05
-7.409583725770386e-05
-7.023220611368508e-05
-7.407288218330699e-05
-8.796189747384275e-05
-7.341847966746418e-05
-7.743243800462096e-05
-6.988764320126073e-05
-6.255550451195191e-05
-6.581422170792717e-05
-5.809360430042432e-05
-7.905188948964526e-05
-6.582586501013843e-05
-6.943374025547566e-05
-5.7843331189855185e-05
-5.537269741517914e-05
-7.99222924181553e-05
-7.219029686356127e-05
-7.310025746498638e-05
-5.831265130973318e-05
-5.742735642022545e-05
-9.443381929619132e-05
-8.447386885146457e-05
-7.271652232143655e-05
-6.047787929785997e-05
-5.5459054323692136e-05
-7.276928612875988e-05
-5.0603113298186564e-05
-6.538497725749881e-05
-6.055882513256172e-05
-5.065971271667191e-05
-7.317039403254011e-05
-6.669097851841332e-05
-6.760313343856517e-05
-4.9618515269966856e-05
-5.525600513500706e-05
-5.20806582263722e-05
-6.577279601960306e-05
-6.06641710193534e-05
-4.963499986954112e-05
-4.9819500074210765e-05
-5.936833901865057e-05
-5.076712080720469e-05
-5.665206219329644e-05
-5.126329426463627e-05
-5.524480066454451e-05
-5.21831200295253e-05
-4.1773349280904704e-05
-3.989211054622466e-05
-4.814529621532948e-05
-4.519471893238425e-05
-5.874193186305998e-05
-5.330217326582343e-05
-4.6647844041847186e-05
-4.5575158335031674e-05
-4.52955439210756e-05
-4.95923190453329e-05
-4.470625990660171e-05
-5.2754543030331114e-05
-4.880061245193801e-05
-5.456235298006984e-05
-4.041624227912877e-05
-4.7665257718709775e-05
-4.156612636718737e-05
-4.80474857789126e-05
-4.502319374433128e-05
-4.8004211021801524e-05
-3.4321055811692425e-05
-4.204020477727166e-05
-3.590207621662067e-05
-4.648053596190138e-05
-3.966031835056505e-05
-4.784409793545663e-05
-4.377934969479469e-05
-4.998340955675307e-05
-3.820233960682984e-05
-4.304527457221763e-05
-3.707608467606871e-05
-3.706380599011183e-05
-3.725956471378744e-05
-4.189584760494469e-05
-4.424724450169393e-05
-3.752205407880904e-05
-3.110785210314049e-05
-4.8186225603430444e-05
-3.64838748434515e-05
-3.2063627700584796e-05
-3.4016421764038185e-05
-4.54540533693093e-05
-4.058147770291676e-05
-4.162797250961692e-05
-3.6752060514899654e-05
-4.294376032032421e-05
-3.21479129551383e-05
-2.7446068182390704e-05
-3.5250834537481346e-05
-3.7208899569596277e-05
-3.644020205650911e-05
-3.603630093229615e-05
-3.718874491254187e-05
-3.472675311544382e-05
-3.4819007838193805e-05
-3.73436829647078e-05
-3.5666669248146654e-05
-3.262626047684236e-05
-3.820539678478507e-05
-2.7877442802970442e-05
-2.8971240547015498e-05
-2.7283961917090593e-05
-3.32162334970576e-05
-3.546476677174226e-05
-2.8090423408788645e-05
-3.004140056062088e-05
-3.695450643426135e-05
-2.6479556121450365e-05
-3.2251543415906525e-05
-3.868434642995133e-05
-3.1764162259362294e-05
-2.7050698001351847e-05
-2.9076001801464635e-05
-2.6046887292352494e-05
-3.5690148611489114e-05
-3.290313633386166e-05
-3.2084378628449706e-05
-2.781929532635896e-05
-2.737972560939994e-05
-2.3844954220808567e-05
-2.9046233910423602e-05
-3.0690142292622014e-05
-2.4929018238140088e-05
-2.673294325028497e-05
-2.268000569283224e-05
-2.7803475531329447e-05
-2.7342200932589655e-05
-2.7418786129218553e-05
-2.503489177940743e-05
-2.1672433338504327e-05
-2.4775212068672836e-05
-2.5254199982893688e-05
-3.1435323672113213e-05
-2.770539813656825e-05
-2.9778843686600887e-05
-2.5035631379677348e-05
-2.50911992958347e-05
-1.9617039520691826e-05
-1.9709763921293977e-05
-3.212270515240423e-05
-2.3002267785732222e-05
-2.50759567700376e-05
-2.8293102360521516e-05
-2.3913402357411684e-05
-2.4559609512753156e-05
-2.4449669818737974e-05
-2.1272980798014984e-05
-2.3108056475984462e-05
-2.5250854630232134e-05
-2.2836687311067472e-05
-2.305790045686873e-05
-2.300005470456945e-05
-2.2188207395190673e-05
-1.8839845684959222e-05
-2.1283319656451027e-05
-2.2120525888902343e-05
-2.3779444230931368e-05
-1.7176683283270933e-05
-2.2184244080070137e-05
-2.35035004870765e-05
-1.918353302132747e-05
-1.7772784391967278e-05
-2.026296336332667e-05
-2.1326579551006475e-05
-2.2074446219599864e-05
-1.9515660431679294e-05
-2.051604130259843e-05
-1.787969150812696e-05
-1.798316081869089e-05
-1.983540846683951e-05
-1.9131504130243115e-05
-1.9936097903294758e-05
-1.9909732047129758e-05
-1.749708028031538e-05
-1.6213634271844413e-05
-1.813302135655892e-05
-1.838363926132125e-05
-1.541490010203983e-05
-1.520734029469839e-05
-1.6782146467608783e-05
-2.0490114974180962e-05
-1.891933971953641e-05
-1.5760154305044516e-05
-1.9488294167757658e-05
-1.7040294733594585e-05
-1.5907857226160615e-05
-1.715364067245151e-05
-1.9459233723817526e-05
-1.726761403753052e-05
-1.7736614466468126e-05
-1.5195607172668879e-05
-1.676902317127027e-05
-1.3654291558307108e-05
-1.4916099240203096e-05
-1.692058612223768e-05
-1.7945720217293903e-05
-1.3218475698351106e-05
-1.6687270468107585e-05
-1.641475765479239e-05
-1.9322114057640505e-05
-1.397008734760341e-05
-1.4452983491342053e-05
-1.4634577072625277e-05
-1.4309077047691687e-05
-1.9749344281505543e-05
-1.638279632920625e-05
-1.456659836329699e-05
-1.475595921140993e-05
-1.550097959757135e-05
-1.31584216619407e-05
-1.3995710243075443e-05
-1.3016760950002038e-05
-1.4549173492528489e-05
-1.2975081043253844e-05
-1.4076501585358336e-05
-1.3718245798766127e-05
-1.22144793091028e-05
-9.188737895460264e-06
-1.660003278958211e-05
-1.5903789126636703e-05
-1.6505643864239694e-05
-2.0068271609274824e-05
-1.7429163185145313e-05
-1.2673320944345257e-05
-1.5546015028622406e-05
-1.8256147665707267e-05
-1.4293090429329247e-05
-1.4878157455378016e-05
-1.637095553630452e-05
-1.3279866346915803e-05
-1.3788613353549195e-05
-1.1503390457301421e-05
-1.2453584518179461e-05
-1.4422200194541546e-05
-1.28810951111058e-05
-1.3066766272551433e-05
-1.1846663976466942e-05
-1.7261896311904223e-05
-1.2748186899891323e-05
-1.320683840444481e-05
-1.3260429574613042e-05
-1.347778338445238e-05
-1.0652099950103633e-05
-1.3024627662172605e-05
-1.1159205405175676e-05
-1.1479135115233241e-05
-1.0026489298597951e-05
-1.2047789358038408e-05
-1.2534692571564143e-05
-1.3256147735174473e-05
-1.1356987108301908e-05
-1.1815531174130811e-05
-1.1301375960393045e-05
-1.114677134006481e-05
-1.0865188386444125e-05
-1.3156332407948668e-05
-9.562622159453582e-06
-9.721425060171818e-06
-1.1574972506034342e-05
-9.811579046004049e-06
-9.924179338871575e-06
-1.0958838662200598e-05
-1.0146678173561519e-05
-1.1865852185821701e-05
-8.676489900438789e-06
-1.181248455195405e-05
-1.0356458591376239e-05
-9.926494039746991e-06
-9.96759408600223e-06
-9.676798916280482e-06
-9.718674659486837e-06
-8.770362191157233e-06
-9.768098407136883e-06
-8.1665866983327e-06
-8.088948318052402e-06
-9.490998973848974e-06
-1.0672706879266691e-05
-8.52148408392317e-06
-9.658116329358535e-06
-7.63824707539218e-06
-9.196807411515628e-06
-9.020794329406279e-06
-8.947864074682066e-06
-9.00856063368316e-06
-8.870746273648145e-06
-9.274428039107718e-06
-8.415884188317513e-06
-1.116599153261344e-05
-7.88635704995766e-06
-9.702978684855701e-06
-6.748268558509629e-06
-7.220752296310806e-06
-8.58836897132953e-06
-8.307312850286408e-06
-9.183407661650378e-06
-7.94269923742874e-06
-7.045913269831949e-06
-8.16861871288932e-06
-7.868680672484807e-06
-1.0308790594604211e-05
-7.460315204377288e-06
-8.734878799376844e-06
-9.304055272996159e-06
-7.736003976299699e-06
-7.958386695650077e-06
-7.943805521493097e-06
-6.529929195475681e-06
-8.083893124677388e-06
-7.654488562325312e-06
-6.641358079817472e-06
-6.43228122254591e-06
-7.678573122782417e-06
-5.7957882069192834e-06
-7.970049401007095e-06
-7.483573776112529e-06
-9.174663313071818e-06
-7.295829602238513e-06
-8.396898773854744e-06
-7.841004244779626e-06
-6.693993225947992e-06
-6.854514116749755e-06
-6.09455047639873e-06
-7.497607310669174e-06
-6.8420787263656635e-06
-7.253650989524907e-06
-8.711506022440751e-06
-5.48243558207151e-06
-6.687080112754984e-06
-6.313599654306223e-06
-7.34070110008922e-06
-6.492344708508568e-06
-5.946208471496739e-06
-6.007414751763029e-06
-6.754681300624732e-06
-7.093326828688795e-06
-5.04127936462595e-06
-6.3069920690495e-06
-6.586746252978948e-06
-6.656918100089726e-06
-5.976232827498151e-06
-5.482903678522e-06
-5.901632808003043e-06
-5.787870439366571e-06
-7.94837261086645e-06
-6.303752338010504e-06
-5.905767717528931e-06
-6.1578816039631334e-06
-6.727258612726494e-06
-5.669219396153835e-06
-5.2724246092372695e-06
-4.81622055570341e-06
-5.738882404515699e-06
-6.566530168061746e-06
-5.775460573342883e-06
-6.218986409511906e-06
-5.265913230356745e-06
-4.72388405869939e-06
-5.164547470015712e-06
-5.3758992268893024e-06
-4.890278396896264e-06
-5.907771153834673e-06
-5.382115478846927e-06
-5.036410323011609e-06
-5.444168249324477e-06
-4.8221321866659395e-06
-4.254160527294992e-06
-5.2516378528100205e-06
-5.455855643710095e-06
-5.091036978766006e-06
-6.348955682078383e-06
-4.5138254139986955e-06
-4.821169789392954e-06
-4.491311374699158e-06
-4.351427704163413e-06
-4.789436398922042e-06
-6.6798604942963635e-06
-4.3614555417237355e-06
-3.9408027650011945e-06
-4.401019008448692e-06
-4.978534305477567e-06
-5.812226439583235e-06
-4.602278556364858e-06
-4.2845641060607065e-06
-5.0407278737729655e-06
-5.195120450718349e-06
-4.602671337394781e-06
-4.960223880301484e-06
-3.612935642438586e-06
-3.896960903304603e-06
-3.545685253181219e-06
-4.917401379089803e-06
-4.068569094517471e-06
-5.3581538708158405e-06
-5.8517078942443845e-06
-4.606406897145199e-06
-4.403073917025324e-06
-4.9797032376508454e-06
-3.391522854778728e-06
-4.897897970979059e-06
-4.867892334781132e-06
-3.999476495541998e-06
-3.726290745409422e-06
-4.3272076222233835e-06
-4.856146072484968e-06
-3.877798560703027e-06
-3.694033562262611e-06
-4.809432368801936e-06
-4.188079598788086e-06
-4.841659287935229e-06
-3.85060850605079e-06
-3.917144692833219e-06
-4.572610058706239e-06
-3.5247808753968712e-06
-4.631635834528858e-06
-3.518424583126567e-06
-3.462354783545507e-06
-3.9442543618983805e-06
-3.887201167951382e-06
-3.81377270119998e-06
-2.85028044488822e-06
-3.289142595397365e-06
-3.197299264900977e-06
-3.999205270943662e-06
-3.237279190493325e-06
-3.5169760915776394e-06
-3.4211756991808784e-06
-3.982158657600543e-06
-3.223528040385837e-06
-3.4891433724482113e-06
-3.7874704388318747e-06
-3.427828018542911e-06
-3.156435283924175e-06
-2.934408972699032e-06
-3.4653964168240847e-06
-2.6702765016928254e-06
-3.430140635085621e-06
-3.3531634379135866e-06
-3.636803898032781e-06
-3.7593726790463577e-06
-3.119220674641099e-06
-3.2355998648148088e-06
-3.3462532116335097e-06
-2.9734853287388674e-06
-3.1143230453389847e-06
-2.4329234057374194e-06
-2.64557071683047e-06
-3.170140745800687e-06
-3.53943959519043e-06
-3.2767083834039923e-06
-3.0399838378825095e-06
-3.2318700524669453e-06
-3.225704013898323e-06
-2.6581900659516933e-06
-2.783245104498455e-06
-2.9768614930869575e-06
-3.383171837678667e-06
-2.6779876320937035e-06
-2.939294602044562e-06
-2.494921813589457e-06
-2.7864777853991995e-06
-2.6149292525756707e-06
-2.8196755187392952e-06
-3.5681690754296724e-06
-2.860227733103571e-06
-2.7139891390914883e-06
-2.3395179681307e-06
-2.971455200673212e-06
-2.6745990622245586e-06
-2.439021450362233e-06
-2.2593282856808727e-06
-2.1316691591888315e-06
-2.5924600309812362e-06
-2.2556229944958872e-06
-2.413487300678696e-06
-2.548095489940394e-06
-2.5134432962703457e-06
-2.4659374419089275e-06
-2.09143874763118e-06
-2.7086986224000853e-06
-2.3019320938288956e-06
-2.436123334281781e-06
-1.8872914412382258e-06
-2.6115300796325513e-06
-2.1496754797345474e-06
-2.1814087803884163e-06
-2.4670171785423634e-06
-2.4668557108142863e-06
-2.557413769754824e-06
-1.9757727747204967e-06
-3.3975603720426406e-06
-2.078716052844598e-06
-2.1568045571740413e-06
-2.5932265536043886e-06
-2.1805127928820056e-06
-2.7650248027866198e-06
-3.117652526474224e-06
-2.3589762251363666e-06
-2.8064328538857097e-06
-2.1105435533685935e-06
-2.081336955783719e-06
-1.9245715047189194e-06
-2.3505446719029877e-06
-2.191426132225338e-06
-1.807479156012981e-06
-2.0300195705535984e-06
-2.2150748408833465e-06
-2.0160293473514557e-06
-2.081269743547942e-06
-1.758219876024647e-06
-1.7912035636946655e-06
-2.068203841965044e-06
-1.7288703850759646e-06
-1.6956735325868166e-06
-1.6252957435458626e-06
-1.9880649728687416e-06
-1.9539324309647554e-06
-2.1899838803518534e-06
-1.9689719297222297e-06
-1.7349004777234e-06
-2.1207770403153248e-06
-1.8558232707244215e-06
-1.5767596350801938e-06
-1.770844842874375e-06
-1.8598505872047255e-06
-1.828005282367151e-06
-1.7484605063788905e-06
-2.029165207972916e-06
-1.5239022508328759e-06
-1.6201151059602736e-06
-1.7098684190752778e-06
-1.5430870712318523e-06
-1.5044689585241855e-06
-1.6583679868231727e-06
-1.9618223007222824e-06
-1.9359333572888104e-06
-1.6870712858940706e-06
-1.699470787985824e-06
-1.9808406058752226e-06
-1.3141444028530458e-06
-1.3218510732659894e-06
-1.5002353022097736e-06
-1.6867126118036424e-06
-2.1260932063782434e-06
-1.6818536667795314e-06
-1.6013170349715722e-06
-1.5827499210141482e-06
-1.4445905451854202e-06
-1.3395123338311166e-06
-1.6887510100316305e-06
-1.633318469473899e-06
-1.216159752459589e-06
-1.9660385913722322e-06
-1.57709302595066e-06
-1.6438485722636287e-06
-1.6997296896636982e-06
-1.8851938147212977e-06
-1.6251185649407418e-06
-1.5368089852918487e-06
-1.498689958245869e-06
-1.1549757795714655e-06
-1.6062405371330968e-06
-1.5299548877800717e-06
-1.5574292570041948e-06
-1.397158232663287e-06
-1.4894195364822949e-06
-1.608232045535729e-06
-1.6847433940148093e-06
-1.2275501477532202e-06
-1.3972703689635324e-06
-1.1822329021304867e-06
-1.4418324726372944e-06
-1.5512188678012961e-06
-1.3151978722758528e-06
-1.4718027174787096e-06
-1.3405025941493065e-06
-1.0745989582616744e-06
-1.4313033215307414e-06
-1.3238300100582023e-06
-1.2455456485094274e-06
-1.3844785021754902e-06
-1.306683603319314e-06
-1.2370489584911937e-06
-1.2634988493243071e-06
-1.1212084807254996e-06
-1.2340914988806517e-06
-1.230899389859097e-06
-1.176717416617734e-06
-1.5432256827985213e-06
-1.2545213221581974e-06
-1.0997275371460447e-06
-1.10069197889473e-06
-1.1479936146141512e-06
-1.1085410559497078e-06
-1.0753743396874071e-06
-1.114378160860241e-06
-1.1079798154511877e-06
-9.818368799097144e-07
