-0.9045466581152066
-0.6729152632548644
-0.29793428643309594
-0.22098929401517153
-0.1699106352864369
-0.11279517331340355
-0.10762106409271116
-0.06138710818915216
-0.07432475225944768
-0.09433039431084617
-0.02537709801551169
-0.018212012867162397
-0.005954715988932602
-0.006925427125246686
-0.005334784340293941
-0.005059052264124231
-0.002443613841507264
-0.0023709883482100347
-0.0015033926285684118
-0.0008639799114846247
-0.0006501706345288238
-0.00037311938142015055
-0.0004568043366817709
-0.00023535051120715522
-0.0001822510062398086
-0.00016072096175268058
-6.623960162188691e-05
-9.222918831791604e-05
-4.1495241432376595e-05
-4.02971945535624e-05
-3.8089150543429984e-05
-3.735140041405405e-05
-1.9358274329972502e-05
-1.032437462328284e-05
-7.672815622083995e-06
-5.955591874273747e-06
-3.6284210148118667e-06
-2.1253766236961624e-06
-2.0387386794329387e-06
-1.4668667165929072e-06
-7.333376643159362e-07
