-0.8984665052878891
-0.7599967962506169
-0.47943065941287294
-0.45064204849027034
-0.4322448176570551
-0.41998684277002335
-0.35896176466090557
-0.2388663855459855
-0.2698369187741722
-0.3303459981800209
-0.26811352760491614
-0.21966809147727506
-0.26329811171471107
-0.3181878133752142
-0.2991262778245542
-0.2219485304097042
-0.22105337301593359
-0.21669943033109562
-0.19268991879520214
-0.17921098184704665
-0.18056972670695487
-0.17114533685566874
-0.17398693299891888
-0.18766522634784977
-0.18111968139622153
-0.19197841607690413
-0.15634159866385233
-0.16046206842838417
-0.19991374213259644
-0.11315534045745529
-0.10869639197123548
-0.12740541410376527
-0.11274202853041021
-0.11408619319651309
-0.12184316574946641
-0.13193704989673666
-0.10865384387283028
-0.13894016834000783
-0.08674504422149565
-0.055382473526142506
-0.055128608310346716
-0.057995754186715376
-0.04978816880151077
-0.04172121323234179
-0.05587948948776239
-0.041421147681931225
-0.046155805572987374
-0.01966244256142391
-0.01465915693137948
-0.018515270632464165
-0.010912268241398626
-0.01524457880570157
-0.016707675064666527
-0.011061928893506823
-0.02220563620492949
-0.011786183886489054
-0.01508322509550375
-0.02612029146403677
-0.012406665974090347
-0.014280650540857698
-0.010039712076316765
-0.019253272314388892
-0.009796323810045082
-0.027653488364528245
-0.011790761598925281
-0.009711987070240014
-0.009782005032005658
-0.015739753720516836
-0.009624754277494929
-0.009652424678592841
-0.010521076123430118
-0.009895029316260517
-0.009335518100957285
-0.009168283953258194
-0.009418494113474396
-0.008368078804382173
-0.009211115871558817
-0.008809021858728228
-0.008670356894739717
-0.008072328766000336
-0.008443438052743168
-0.008314604958483574
-0.009075479791403607
-0.007725679051409862
-0.007326729220706152
-0.007685822900895367
-0.0073712193536321635
-0.0065692027805387965
-0.006410865501934426
-0.007017011563024311
-0.005378330610190496
-0.005811299437200879
-0.005877258931640872
-0.005826866730362479
-0.005957669891637707
-0.006483292045738942
-0.004389952426509691
-0.006043571158978245
-0.005648773376315586
-0.006337099433236515
-0.004905042299451823
-0.003696543724618362
-0.0039847833512312025
-0.005010467173740096
-0.00410698655438313
-0.005201787022709903
-0.003435651892721825
-0.004004545916379998
-0.00290967520382579
-0.0025662188516521467
-0.0029681998649301877
-0.003833239807384925
-0.003600240037682223
-0.003223749269403553
-0.0034756993495376753
-0.0038359002045095236
-0.003590541653312407
-0.002588659905795654
-0.002531021674378464
-0.0026170996131144597
-0.002280197319853572
-0.00259753973566057
-0.0018150670015663062
-0.0022846857781924634
-0.002485565722369465
-0.0019340479465624894
-0.0021529833736150805
-0.0021894970135441505
-0.0022703176902538758
-0.0017936651743994392
-0.0019542704905290975
-0.002572907954483783
-0.00193180704203183
-0.0023939775834768695
-0.001507543697247593
-0.002402051191177035
-0.0017800392106395724
-0.002663441582576087
-0.002030415203874203
-0.001867243634776805
-0.001868543505569531
-0.001983878349534285
-0.0017057041499366488
-0.0016952573411148086
-0.00213346689601307
-0.002472111725514148
-0.0023700946866560546
-0.002349778501782307
-0.0019295544321134561
-0.0016676562209848034
-0.0014658193289798227
-0.002047359545156502
-0.00145106123625377
-0.0018835697276479157
-0.001955660826976402
-0.0013211756441025013
-0.0015159094196510736
-0.0016053710325628634
-0.0020581520321720226
-0.0020616624173381837
-0.0013861026200785442
-0.001622992577701321
-0.001644339972178388
-0.0017610969520945874
-0.0014004145501422816
-0.0014958089806780817
-0.0014977575906809926
-0.001392248907408411
-0.001354673212502322
-0.0011249642633273105
-0.001212094263382646
-0.0014641571082290028
-0.0010355527126501007
-0.0016058135677188834
-0.001461428063659731
-0.001517808518061492
-0.0012486702518816895
-0.0014510235763961488
-0.0011943706721850855
-0.0009968007959039182
-0.000991721374760668
-0.0012660457538782866
-0.001167671161722339
-0.001073311188290127
-0.0011635729675248396
-0.00123780110752153
-0.0009688521485254897
-0.0012308392874683105
-0.0010622185276689122
-0.0009058553172514583
-0.0009569882668092888
-0.0010391310992714509
-0.0010419903126127616
-0.001417948392133661
-0.001017055136152356
-0.001098785202388597
-0.0009078698705236032
-0.0008808325093845326
-0.0010999182818942632
-0.0008723815591984985
-0.001125067570867
-0.0008086751377016088
-0.0009142921026095707
-0.0009174460241745397
-0.0010238604492758263
-0.0008049255021150281
-0.0010523154568789495
-0.0009545670473719015
-0.0007511326868415158
-0.000741937645250712
-0.0008614491308472361
-0.00101516900840104
-0.0006270039234271829
-0.0007990346145531069
-0.0008445172590344496
-0.0008656422135241981
-0.0007642330569706535
-0.0007960870170398149
-0.000712288652729709
-0.0006919224548758152
-0.0008121018393796309
-0.0007536206396195344
-0.0007950091255842784
-0.0007466602295968516
-0.0008478181275282659
-0.000898708122131886
-0.0007517221889737913
-0.000807310905396097
-0.0006989358833857096
-0.0010103595042574853
-0.0007229493271256882
-0.0007170408846641219
-0.0008242271355397568
-0.0008269641747455925
-0.0007228737906493365
-0.0007991901116125577
-0.0006451533465909876
-0.0008619965919768324
-0.0008276005219243765
-0.0006596537229539567
-0.0007620538802904919
-0.0006432315019095358
-0.0007459313084070551
-0.0005428061054311706
-0.0006160700684507137
-0.0007235891426510821
-0.0007224983911026661
-0.0006375676515621986
-0.0005640822779258148
-0.0008285527366313494
-0.000770234097279443
-0.0006476269666613743
-0.0006453151388528533
-0.0006728255739817945
-0.0006376050376027953
-0.0006221356349261353
-0.0005935069625542799
-0.0006410520882997872
-0.0005541533383604524
-0.0007152588893910017
-0.0005374906726815509
-0.0005991527406877806
-0.0005210476703690348
-0.0006277327865452098
-0.0006666001842688396
-0.0006747433118259871
-0.0005140630304959481
-0.0005251321149429833
-0.0005335325413393099
-0.0005483086299002404
-0.0005945309924679787
-0.0004858763288580481
-0.00036073950943515953
-0.0004538088024877984
-0.0005959869033654863
-0.0004580225673779248
-0.00048017342872819224
-0.000500663057427575
-0.00046034129273836433
-0.0004029894542135759
-0.00040650578594109144
-0.0004909858096753261
-0.000519109227408554
-0.0005261191613293859
-0.00041728585518191474
-0.0004774784569782087
-0.0006240598256938013
-0.00040125031551885293
-0.0004115429643464785
-0.0004782746959424711
-0.00042537183679586255
-0.00043307407089560046
-0.0005346220296854609
-0.0004764556905594852
-0.00044068608310016133
-0.0005470022995476276
-0.00039782738758242786
-0.0004192558284388248
-0.0005080559423507047
-0.00034792473123507195
-0.00045048191721419606
-0.00039564121416335585
-0.00041715182667756423
-0.00040753535311077727
-0.0003896327998466065
-0.000432506996035531
-0.00037430795925674776
-0.00030734502882351356
-0.00043993876818038125
-0.0004011549196107911
-0.00038120706085403855
-0.0004538491516303811
-0.0003029004433519056
-0.00038947704582087406
-0.0004610546753880951
-0.0003761357286984346
-0.00040229841352545925
-0.0005057489031068396
-0.0004824417545883364
-0.0003946723935229768
-0.0003751009406413597
-0.00038499063270347467
-0.0004316664989513219
-0.000454487974357598
-0.0003965295696322091
-0.000440524619489957
-0.0003494344340969624
-0.00034093255579759063
-0.0003616107133168067
-0.0004685753534489634
-0.0003910717317149315
-0.00031745444188141514
-0.00034074298938707726
-0.0004374250816108205
-0.0003896289524480401
-0.00033806245258605205
-0.000406013409421091
-0.0003481470950085219
-0.00043003420644788237
-0.00030685602415769786
-0.0003623018572687653
-0.00030867005261764335
-0.00032909453658086507
-0.0003720607404570919
-0.00026391368031852824
-0.0004007293666781764
-0.00033484349911189204
-0.0003916607328033339
-0.0004980254417780161
-0.000353246696407461
-0.00040764754532962577
-0.00042092728705406257
-0.0004096285941007638
-0.0002694916078179732
-0.0003474643781961051
-0.00035062226934484686
-0.0003685083722206328
-0.0002929700914756639
-0.000321929963524592
-0.00036273456747110133
-0.0003252978868764078
-0.0003701024327461555
-0.0003908469644106072
-0.00032230984221798264
-0.000341673965238265
-0.0002836625889574007
-0.0002941928298327845
-0.0003335257655197599
-0.00030179370283789364
-0.0003291501728667212
-0.0003361448773064879
-0.00031555944077549247
-0.00030135866816316526
-0.00024333683796978756
-0.0003110466869346573
-0.0003163209403299061
-0.00030571725684302997
-0.00032218497442787486
-0.0002875181918979841
-0.00022629818758190812
-0.0003584884794766152
-0.0003007674914002889
-0.0002927543561805357
-0.00032959400206250544
-0.00028708118551629136
-0.00035294862791701576
-0.0003764205334828019
-0.000315779080917844
-0.00029871020622240785
-0.00022736807859263797
-0.00033616587504231576
-0.00026521559652437077
-0.00036293789259106424
-0.0003490924317041122
-0.000325560372597955
-0.00026406404609474743
-0.0003202549082015338
-0.00032845749771542865
-0.0003065099051376974
-0.00030901616355882844
-0.00023792918080128844
-0.00023910627178491684
-0.00028235769302831226
-0.00028930504108665156
-0.0002661564382706594
-0.0002900972455897599
-0.00024898849123200506
-0.0002642360111628217
-0.0002530382936951625
-0.0002043482937069685
-0.000269164261043342
-0.0002671120468905608
-0.0002321068755049005
-0.00024050709754597221
-0.0002608322742832514
-0.0002743436540999511
-0.00024037420196498793
-0.00023262448475830366
-0.00024762670507383344
-0.00023585375754991977
-0.0002653507238969399
-0.0002512421753685934
-0.00022081746145502512
-0.00017852532788598108
-0.00021121268735430077
-0.00024010190914836027
-0.00020291892875534678
-0.00022450110452509886
-0.0002334174814444534
-0.00026067828668113746
-0.00021440243455672636
-0.00020108746777514064
-0.00023553751419880253
-0.00020341944737445328
-0.00022058268170932482
-0.00022797341231683976
-0.00021481612485046986
-0.0001820890412140841
-0.00023045269550736602
-0.0002641672704391529
-0.00021228926626176703
-0.00016646374943968256
-0.0002149653642125604
-0.00020567436535190442
-0.00018789814302722085
-0.00017406191956681472
-0.00022238678899177966
-0.00016943050344714328
-0.0001974302234883929
-0.00021274821908867647
-0.00018177283297549085
-0.0002127880899694401
-0.00020625969379378661
-0.00017353847654433263
-0.00017055727512144125
-0.0001937571226735546
-0.00017976387049478681
-0.00015868225585424778
-0.00018600102962657017
-0.00017685167157860393
-0.00019891301762980929
-0.000183815678987731
-0.00016844206903410264
-0.00015376756120094592
-0.00016873296165487162
-0.00017344051936951654
-0.00019258137983446666
-0.000186186116171827
-0.0001892532348746201
-0.00013847193207050523
-0.00018083474751490192
-0.00017421069861583982
-0.0001948051324982547
-0.0001571632116701971
-0.00016867244928991942
-0.0001597431284366957
-0.0002478871926180348
-0.00018941514997733444
-0.00017995022440098207
-0.00016326584626652485
-0.00016630543358259198
-0.00016274307566171986
-0.00015254963607636007
-0.00016488891719140808
-0.00015473183240194421
-0.00017101765448401807
-0.00014664166708810988
-0.00013893015743388082
-0.00013746546304282958
-0.00017238942930980494
-0.00018448617885319374
-0.00016467287112736928
-0.00014181791222633855
-0.00015586268057848907
-0.00015347901436324474
-0.00017309272382359797
-0.00014088986074783927
-0.0001840728085046872
-0.00014648198604466645
-0.00014178091735045362
-0.00016128489989025718
-0.00014999387962438826
-0.00014540967263487747
-0.00014973047688104923
-0.00017836391603415214
-0.00014548175464829116
-0.00017552157658151657
-0.0001474970062208536
-0.000142785014246416
-0.0001586191030935602
-0.00016100404070290564
-0.00020419856341125087
-0.00016677542041060311
-0.0001589910730579458
-0.00016680535862595436
-0.0001497823862318115
-0.0001657758538571863
-0.00013296839216309086
-0.00013276366412112717
-0.00015390887916449936
-9.55398439728139e-05
-0.0001602350099448313
-0.00018231618205438727
-0.00017057203356124484
-0.0001546505178209867
-0.00013597326939884802
-0.00016351351624127597
-0.0001615539511218289
-0.00014857966174008919
-0.00015940392044416773
-0.0001677142568877188
-0.00013133712070823034
-0.00012589255008843558
-0.0001712165199184712
-0.0001759405890275345
-0.00014352851488280693
-0.00015669971233445157
-0.0001537197551579328
-0.00013055510908982493
-0.00019416021857310284
-0.00014277639052051594
-0.00015356887752560056
-0.00013173996169990598
-0.00015581964683381022
-0.0001279066664184314
-0.00012808168285893817
-0.00017081861205131554
-0.0001504923333225383
-0.0001290474573894529
-0.00011311235705568912
-0.00012135722000217175
-0.00012307718333121054
-0.00010117958621741474
-0.0001178834778026161
-0.00014985343505224957
-0.00011904007158247687
-0.0001527238355797933
-0.00013022401092915858
-0.00013237310068808794
-0.0001378135832365568
-0.00011773842202472684
-0.00011846845902480085
-0.00011107215021888273
-0.00013088456537657667
-0.0001429284875316128
-0.00010273730320098373
-0.00011512750279191186
-0.0001070765144899899
-0.00014447908681275434
-0.00011515479861479161
-0.00011854924982362958
-0.00010625562356292306
-9.576311739434296e-05
-0.00012694051782918825
-0.0001162395617204659
-0.00012687412922507413
-0.0001124152816591173
-0.000123866659063665
-0.00011687565389495447
-0.00011259497547672082
-9.885009679849732e-05
-0.00011124039492532711
-0.00011339449050773442
-0.00012276833566221557
-0.00011432375408798601
-9.800240169111074e-05
-0.00010030300945818027
-9.23355490574651e-05
-0.00010243719816233066
-0.0001167715757384169
-0.00010690179492001128
-0.0001008293059656662
-9.544168125158459e-05
-0.00016430509458126297
-0.0001061204512138314
-9.41425932647344e-05
-8.733459399712373e-05
-0.00011771872713933762
-0.00011237989021262162
-0.00010260523860977644
-0.00010059041035503924
-0.00010234435978390133
-0.00010646480016096582
-0.0001154680411137865
-9.86448784653926e-05
-0.00011325251093435851
-0.00010556507876652299
-9.70143707154647e-05
-0.00011462407081869186
-0.00011124912536458753
-9.18137621488957e-05
-8.166206921600416e-05
-9.629517819748079e-05
-9.465499314165182e-05
-8.194322813531718e-05
-7.72132460251096e-05
-0.00010186297351150175
-7.046744316036024e-05
-9.145197193261012e-05
-8.453587014656261e-05
-8.560742210655947e-05
-7.293954991577367e-05
-0.00011807745006614523
-9.562227282056135e-05
-9.353196128919494e-05
-8.51824475807672e-05
-0.00010758174480768323
-8.714920098296108e-05
-0.00011164695024623583
-9.071322246262392e-05
-0.00012110492489103564
-8.702263596371829e-05
-0.00011239192317025193
-9.858495013881363e-05
-9.297494509474813e-05
-8.482206780802137e-05
-9.44662131026619e-05
-8.997559017565049e-05
-8.738087329152044e-05
-9.760030955252574e-05
-0.00010595950893382833
-8.90128241224919e-05
-9.165902128216441e-05
-8.41915951521055e-05
-6.96067283287305e-05
-8.635450012234314e-05
-8.216378541769931e-05
-8.455843362725757e-05
-8.70095834381579e-05
-8.018267301734827e-05
-8.145064052922368e-05
-7.140443946801467e-05
-8.512342751476609e-05
-9.394522423755713e-05
-8.165833061557493e-05
-7.684796689666484e-05
-8.885180342854682e-05
-8.885882308373727e-05
-7.291709313228534e-05
-5.733888419867661e-05
-8.75553791027106e-05
-7.157146444641826e-05
-8.493208453769219e-05
-9.515730729559024e-05
-7.85303536024462e-05
-8.969136286224311e-05
-7.808601822228978e-05
-7.145522964235873e-05
-7.76884823726065e-05
-7.879679467703848e-05
-7.7293193389949e-05
-8.17869947091765e-05
-7.150791947557744e-05
-7.438314657093326e-05
-6.640221402032243e-05
-8.785590709475821e-05
-6.679220909155958e-05
-8.598265441855935e-05
-6.888090526624424e-05
-6.682091182697025e-05
-8.125614488652122e-05
-6.474422735341934e-05
-7.908012507829021e-05
-7.393246128861719e-05
-6.391066477362539e-05
-5.6875487659813206e-05
-6.81990442918945e-05
-6.0847432579391736e-05
-7.044764536701109e-05
-7.859607095650478e-05
-6.588290841519351e-05
-7.436714444886139e-05
-5.767012049157083e-05
-5.034804543402327e-05
-6.859660234104226e-05
-7.411434016502128e-05
-4.904362590335554e-05
-7.893261520286465e-05
-6.92319230582994e-05
-6.485531445182824e-05
-6.569812903745031e-05
-6.612628932167741e-05
-7.081663776070668e-05
-7.251432362143095e-05
-6.493255264655717e-05
-7.304975708827266e-05
-5.7961306842158056e-05
-6.030865413864106e-05
-6.37328704176654e-05
-6.19351115743183e-05
-6.518323992332764e-05
-6.392893111439868e-05
-5.457308520673276e-05
-5.973545014409387e-05
-5.809098730819029e-05
-6.705190420280838e-05
-5.30726575774243e-05
-6.0085310017610194e-05
-5.451261147410014e-05
-5.727496117813313e-05
-6.519087160811177e-05
-6.390070654005431e-05
-5.7072314909811794e-05
-6.0813971828388436e-05
-6.224754061379123e-05
-6.88907054905985e-05
-5.020234979374871e-05
-6.83147968617015e-05
-6.248139447206924e-05
-5.2404338432121556e-05
-5.412780281494056e-05
-6.517538301470394e-05
-5.244552542321701e-05
-5.4469949812896434e-05
-5.591245584762872e-05
-5.26995686492282e-05
-5.604506537298937e-05
-5.0606565174970974e-05
-5.177270471784512e-05
-6.322681572606959e-05
-3.793426858267335e-05
-8.044582439942216e-05
-5.471217106467474e-05
-6.299538238463409e-05
-5.486527962061949e-05
-5.563633628058451e-05
-4.952917087375219e-05
-5.7293089866183866e-05
-5.19560593159607e-05
-6.265961123391728e-05
-4.432634970152893e-05
-5.751529222708385e-05
-5.9160046334161276e-05
-6.569391970168148e-05
-5.830132898670959e-05
-4.7662596877995345e-05
-6.038242283851192e-05
-5.751359258909794e-05
-5.5698209487475836e-05
-6.788160632187346e-05
-4.8070170591163475e-05
-6.11225799690418e-05
-6.160982107433766e-05
-5.471719494720695e-05
-5.4521950063612934e-05
-4.368670273330322e-05
-5.4479904249615796e-05
-5.750604677690063e-05
-5.0492287457404306e-05
-5.1835568445846025e-05
-5.41649786591214e-05
-6.100464045194487e-05
-5.6133913983680284e-05
-4.690337224416696e-05
-5.58227849467019e-05
-4.6666302646047875e-05
-4.844402926090785e-05
-5.054703561890861e-05
-4.2014766927556124e-05
-4.902086525460092e-05
-4.100154807201717e-05
-4.342026112658104e-05
-3.982256941259532e-05
-4.421157723133451e-05
-4.298114505307815e-05
-5.1510929504117176e-05
-4.852919169173742e-05
-5.0745390384077105e-05
-5.511107935401993e-05
-5.426609891129308e-05
-5.239949128604815e-05
-4.248660356942491e-05
-4.37772881746179e-05
-4.854377305546498e-05
-3.7492472162725665e-05
-5.206925859541078e-05
-4.0696999182743276e-05
-4.888240763400997e-05
-3.577278285815666e-05
-3.51394877146638e-05
-5.497919442870591e-05
-4.725741439381981e-05
-4.882175119141907e-05
-4.093470569099811e-05
-5.741470505543633e-05
-4.603117418561231e-05
-5.0294407983153544e-05
-4.313939519567933e-05
-5.101595924106306e-05
-4.068083724817484e-05
-4.1494037837486175e-05
-3.678173697618803e-05
-3.988503770335772e-05
-4.7192627294356804e-05
-4.2053022653476546e-05
-4.337574307505809e-05
-3.4329277996458796e-05
-3.994378032462498e-05
-3.369152589000057e-05
-4.31818938815276e-05
-3.848055062655176e-05
-4.305531479559255e-05
-4.004856259165468e-05
-3.529609036462267e-05
-3.84870313577812e-05
-3.7892136844353e-05
-3.9481070003954954e-05
-3.6880520476456624e-05
-3.054915629829846e-05
-3.0750169508486636e-05
-3.9889965270933914e-05
-3.5495094764859125e-05
-3.49966881370567e-05
-3.606304842290742e-05
-4.3019922764953034e-05
-3.946976730345719e-05
-3.5916395609347784e-05
-3.706036166911675e-05
-3.603290663295455e-05
-4.146040203617529e-05
-3.2579993917369876e-05
-3.679372820319937e-05
-3.528426652743555e-05
-3.1380092510857605e-05
-3.953145362389776e-05
-3.060568202034597e-05
-3.0670757154238615e-05
-3.841027399098529e-05
-3.5214847751374734e-05
-3.24714591660169e-05
-3.263492969918236e-05
-3.4630125441026394e-05
-4.099844526439522e-05
-3.8598006999734924e-05
-3.183269891526841e-05
-3.151994335409691e-05
-3.147343543996595e-05
-2.741064662392656e-05
-2.9128262929056792e-05
-3.599420602373726e-05
-3.8186789921790254e-05
-3.691317859544352e-05
-3.129966479131774e-05
-2.8856529714405e-05
-2.756941916670641e-05
-3.226466426847763e-05
-2.7352398016433632e-05
-3.1635224873038936e-05
-2.6776112101667415e-05
-2.8319090403738922e-05
-2.394782342690638e-05
-3.980614183568543e-05
-3.381396697821337e-05
-3.211365254635057e-05
-2.9883013244191847e-05
-3.209512229179756e-05
-3.373793725869323e-05
-2.873643702161477e-05
-3.0350537638113018e-05
-3.145035273693919e-05
-3.2262002744920526e-05
-2.7852693978758225e-05
-3.320292254432866e-05
-3.0158721335216132e-05
-2.536853981632836e-05
-3.144674134414327e-05
-2.7763895569521413e-05
-2.6674875688359467e-05
-2.918827303755034e-05
-2.664593491491507e-05
-2.3269467830933088e-05
-2.720659906202405e-05
-2.7863221629564894e-05
-2.6954219737751473e-05
-2.8436787610941483e-05
-2.980423271786714e-05
-2.3852761332321393e-05
-2.783966282104977e-05
-2.3194614693577975e-05
-2.2511171661299123e-05
-2.8607285419479656e-05
-3.091596024201726e-05
-2.4890266065447086e-05
-2.3552357905576304e-05
-3.574213734969245e-05
-2.3637357646544288e-05
-3.225833030379155e-05
-3.248322525267744e-05
-2.870419167005922e-05
-2.594831812297027e-05
-2.39932582002389e-05
-2.895345441289443e-05
-2.6086588862161975e-05
-2.642147210984991e-05
-2.7341828458482542e-05
-2.597409567278719e-05
-2.7697805561777145e-05
-2.5212890647330344e-05
-2.5323175999902858e-05
-2.1596244630495143e-05
-2.7742363211347154e-05
-3.2366362625546596e-05
-2.447358311674641e-05
-2.4249619208105422e-05
-2.243074683216939e-05
-2.3366303730287807e-05
-2.3411665000416804e-05
-1.9448668561961036e-05
-2.1359231506867804e-05
-2.052781772748924e-05
-3.0271111226554126e-05
-2.266583961968438e-05
-2.338073058999468e-05
-2.4753530192045403e-05
-2.4899031072889155e-05
-2.1069768704473635e-05
-2.0731503929727335e-05
-2.8884064686762745e-05
-2.2291856897949103e-05
-2.3727572450837897e-05
-1.888634289409774e-05
-2.2570420658063473e-05
-2.1134167785430424e-05
-2.1766040548654164e-05
-1.846238974123615e-05
-2.4872053072944045e-05
-1.9811117986046067e-05
-1.9835527726885793e-05
-2.3859486827260135e-05
-2.1597169572951103e-05
-1.8622632888154467e-05
-2.0634372540351276e-05
-2.098226441671347e-05
-2.2083039034448415e-05
-1.8965901139644803e-05
-2.3888816932715606e-05
-2.289392451526595e-05
-1.8628379797214212e-05
-2.0299045104144042e-05
-2.4157397477742037e-05
-1.957333960139751e-05
-2.114455292012707e-05
-1.801473125018216e-05
-1.746039394162624e-05
-1.7365669300106745e-05
-1.626108052321662e-05
-1.6901277082093102e-05
-1.9493913161638954e-05
-2.4662872585956563e-05
-2.0547709827456462e-05
-2.0539986604728444e-05
-1.7744537151753725e-05
-2.0828124715599472e-05
-1.9944550401163053e-05
-1.8181965398433864e-05
-2.1777185407356736e-05
-1.8428732431130523e-05
-1.7757745987889706e-05
-2.0025508678966908e-05
-2.0823249448742587e-05
-1.5548823547817392e-05
-1.776268664444025e-05
-1.7749446767689747e-05
-1.5656187609291994e-05
-1.71342672652397e-05
-1.59575337378981e-05
-1.815346107503224e-05
-1.7238923747386892e-05
-1.9319791467409253e-05
-1.58668431953779e-05
-1.6911980856681996e-05
-1.7043845452369144e-05
-1.3887314484151148e-05
-2.2023842229934587e-05
-1.641097296462002e-05
-1.6595402186569963e-05
-1.2902559875405117e-05
-1.7324157907727677e-05
-1.5742673671048646e-05
-1.6568270272965258e-05
-1.8234739429023872e-05
-1.4661237712154662e-05
-1.8780604732815398e-05
-1.4909224058334836e-05
-1.6582638300344232e-05
-1.6036140842889957e-05
-1.674279393393263e-05
-1.7078920307889156e-05
-1.399363107840168e-05
-1.5764865660350402e-05
-1.569360081882243e-05
-1.3809462771352532e-05
-1.4205484658302847e-05
-1.490947214016769e-05
-1.3660070187271334e-05
-1.5286361352784272e-05
-1.415198088955405e-05
-1.437392285169592e-05
-1.3987729557241035e-05
-1.3775967457718696e-05
-1.2440805248481457e-05
-1.4536127868558513e-05
-1.347716477356764e-05
-1.5284545215321632e-05
-1.3560600221840247e-05
-1.4910467188267162e-05
-1.597838967604126e-05
-1.2469536133763448e-05
-1.2671310512912815e-05
-1.2217195048846996e-05
-1.5496973598150277e-05
-1.4945520436848714e-05
-1.3213188369387563e-05
-1.572525569099037e-05
-1.2416113295388165e-05
-1.420560350273714e-05
-1.526722269590275e-05
-1.3627516968761633e-05
-1.5262463654519554e-05
-1.663991972838952e-05
-1.4207202105764871e-05
-1.417323615621191e-05
-1.2947311417266238e-05
-1.4278177277338155e-05
-1.357171035187843e-05
-1.3371287544028387e-05
-1.1703826296893816e-05
-1.1610052821797723e-05
-1.1034413485322414e-05
-1.0767179927650972e-05
-1.4079072425843275e-05
-1.60655562168599e-05
-1.2606701881301419e-05
-1.2495670724810282e-05
-1.5335040852160198e-05
-1.375351500415567e-05
-1.226940726634096e-05
-1.3329881531354282e-05
-1.2703957723625425e-05
-1.3565911913038242e-05
-1.0968307367908992e-05
-1.442700448595069e-05
-1.1459261205215565e-05
-1.1999599177858755e-05
-1.1599851133192729e-05
-1.1796000464636691e-05
-1.3715511884282439e-05
-1.2113525050649887e-05
-1.060743429526223e-05
-1.0720397862706843e-05
-1.1802568913310552e-05
-1.2032463972688756e-05
-1.2614535108868008e-05
-9.8775860903344e-06
-1.0628192881778631e-05
-1.1290538316388599e-05
-1.1352179124013428e-05
-1.133545604631303e-05
-1.0997671731516334e-05
-1.046301732032795e-05
-1.114501133914203e-05
-1.0472132163652503e-05
-1.0073502511476207e-05
-8.746555275385148e-06
-9.973143741903723e-06
-1.133539451120269e-05
-9.466542025993174e-06
-1.3815349108325936e-05
-1.2560183527965396e-05
-1.0279137649060743e-05
-1.1698192943110364e-05
-1.239388886498105e-05
-9.39468482968886e-06
-1.077913809360842e-05
-1.047643748752769e-05
-1.0431164377100455e-05
-1.0021486890054998e-05
-1.0148699721990173e-05
-1.0811762277240788e-05
-1.1232654563153588e-05
-8.81727920348796e-06
-1.1639307284927458e-05
-1.2353566991529785e-05
-8.370775587962509e-06
-9.552072766649822e-06
-1.0186591896998998e-05
-9.741985780409301e-06
-8.889909204445878e-06
-1.1969378243437134e-05
-9.283331802889538e-06
-1.0201718206537258e-05
-1.1714781582572442e-05
-1.1217521061757108e-05
-1.0140948420944706e-05
-1.0409738694205917e-05
-9.335968067625267e-06
-8.198508849033281e-06
-9.435314298811281e-06
-9.5047613212218e-06
-8.353633562774299e-06
-8.36873035753305e-06
-1.0416047216244007e-05
-8.690650601939076e-06
-1.2076726719878472e-05
-1.0190043000235516e-05
-1.0122887238950273e-05
-7.89394245725994e-06
-1.021605980205953e-05
-8.398610320481392e-06
-8.268480744921813e-06
-8.733265616345243e-06
-8.73670864626197e-06
-8.759669925306746e-06
-1.0609078708367914e-05
-8.489373503173248e-06
-7.795861174275664e-06
-9.583962421455539e-06
-1.0341664106128245e-05
-7.4855353299208005e-06
-8.67279527511089e-06
-9.459237910736107e-06
-7.331677272293113e-06
-8.2982522622288e-06
-1.0431338866800921e-05
-7.695728223788834e-06
-6.637421430089052e-06
-7.682809864240081e-06
-9.221649419743905e-06
-7.804648839815354e-06
-9.986785712956525e-06
-7.658269909560644e-06
-8.036228976049387e-06
-8.461056258679545e-06
-7.382575197112384e-06
-7.656140821488133e-06
-6.368494242126044e-06
-8.601143217212837e-06
-8.71662481871649e-06
-8.787842246060773e-06
-7.958898827986616e-06
-7.795401385402023e-06
-8.958735833841658e-06
-6.4483570988427275e-06
-7.514936586683341e-06
-7.933457107534014e-06
-7.3890349647220965e-06
-7.1927465306598215e-06
-7.790040757460481e-06
-6.879213679367169e-06
-7.431688976322626e-06
-6.835556351503236e-06
-7.648587936337492e-06
-7.4938924875533885e-06
-7.542602094900985e-06
-7.69871124395305e-06
-6.50848586092323e-06
-7.23076886083307e-06
-8.48212885773414e-06
-7.622969510012734e-06
-6.892295564275841e-06
-8.067427496205593e-06
-7.185500164041958e-06
-6.380428545171846e-06
-7.1493366851083096e-06
-6.822986857557556e-06
-6.959855125998615e-06
-6.6754069472652056e-06
-6.794387617192754e-06
-5.5612990176867605e-06
-7.482173061845732e-06
-5.987318742628478e-06
-6.466783011083166e-06
-6.731247744751201e-06
-6.047029655620317e-06
-7.716522717637897e-06
-6.116606470429886e-06
-7.00635234218705e-06
-5.9256344420166585e-06
-6.535502090454504e-06
-7.468563582746501e-06
-6.172837312967694e-06
-6.553081814908435e-06
-6.150076456767906e-06
-5.998576575350079e-06
-5.917185179837858e-06
-5.777481787483385e-06
-5.904869199213625e-06
-5.671252045369446e-06
-4.957566697050275e-06
-5.9737005809745725e-06
-6.145479431396428e-06
-6.217813799835881e-06
-5.185336861779355e-06
-5.30743288734703e-06
-6.144888431369733e-06
-5.600467015365318e-06
-6.1462499991726816e-06
-5.865176354091783e-06
-5.911837277827736e-06
-4.950077530541108e-06
-6.165308953975934e-06
-5.726262348570987e-06
-4.811999366693964e-06
-6.789856860811572e-06
-5.561059754077835e-06
-6.017001740632466e-06
-6.224481444494501e-06
-4.7637013397827666e-06
-5.366331482348219e-06
-5.498696267647318e-06
-4.860762718106315e-06
-6.600410943302659e-06
-6.749785301018996e-06
-6.146241396276508e-06
-4.908153986404873e-06
-6.220892087238639e-06
-6.417078116882635e-06
-5.294401331457088e-06
-5.664903544810862e-06
-5.110860337609324e-06
-5.29396693965678e-06
-5.765813753666471e-06
-6.415597105235982e-06
-5.656908954931872e-06
-3.956638258750811e-06
-6.0698999364006134e-06
-5.068790035700488e-06
-6.058513564832779e-06
-5.306453130349276e-06
-4.636437228699997e-06
-5.906398381883005e-06
-5.256120135299636e-06
-5.302601360945847e-06
-5.106573132629411e-06
-4.674595695419725e-06
-4.906672440962989e-06
-4.637617917691017e-06
-5.106785109565415e-06
-5.855018764377995e-06
-4.214604597152505e-06
-4.184700224285631e-06
-5.7407443449508655e-06
-5.822458668758301e-06
-5.5595181071566024e-06
-4.378059866805284e-06
-4.510541434132875e-06
-5.090798388174278e-06
-5.24739796908813e-06
-5.217512584920758e-06
-4.314692465201553e-06
-4.869504947768721e-06
-5.137314828262962e-06
-5.45300080401212e-06
-4.83381615234979e-06
-4.816117754435911e-06
-4.358887630284691e-06
-5.059502191095966e-06
-4.814091317972835e-06
-4.4652044408621805e-06
-4.529278319342911e-06
-4.438310129861733e-06
-4.740634544586619e-06
-4.176605581829307e-06
-4.532864171125084e-06
-3.7655853800111494e-06
-5.479510076678018e-06
-4.628065747025456e-06
-4.693119478038632e-06
-4.320324360262973e-06
-4.525210698491655e-06
-3.983098543103303e-06
-3.531932552092165e-06
-4.639623981284036e-06
-4.1070466507697745e-06
-4.468559880399514e-06
-4.2646331917528535e-06
-4.624947265163826e-06
-5.023809100668242e-06
-4.717649396912549e-06
-3.2126392344178356e-06
-4.780808216919841e-06
-4.154267561340408e-06
-5.109067322539573e-06
-5.056738970832253e-06
-4.37928547780686e-06
-3.7157629250716973e-06
-6.331871218900886e-06
-4.262136459931565e-06
-4.917842666596339e-06
-4.903899022690172e-06
-5.095862110227056e-06
-4.687020753735283e-06
-3.8658899805810165e-06
-4.3083302213586805e-06
-4.5184802707209926e-06
-4.326972124157891e-06
-4.229695715007864e-06
-4.223358307464675e-06
-3.8775187171657954e-06
-4.631424856293975e-06
-4.344487175511613e-06
-4.124615028355816e-06
-3.7660430270980427e-06
-3.956614505973288e-06
-4.12415590805848e-06
-4.015971425852527e-06
-3.6946449625818722e-06
-3.6858272722817276e-06
-3.394009789436936e-06
-3.8066140923276315e-06
-4.561585547180336e-06
-3.773941857299068e-06
-3.0943896914825686e-06
-3.871059883198136e-06
-4.5703254182849484e-06
-3.913862053117612e-06
-4.670826408925688e-06
-4.199824746642378e-06
-3.79682207629628e-06
-3.5201831775633075e-06
-3.2650134627609795e-06
-3.574175125586887e-06
-3.336584458391023e-06
-3.1382678560287758e-06
-4.538972788570295e-06
-4.204760560788667e-06
-3.254029331212216e-06
-3.4319675263350113e-06
-3.952506204496498e-06
-4.438735995149212e-06
-3.729578694322555e-06
-3.566977585967024e-06
-3.461369681101445e-06
-3.2892181852095526e-06
-3.829090815643532e-06
-3.329127975626456e-06
-3.7463895086742305e-06
-3.395475398348946e-06
-3.205491061031296e-06
-3.7287862127421967e-06
-3.631460673947373e-06
-3.534783698910804e-06
-2.6097456915508133e-06
-3.236280838592176e-06
-3.6193230402714605e-06
-3.165764950463501e-06
-3.6056056250677315e-06
-3.345009889299533e-06
-3.1802018843896107e-06
-2.778903305911129e-06
-3.384291885899504e-06
-3.7857836026611302e-06
-3.993892334741567e-06
-2.944691511519437e-06
-3.369653396867456e-06
-3.6249391525688957e-06
-3.156049373176373e-06
-3.309221000058482e-06
-3.744114834780543e-06
-3.029153084421754e-06
-3.134694425643847e-06
-3.0517337498148223e-06
-3.2160348411580664e-06
-3.2231561769013872e-06
-2.7224337896814e-06
-2.712661701875785e-06
-3.5553193335480238e-06
-3.013039687860264e-06
-2.8027540598940526e-06
-3.103900754364286e-06
-2.497485839636493e-06
-3.63760811805669e-06
-2.938521289685969e-06
-3.5035940662009324e-06
-3.285603759672906e-06
-3.2555039086168414e-06
-2.7673702162056557e-06
-2.6334203561129144e-06
-3.3842246212056892e-06
-2.9644323581989873e-06
-3.5007928881891637e-06
-2.6620427032164606e-06
-3.836885238084342e-06
-3.022144491104939e-06
-3.2977100481446087e-06
-2.743651945635861e-06
-2.854998041534884e-06
-3.1922327102806847e-06
-3.1375003478051333e-06
-3.2962700626804065e-06
-2.7306292014750433e-06
-2.7062567878877175e-06
-2.7356929840349764e-06
-2.459590379699783e-06
-3.1560438329969465e-06
-2.7976783941729977e-06
-2.9680400916443084e-06
-2.411009769331951e-06
-2.819215572436029e-06
-2.8339556013001754e-06
-3.0015593562304765e-06
-2.467073086986904e-06
-2.727138284530639e-06
-2.9442328735029832e-06
-2.0968033774826367e-06
-2.5230953735744244e-06
-2.800137298308858e-06
-2.4580778998917197e-06
-3.1287802014778876e-06
-2.303852945917395e-06
-2.984220839663543e-06
-3.5201928987871334e-06
-2.6947015792644358e-06
-2.8074119481913407e-06
-2.4602762581649174e-06
-2.964298847552005e-06
-2.7408993970023943e-06
-2.635389554361822e-06
-2.8887068728722376e-06
-2.5879095519876216e-06
-2.427646353109214e-06
-2.652358261689969e-06
-2.554390123199468e-06
-2.5223552380659875e-06
-2.490240668784338e-06
-2.570568602977552e-06
-2.411877921160155e-06
-2.0419019259865223e-06
-2.2597399666479667e-06
-2.5198279241522847e-06
-2.24173392043836e-06
-2.705571487071623e-06
-2.602945406215973e-06
-2.465603344659062e-06
-2.1482290580299157e-06
-2.5761009020408565e-06
-1.967683579351398e-06
-2.59288746939923e-06
-2.3485221636865283e-06
-2.5301896346974218e-06
-2.425785920634471e-06
-3.1185086404317275e-06
-3.2293677946215738e-06
-2.9097340488726253e-06
-2.239988099117518e-06
-2.935928622549433e-06
-2.4251870756608618e-06
-2.6176553837853334e-06
-2.2100490672527506e-06
-2.2571790356251675e-06
-2.484005883818252e-06
-2.111235747559448e-06
-2.204821617390884e-06
-2.6225575466831685e-06
-1.95053015483726e-06
-2.1066091375754326e-06
-2.413401161693862e-06
-2.0056137338686497e-06
-2.051214340548224e-06
-2.4235022632046466e-06
-2.0643739622183688e-06
-2.4902221366640553e-06
-2.3063019655156225e-06
-2.043042747812418e-06
-2.0755089052970632e-06
-2.202674421747375e-06
-1.885293872128102e-06
-2.350595345146367e-06
-2.149519880423334e-06
-2.063313128908284e-06
-1.7760420725210224e-06
-2.0602709321915214e-06
-2.104125990720629e-06
-2.215602341981704e-06
-1.908236785919115e-06
-2.1485952710897926e-06
-2.1752840251298977e-06
-1.8180373661524918e-06
-1.8885953090852503e-06
-2.1814042008849732e-06
-1.9013828906899732e-06
-1.9105493581084154e-06
-1.6440249737126322e-06
-1.913175328882577e-06
-1.921595391640718e-06
-2.5624211490993254e-06
-1.9744593534043453e-06
-2.6802086671717795e-06
-2.1795001832747296e-06
-2.241143329251294e-06
-1.9741964220054697e-06
-2.5249591962261952e-06
-1.8283143368158505e-06
-1.642220160802399e-06
-1.6851116579341685e-06
-1.7845644827430007e-06
-2.056477037659654e-06
-2.171618863955338e-06
-1.7319643745850044e-06
-1.9587363281892145e-06
-1.8592105143766524e-06
-1.633268271294952e-06
-1.7390880516221507e-06
-2.3937356530834286e-06
-2.019012162901568e-06
-1.9705270742909065e-06
-1.703561846866375e-06
-1.673043684868869e-06
-1.4763189395416987e-06
-2.196082676930722e-06
-1.5611624493150345e-06
-1.6472533915790066e-06
-2.001178402710746e-06
-1.9357039912071272e-06
-2.1923943014923175e-06
-2.190135976798402e-06
-1.9657989216437244e-06
-1.4680143072820506e-06
-2.0255470836172407e-06
-2.069804648785478e-06
-1.7534070969604798e-06
-2.020668289470784e-06
-2.175045581032098e-06
-1.963539544236337e-06
-1.8008425289317564e-06
-2.0237135154310693e-06
-1.5672325478499616e-06
-1.7020135658629698e-06
-1.5622543188542615e-06
-1.8868241750680248e-06
-1.48316352993616e-06
-2.2107045954955495e-06
-1.8083771013976957e-06
-1.8126537042473245e-06
-1.6967605088180626e-06
-1.713278059811696e-06
-1.9150002857348802e-06
-1.4328690475795547e-06
-1.5905392157233855e-06
-1.7357019196917456e-06
-1.535819883491385e-06
-1.6024875513220849e-06
-1.4178860314739694e-06
-1.6799360100239191e-06
-1.6692839632792555e-06
-1.601029995135228e-06
-1.4877130801727034e-06
-1.2403702200347588e-06
-1.7076405147142815e-06
-1.7769581813209534e-06
-1.6141666632218943e-06
-1.744912890455641e-06
-1.605191815745588e-06
-1.512536717429569e-06
-1.6434467635662031e-06
-1.4542381000515192e-06
-1.3523459680420125e-06
-1.336700226950427e-06
-1.5277545115655045e-06
-1.3030053920282114e-06
-1.5490469064682877e-06
-1.6197968294440201e-06
-1.571325290994352e-06
-1.5464506976647918e-06
-1.5032639111289825e-06
-1.4384942526590727e-06
-1.3322139033600244e-06
-1.6007135861806354e-06
-1.3043990248484683e-06
-1.8392111538201306e-06
-1.4670484436152265e-06
-1.5416448664318239e-06
-1.5582484860221513e-06
-1.520042150648937e-06
-1.5772433705762978e-06
-1.343271567255666e-06
-1.0996759793879818e-06
-1.3096804683532248e-06
-1.5731347292047282e-06
-1.387883790171518e-06
-1.3789016318765945e-06
-1.620907311539188e-06
-1.4909454822964463e-06
-1.4688948298813287e-06
-1.380632646041935e-06
-1.5692004412537486e-06
-1.5105451222074961e-06
-1.2888840064118057e-06
-1.3016869873649917e-06
-1.1274276091044477e-06
-1.5283982374159066e-06
-1.304919955313899e-06
-1.5458889757735683e-06
-1.315313631011783e-06
-1.138072126538603e-06
-1.4562507075210895e-06
-1.3951683827118089e-06
-1.514715593342597e-06
-1.293753382702878e-06
-1.4366932227227736e-06
-1.4629462730120224e-06
-1.224304564340084e-06
-1.4044761371123649e-06
-1.1617315301970521e-06
-1.1056334427439474e-06
-1.354301673361924e-06
-1.1955387903550552e-06
-1.3529450047511382e-06
-1.4566603958043878e-06
-1.4063798225438795e-06
-1.3318135900219907e-06
-1.0403598365016364e-06
-1.6072827975222026e-06
-1.575579619106371e-06
-1.1580912587794145e-06
-1.2792013924234347e-06
-1.2423032495489927e-06
-1.179789146044108e-06
-1.3421285095516211e-06
-1.3316531884965954e-06
-1.2597888700560667e-06
-1.2193512183289457e-06
-1.2719868496824382e-06
-1.3153958603462357e-06
-1.14500232656356e-06
-1.0631271629146788e-06
-1.2859658201636037e-06
-1.1833034060382275e-06
-1.2153810889370398e-06
-9.903927769561172e-07
