-0.8371956011249355
-0.6335392209569009
-0.4292054687670402
-0.32975729073507604
-0.17280443430267423
-0.11438209433280266
-0.12103943141809193
-0.09119600261149186
-0.06268909512554044
-0.02828081789638781
-0.043629105878819296
-0.019610313266070323
-0.01329339077602687
-0.008262428809408084
-0.007070553428218829
-0.008594345212605936
-0.011019854911035964
-0.007087079662777884
-0.0038367859839011365
-0.0028248059274181836
-0.001768659017041374
-0.0012086812471471253
-0.0017104664644316259
-0.0009868767543611545
-0.0009942741861571625
-0.001064966892390884
-0.0005775648308080639
-0.0004694113100378594
-0.0006740698010182511
-0.00044321716548412216
-0.0003576984465077926
-0.0002558727426839047
-0.00023913738870262602
-0.0002388321792685666
-0.0001375783444862444
-7.869415291195114e-05
-7.342545067434703e-05
-6.638096912414682e-05
-2.3890665044934423e-05
-4.114079623496192e-05
-3.146629790828914e-05
-3.988220890027705e-05
-1.7507483462853024e-05
-1.9151317292687153e-05
-1.0175239182230733e-05
-8.721645721743165e-06
-6.301303182909557e-06
-4.777581227077832e-06
-2.620605729197756e-06
-2.0436267171852762e-06
-1.7556971427801216e-06
-5.855236859808599e-07
