Finished before time limit.
Obj: 2.937774882448131
SolTime: 1622.7279567718506

Upper level solution: [ 3.44410364e-03  3.61190069e-10 -3.51944946e-10 -2.87766871e-10
  4.95872200e-03 -2.79355370e-11  7.01779913e-02 -3.59366281e-10
  3.88521478e-11 -1.33756881e-10  1.74048801e-02 -1.65247856e-10
 -2.71869635e-10 -1.87930008e-10 -2.60707275e-10 -1.02384769e-10
 -2.46240668e-10 -3.10416261e-10 -3.62335539e-10 -2.57250271e-10
 -1.44525238e-10  2.44760127e-02  3.90621702e-02  3.61141148e-10
 -3.05782238e-10  8.03610875e-02  1.31167831e-02  4.33401492e-10
 -3.41665168e-10  4.06902658e-02 -4.27047200e-11 -2.32106794e-10
 -1.78793690e-10  4.44897813e-11 -2.85255886e-10 -2.98413462e-10
  4.61009535e-02  6.97913283e-10  3.55645950e-02 -1.32310456e-10
 -3.59112169e-10 -8.09378175e-11 -1.87896527e-10  2.96700872e-10
  2.60241285e-09  1.28112276e-09  1.71843839e-01  1.16321399e-02
 -2.42083745e-10 -3.61500599e-10 -3.34197053e-10 -2.93967905e-10
 -3.05256909e-10 -2.00800087e-10 -2.89406823e-10 -7.41123473e-11
 -2.89385248e-10 -3.63300399e-10 -2.57825653e-10 -2.05096693e-10
 -3.32934184e-10 -3.30163560e-10 -2.57254871e-10 -2.81910682e-10
 -2.72311802e-10 -4.85182649e-11  2.38991934e-02 -1.73257028e-10
 -2.13182927e-10  1.12860711e-01  5.84339062e-09 -1.00213035e-10
  9.42577303e-11  8.42048349e-02 -3.37217057e-10  9.60005682e-11
 -3.04535996e-10 -2.80506977e-10  4.84767755e-10  1.64853329e-09
 -2.74894164e-11 -2.24778426e-10 -2.73225513e-10 -3.67318329e-10
 -2.67053403e-10  1.98241944e-02 -3.16336852e-10 -2.12814640e-10
  6.46905123e-09 -1.67313567e-10  4.25363956e-02  9.59269991e-02
 -5.43943256e-11 -2.28985551e-10  6.19141204e-02]
