Finished before TL = TrueObj: 2.9376865997081083
SolTime: 168.68752193450928
It. number: 22
Upper level solution: [3.73904672e-03 4.11854869e-11 4.52840695e-12 7.79262854e-12
 6.10751653e-03 2.68598696e-11 7.00960140e-02 4.38371062e-12
 2.36572495e-11 1.75128842e-11 1.75662829e-02 1.19220713e-11
 8.26106475e-12 1.12030801e-11 9.08932831e-12 1.47761710e-11
 1.01069320e-11 6.50641873e-12 4.23757887e-12 9.19099582e-12
 1.56761278e-11 2.38376556e-02 3.85217459e-02 4.03440933e-11
 6.42976884e-12 8.10568072e-02 1.41608093e-02 4.40949927e-11
 5.67501652e-12 4.07196584e-02 2.11080665e-11 1.02850865e-11
 1.50830575e-11 1.88412300e-11 7.41164913e-12 6.76876953e-12
 4.52064849e-02 5.00523761e-11 3.61175285e-02 1.73304024e-11
 4.38929828e-12 1.87624071e-11 1.30777999e-11 5.95062733e-11
 5.38882710e-11 9.26706654e-11 1.72350739e-01 1.08612998e-02
 9.58612278e-12 4.16396354e-12 5.70775143e-12 7.23992203e-12
 6.84173805e-12 1.16531958e-11 7.56401183e-12 1.67199880e-11
 7.61457229e-12 4.26057091e-12 8.30391471e-12 1.13133075e-11
 5.33544069e-12 5.85268353e-12 8.55456782e-12 7.79503596e-12
 7.97945732e-12 1.73480904e-11 2.35489711e-02 1.22099701e-11
 1.01935813e-11 1.14122984e-01 2.96538199e-10 1.53658234e-11
 2.36336652e-11 8.35299865e-02 5.26020590e-12 3.38755144e-11
 6.94124321e-12 8.04336299e-12 5.61441766e-11 2.60954110e-10
 1.82740083e-11 1.00472370e-11 7.94738921e-12 3.91689151e-12
 8.23464590e-12 1.95674966e-02 6.17289361e-12 1.07382371e-11
 3.09853830e-10 1.27014714e-11 4.25246011e-02 9.50117673e-02
 1.86088912e-11 9.99328473e-12 6.13526024e-02]
