Obj: -0.26065891738708563
SolTime: 1829.1501638889313
Upper level solution: [ 1.85851574e-02  1.85391016e-02  1.84464766e-02  1.84976852e-02
  1.84850732e-02  1.23884163e-02  1.23378065e-02  1.22506887e-02
  1.23501589e-02  1.22967096e-02  2.46383846e-02  9.90757322e-03
  9.86041927e-03  9.81747034e-03  9.92888421e-03  9.86280965e-03
  6.48605467e-03  6.67194245e-03  6.59988469e-03  6.57841934e-03
  6.47810504e-03  1.31770910e-02  3.28864128e-02  8.41843079e-03
  8.42249282e-03  8.49151235e-03  8.44678795e-03  8.44616993e-03
  5.62577016e-03  5.64649488e-03  5.61109190e-03  5.61406591e-03
  5.52292000e-03  1.13162562e-02  4.30711556e-03  4.34141442e-03
  4.21376111e-03  4.36462668e-03  4.21709899e-03  2.72518586e-03
  2.84901972e-03  2.73127567e-03  2.87750118e-03  2.80029038e-03
  5.57963710e-03  1.46362000e-02  4.28386698e-02  8.17783987e-03
  8.28852423e-03  8.56353384e-03  8.34271993e-03  8.49593230e-03
  5.59823909e-03  5.43865020e-03  5.32515092e-03  5.44596794e-03
  5.32639188e-03  1.14854972e-02  4.12827628e-03  4.03527476e-03
  3.96424836e-03  3.99139858e-03  3.95003339e-03  2.45994701e-03
  2.43895506e-03  2.38906753e-03  2.44239500e-03  2.41715465e-03
  5.33476927e-03  1.46760821e-02  3.15961832e-03  3.01471232e-03
  2.87524129e-03  3.02269956e-03  2.94679815e-03  1.64138059e-03
  1.76865131e-03  1.69950490e-03  1.72948425e-03  1.70747172e-03
  4.17041965e-03  9.63111952e-04  1.09574563e-03  1.13285865e-03
  1.04165719e-03  1.09453894e-03  4.88059933e-04  4.00849206e-04
  5.69570339e-04  4.23348878e-04  6.00081488e-04  1.77805892e-03
  5.01374585e-03  1.70953684e-02  6.03613333e-02  7.81133633e-03
  7.91788971e-03  8.03329863e-03  7.97521705e-03  7.96420582e-03
  5.12694993e-03  5.12739906e-03  5.16361589e-03  5.13134107e-03
  5.16752830e-03  1.08983711e-02  3.68818720e-03  3.75334284e-03
  3.83886128e-03  3.71057856e-03  3.82371702e-03  2.38801975e-03
  2.21024521e-03  2.31352799e-03  2.21182592e-03  2.34322633e-03
  5.14941345e-03  1.39596024e-02  2.82345717e-03  2.83644620e-03
  2.85673400e-03  2.84582322e-03  2.92796300e-03  1.62978493e-03
  1.59763503e-03  1.68134382e-03  1.55601952e-03  1.69003190e-03
  4.14873415e-03  9.40596263e-04  9.13374944e-04  1.10884655e-03
  8.60463800e-04  1.07038992e-03  5.09298322e-04  2.64379333e-04
  4.28161643e-04  2.85542594e-04  4.59700063e-04  1.70188264e-03
  4.93980552e-03  1.67371384e-02  1.07278264e-03  9.39116087e-04
  5.85449835e-04  9.00193532e-04  6.76996650e-04  1.62858817e-04
  4.54328777e-04  5.86452805e-04  3.50059608e-04  4.97240135e-04
  1.09150662e-03  1.27424248e-09  1.85793100e-06  1.50719982e-04
  1.38620687e-04  1.55996798e-04  1.11533043e-08  8.08112111e-09
  1.58262863e-07  1.02771691e-08  8.34119877e-05  3.26957668e-04
  7.69475141e-04 -3.67098757e-10  8.34448906e-09  8.54079429e-09
  3.66125434e-05  1.03371650e-09 -1.14736011e-09 -1.16359888e-09
 -1.16694808e-09 -1.20634446e-09 -1.13054178e-09  3.85175128e-09
 -1.49871360e-09 -1.47371511e-09 -1.49796882e-09 -1.51712219e-09
 -1.54258144e-09 -1.60959972e-09 -1.64035181e-09 -1.66292029e-09
 -1.69462808e-09 -1.71177091e-09 -1.73377095e-09 -1.68124652e-09
 -1.58032160e-09  5.46712100e-03  6.34059264e-02]
