Finished before TL = TrueObj: 2.397879929534154
SolTime: 264.8640158176422
Upper level solution: [-5.47400862e-10 -6.10756298e-10 -1.27548233e-09 -1.61955505e-09
 -1.29367892e-09 -4.87848870e-10  6.93201262e-10 -1.14025188e-09
  1.67077649e-09 -1.58555062e-09  2.92100866e-07  2.88775677e-02
  1.27143902e-09 -1.06145782e-09 -1.23439871e-09 -1.03794297e-09
 -1.52486828e-09 -1.46797676e-09 -1.11581149e-10 -1.03733174e-09
 -1.47941105e-09 -1.41477482e-09 -1.49329462e-09 -8.35070617e-10
 -8.71887283e-10  1.83741731e-01 -1.31484612e-09  5.98516446e-08
 -1.52347963e-09  1.68701121e-09  2.48001933e-10  8.74097591e-03
  3.49822565e-02 -1.28841170e-09  1.21239675e-10  1.06613982e-10
  6.61565286e-02 -1.58588209e-09 -1.22177277e-09 -8.39547782e-10
  2.84934418e-09 -1.53933948e-09  1.40418541e-02 -7.83506226e-10
 -1.01265820e-09  1.51106159e-02 -1.22981830e-09 -1.53364266e-09
 -1.63540433e-09  1.83252546e-11 -1.75458639e-10 -4.68628802e-10
 -1.47141116e-10 -1.53839276e-09  1.26185966e-01  4.48431226e-01
  1.78221785e-09 -1.36664288e-09 -1.45146106e-09 -1.54178006e-09
  1.47072933e-02 -5.74920196e-10 -9.05613918e-10  6.91688206e-06
 -1.40167104e-09  1.43133442e-08 -1.30066913e-09 -1.28664271e-09
 -1.50307811e-09  2.30512463e-09 -1.32069386e-09 -1.06193314e-09
 -1.38271866e-09 -1.53844160e-09 -1.28922219e-09 -6.65680553e-10
 -3.56971269e-10 -4.15269576e-10  5.90167483e-02 -1.33353219e-09]
