Finished before time limit.
Obj: 2.3978766637470934
SolTime: 158.33230090141296
It. number: 7

Upper level solution: [-8.73812981e-10 -1.11308784e-09 -3.40145932e-09 -4.61455033e-09
 -3.51352582e-09 -7.18328018e-10  3.33685746e-09 -2.97163915e-09
  7.31035242e-09 -4.50207329e-09  2.46687336e-07  2.88678759e-02
  4.67033874e-09 -3.23767605e-09 -3.15590736e-09 -2.66287828e-09
 -4.29803938e-09 -4.08694794e-09  5.53147841e-10 -2.63900788e-09
 -4.11945022e-09 -3.92017173e-09 -4.17026170e-09 -2.77747855e-09
 -1.99242564e-09  1.83735794e-01 -3.54565524e-09  4.60403055e-09
 -4.24440829e-09  6.16755403e-09  1.87386934e-09  8.74229713e-03
  3.49773677e-02 -3.47899589e-09  1.36996716e-09  1.39844643e-09
  6.61668757e-02 -4.48877567e-09 -3.26806197e-09 -1.87905239e-09
  1.04934053e-08 -4.30334681e-09  1.40340255e-02 -1.59930708e-09
 -2.43355277e-09  1.51108301e-02 -3.28520749e-09 -4.31511494e-09
 -4.66267795e-09  9.84852340e-10  3.43554181e-10 -5.53217839e-10
  4.85758243e-10 -4.34271483e-09  1.26185177e-01  4.48433673e-01
  9.22329649e-09 -3.74756770e-09 -4.01856716e-09 -4.34632886e-09
  1.47065181e-02 -1.01273666e-09 -2.09944225e-09  3.34886700e-06
 -3.85119565e-09  4.90280399e-08 -3.51475628e-09 -3.47331003e-09
 -4.20369577e-09  8.98309713e-09 -3.56994289e-09 -2.45985954e-09
 -3.78389600e-09 -4.32995722e-09 -3.47032629e-09 -1.15706501e-09
  3.06579291e-10 -4.29516805e-10  5.90360122e-02 -3.61383297e-09]
