Finished before time limit.
Obj: 2.397866170503357
SolTime: 11.868531227111816
It. number: 7

Upper level solution: [1.08990406e-11 9.96562425e-12 4.78116638e-12 2.66815758e-12
 4.84170905e-12 1.07354756e-11 1.74895025e-11 5.97040292e-12
 2.00656026e-11 2.92013259e-12 5.04986319e-10 2.88860985e-02
 2.55696257e-11 2.51552241e-11 4.77884449e-12 7.05167854e-12
 3.31668165e-12 3.85088512e-12 1.22729887e-11 6.68417076e-12
 4.14724062e-12 4.10130954e-12 3.69122070e-12 1.09547409e-10
 8.08360909e-12 1.83753744e-01 4.91209339e-12 2.60546410e-10
 3.22425565e-12 2.59662020e-11 1.68185994e-11 8.74647389e-03
 3.49743828e-02 4.85640455e-12 1.49881039e-11 1.66244028e-11
 6.61843300e-02 2.90425308e-12 5.38242696e-12 8.30045659e-12
 4.17557773e-11 3.26575195e-12 1.40762429e-02 8.08448758e-12
 7.33848564e-12 1.51107624e-02 5.43500082e-12 3.28659301e-12
 2.66930457e-12 1.44927430e-11 1.46137800e-11 1.20193612e-11
 1.40450705e-11 3.29137453e-12 1.26192179e-01 4.48444503e-01
 1.98335643e-11 4.43539801e-12 4.07284249e-12 3.27298518e-12
 1.47122117e-02 1.05040421e-11 7.96736637e-12 5.31945399e-06
 4.32838946e-12 4.89364600e-11 5.03457250e-12 4.98942834e-12
 3.54134591e-12 3.72104719e-11 5.04514115e-12 5.42905364e-12
 4.43036701e-12 3.36052065e-12 5.03311286e-12 1.00541194e-11
 1.02732361e-11 1.18018714e-11 5.89137505e-02 4.81303664e-12]
