Obj: 1.2778995404630897
SolTime: 110.11733913421631
Upper level solution: [ 7.83167694e-02  3.62457120e-02  2.80191199e-12  1.18590575e-01
 -1.64620721e-12 -4.35003012e-12  5.52312319e-12 -2.24540324e-12
  2.99400209e-02 -2.79048662e-12  6.12755271e-03  2.25641791e-02
 -3.79883083e-13  1.27076277e-01 -4.05969160e-12 -3.78496110e-12
 -4.06679113e-12 -3.47425821e-12  1.19148461e-02 -3.53225981e-12
  1.47229312e-01  9.80001094e-12  4.34398752e-12  2.64953462e-02
  3.93310032e-03 -2.20432752e-12  5.54329690e-12  6.71346322e-03
 -4.01929559e-12 -4.32176976e-12  4.96468827e-12  2.87008501e-11
  1.39896242e-01 -3.45396249e-12 -2.66498413e-12 -3.15543859e-12
 -2.83653467e-12 -4.00978086e-12 -4.23111932e-12 -2.10976182e-12
 -3.98480851e-12  2.04062170e-13  5.57252963e-13 -8.56618538e-13
  2.18144760e-12  5.69157623e-02  1.88040841e-01]
