Obj: -0.36425463108769107
SolTime: 0.1495800018310547
Upper level solution: [0.06735643 0.06820181 0.06834512 0.06791565 0.0679992  0.04052635
 0.03996947 0.04060918 0.04044805 0.04115566 0.09428163 0.02768143
 0.02668796 0.02619675 0.02649721 0.02606739 0.01326811 0.01355217
 0.01303595 0.01390364 0.01324095 0.04137404 0.12168584]
 
 
 *********CP**********
 
v = -0.363644
_total_solve_time = 63.5833

 :        x           y        :=
1    0.0671148   0.0668021
2    0.0688661   0.0658515
3    0.069164    0.0648037
4    0.0682558   0.0663849
5    0.0684051   0.0669727
6    0.0404714   0.0408387
7    0.0393554   0.0409625
8    0.0407014   0.0394347
9    0.0402998   0.0405419
10   0.0418491   0.038222
11   0.0939408   0.0946247
12   0.02838     0.0277129
13   0.0263483   0.028514
14   0.0253219   0.0291693
15   0.0259528   0.0295626
16   0.0251009   0.0294716
17   0.0130308   0.015339
18   0.0135914   0.0157403
19   0.0125042   0.0165512
20   0.0144171   0.0130286
21   0.0129287   0.013255
22   0.0422466   0.037808
23   0.121754    0.118408
;

iteration = 304

