Finished before TL = TrueObj: -0.07600649471248584
SolTime: 21.29198145866394
Upper level solution: [-1.08285275e-10 -8.45948690e-11  7.74157235e-02  2.20038765e-08
  4.07080096e-09 -1.10368911e-10  2.04444665e-08  2.81953848e-02
  2.04299704e-08  4.07083314e-09  3.00863691e-10  2.90700478e-09
  4.84437049e-02  7.75340052e-02  1.00099241e-08 -1.10365316e-10
  4.07083804e-09 -3.58687606e-11  1.96430966e-08  4.26009966e-09
  7.63598570e-02  4.26120567e-09  5.88634835e-09  2.15649504e-09
  2.02272991e-08 -1.10361612e-10  2.02111746e-08 -8.44251653e-11
  7.67197673e-02 -8.46920283e-11 -1.10222521e-10 -9.95985700e-11
  2.02084575e-08  1.96355639e-08 -1.10370249e-10  2.68720788e-09
  7.80677747e-02  4.78058526e-02  4.18784080e-09  2.02103356e-08
 -1.01625822e-10  3.13380428e-10  2.78947160e-02  1.30376688e-09
  2.89052484e-09  3.24524497e-10 -1.09681327e-10 -8.86051016e-12
  7.64611493e-02  2.22509226e-08  1.43634829e-07  2.90315645e-02
  5.03258802e-10  3.24536932e-10 -9.45336707e-11  4.77761154e-02
  7.74524527e-02 -8.45937759e-11  3.31396883e-11 -1.10358889e-10
 -1.10221169e-10 -1.10211726e-10  2.02110659e-08 -1.10214823e-10
 -1.08336839e-10  1.96447733e-08 -1.10221016e-10  1.96689423e-08
  2.02153462e-08  5.77693560e-10  7.59948436e-02  7.76861152e-02
  2.26906819e-08  1.11075782e-09 -1.10358926e-10  3.01523028e-09
  7.71604428e-02 -8.46763653e-11  1.96689188e-08 -1.08325877e-10]
