Finished before time limit.
Obj: -0.07600711671102434
SolTime: 4.145984888076782
It. number: 183

Upper level solution: [7.95165695e-11 8.03465438e-11 7.74246282e-02 7.36335418e-10
 2.11866413e-10 7.95125602e-11 6.94022303e-10 2.81990062e-02
 6.94021683e-10 2.11866432e-10 9.35294297e-11 1.80588580e-10
 4.84612720e-02 7.75174703e-02 3.98474214e-10 7.95125622e-11
 2.11866448e-10 8.19026991e-11 6.71762831e-10 2.17817995e-10
 7.63644903e-02 2.17852706e-10 2.68649260e-10 1.48787101e-10
 7.09896701e-10 7.95125405e-11 7.09472581e-10 8.03374337e-11
 7.66919615e-02 8.03389952e-11 7.95117682e-11 8.01450849e-11
 7.09473108e-10 6.71761900e-10 7.95125564e-11 1.69627517e-10
 7.80743923e-02 4.78140790e-02 2.15563208e-10 7.09456847e-10
 8.01968770e-11 9.39421523e-11 2.79156936e-02 1.26370968e-10
 1.76758886e-10 9.39416405e-11 7.95009479e-11 8.27703776e-11
 7.63936523e-02 7.41111600e-10 4.31914112e-09 2.90391842e-02
 9.99541383e-11 9.39419339e-11 8.00267973e-11 4.77840610e-02
 7.74687339e-02 8.03482426e-11 8.43369238e-11 7.95125791e-11
 7.95120249e-11 7.95118449e-11 7.09468033e-10 7.95118964e-11
 7.95047854e-11 6.71762833e-10 7.95123595e-11 6.72178986e-10
 7.09593107e-10 1.01990276e-10 7.59923959e-02 7.76963425e-02
 7.82480314e-10 1.20101562e-10 7.95125597e-11 1.80804995e-10
 7.71626155e-02 8.03454091e-11 6.72179149e-10 7.95158961e-11]
