Finished before time limit.
Obj: -0.07600649471130604
SolTime: 21.318289041519165
It. number: 0

Upper level solution: [-1.07802199e-10 -8.41018347e-11  7.74157235e-02  2.20115435e-08
  4.07237632e-09 -1.09882779e-10  2.04515263e-08  2.81953849e-02
  2.04369938e-08  4.07240856e-09  3.01442926e-10  2.90832458e-09
  4.84437049e-02  7.75340054e-02  1.00129646e-08 -1.09879171e-10
  4.07241347e-09 -3.53699031e-11  1.96498588e-08  4.26172421e-09
  7.63598570e-02  4.26283047e-09  5.88841796e-09  2.15762326e-09
  2.02343382e-08 -1.09875454e-10  2.02182074e-08 -8.39310158e-11
  7.67197673e-02 -8.41986711e-11 -1.09735948e-10 -9.91129807e-11
  2.02154798e-08  1.96423061e-08 -1.09884123e-10  2.68844501e-09
  7.80677746e-02  4.78058526e-02  4.18944657e-09  2.02173670e-08
 -1.01140795e-10  3.13962828e-10  2.78947159e-02  1.30461280e-09
  2.89176608e-09  3.25107230e-10 -1.09193790e-10 -8.35464557e-12
  7.64611492e-02  2.22589022e-08  1.43728157e-07  2.90315644e-02
  5.03902253e-10  3.25119685e-10 -9.40433227e-11  4.77761154e-02
  7.74524527e-02 -8.41007808e-11  3.36686312e-11 -1.09872720e-10
 -1.09734615e-10 -1.09725138e-10  2.02180988e-08 -1.09728230e-10
 -1.07853475e-10  1.96515403e-08 -1.09734493e-10  1.96758427e-08
  2.02223800e-08  5.78373878e-10  7.59948436e-02  7.76861152e-02
  2.26986543e-08  1.11157617e-09 -1.09872756e-10  3.01650256e-09
  7.71604428e-02 -8.41833424e-11  1.96758193e-08 -1.07842513e-10]
