Finished before time limit.
Obj: -0.07600751145613271
SolTime: 127.80340933799744
It. number: 171

Upper level solution: [5.71309938e-11 5.76751780e-11 7.74182292e-02 5.28180181e-10
 1.52028901e-10 5.70759051e-11 4.97829923e-10 2.82014512e-02
 4.97829506e-10 1.52028913e-10 6.71513133e-11 1.29193003e-10
 4.84419989e-02 7.75091176e-02 2.86927370e-10 5.70759064e-11
 1.52028924e-10 5.88551719e-11 4.81848726e-10 1.56302685e-10
 7.63638868e-02 1.56327479e-10 1.92289870e-10 1.06285355e-10
 5.09470914e-10 5.70758919e-11 5.09169194e-10 5.76679255e-11
 7.66908039e-02 5.76689153e-11 5.70754003e-11 5.75835421e-11
 5.09170294e-10 4.81848097e-10 5.70759026e-11 1.21764330e-10
 7.80820317e-02 4.77900440e-02 1.54672265e-10 5.09157721e-10
 5.76016602e-11 6.74465109e-11 2.78963627e-02 9.09761880e-11
 1.27156512e-10 6.74386784e-11 5.70688528e-11 5.94804222e-11
 7.65095147e-02 5.31585495e-10 2.78191120e-09 2.90135639e-02
 7.17566144e-11 6.74388898e-11 5.74452884e-11 4.77811511e-02
 7.74464925e-02 5.76753093e-11 6.05688909e-11 5.70759178e-11
 5.70755618e-11 5.70754522e-11 5.09165841e-10 5.70754899e-11
 5.71169689e-11 4.81848727e-10 5.70757745e-11 4.82101078e-10
 5.09256010e-10 7.32198838e-11 7.60378394e-02 7.77044431e-02
 5.61657429e-10 8.63150553e-11 5.70759048e-11 1.30069618e-10
 7.71130545e-02 5.76729559e-11 4.82101177e-10 5.71304068e-11]
