Obj: -0.32176227311157635
SolTime: 20.465106964111328
Upper level solution: [ 1.56742538e-02  1.41275216e-02  1.28797782e-02  1.95619996e-02
  1.71902671e-02  1.95510082e-02  1.33190500e-02  1.39827670e-02
  1.57623983e-02  1.42713745e-02  8.04885338e-03  1.69778350e-02
  1.51166612e-02  1.34071542e-02  1.50151994e-02  1.70765936e-02
  8.33158241e-03  1.40469351e-02  1.28306424e-02  1.70508429e-02
  9.02154523e-03  6.21101585e-03  1.31113864e-02  6.32076416e-03
  8.76351543e-03  1.71495015e-02  1.28196092e-02  1.93963686e-02
  1.50392185e-02  6.06061231e-03  3.44501919e-03  3.35136431e-04
  3.28844518e-03  6.17035633e-03  1.49377128e-02  1.94582590e-02
  1.77815723e-02  1.34910388e-02  1.29762050e-02  1.24837988e-10
 -1.18424369e-10  1.24838710e-10  1.29762050e-02  1.34910388e-02
  1.77815723e-02  1.94582591e-02  1.49377128e-02  6.17035641e-03
  3.28844515e-03  3.35136528e-04  3.44501928e-03  6.06061239e-03
  1.50392184e-02  1.93963684e-02  1.28196092e-02  1.71495014e-02
  8.76351550e-03  6.32076412e-03  1.31113865e-02  6.21101586e-03
  9.02154515e-03  1.70508426e-02  1.28306427e-02  1.40469351e-02
  8.33158249e-03  1.70765936e-02  1.50151992e-02  1.34071541e-02
  1.51166612e-02  1.69778347e-02  8.04885367e-03  1.42713745e-02
  1.57623983e-02  1.39827671e-02  1.33190500e-02  1.95510081e-02
  1.71902669e-02  1.95619994e-02  1.28797785e-02  1.41275217e-02
  1.56742538e-02]
