Obj value returned by the solver: 897.8860987563598
Obj value computed with solution variables: [897.88609716]
Average LSE = 0.22447152468908996SolTime: 0.4686911106109619
Q matrix recovered: [[ 1.53279609 -0.20706852 -0.5010415   0.7078047  -0.47911855  0.41903756
   0.53753153 -1.28304035  0.6762307   0.28657602 -0.39823996 -0.77829541
   0.48406452 -0.44152621  0.5968108 ]
 [-0.20706852  1.80002412  0.16440628 -0.47301233 -0.05129195  0.89613155
   0.54977144  0.23134082 -0.86922464  0.06059467 -0.59488677 -1.01935933
  -0.87740551  0.07627116  0.56484845]
 [-0.5010415   0.16440628  2.89691076  0.08893902  0.09835519 -0.57767929
   0.76518366  0.38751159  0.3411719   0.76201194  0.31280607 -0.5405635
  -1.50463829  0.35377467  0.45462482]
 [ 0.7078047  -0.47301233  0.08893902  2.47094063 -0.27117328 -0.70217842
   0.14230646 -0.42417693  0.36176806  0.03977195  0.75630151 -0.36221547
  -0.17192486  0.90657786 -1.00648942]
 [-0.47911855 -0.05129195  0.09835519 -0.27117328  1.84565262  0.02843927
  -0.36693047 -0.12446002  0.35519923 -0.0724301   0.73438285 -0.05992811
  -0.59018728  0.47071486 -0.39357886]
 [ 0.41903756  0.89613155 -0.57767929 -0.70217842  0.02843927  1.9081276
  -0.19784173 -0.44036018 -0.54528949  0.51358793 -1.06352855 -1.21614897
  -0.13348572 -0.88660666 -0.44657801]
 [ 0.53753153  0.54977144  0.76518366  0.14230646 -0.36693047 -0.19784173
   2.79402277  1.26943191  0.89692168  0.18629972 -1.22766829 -0.54691824
  -1.37287954 -0.2971619   1.14047821]
 [-1.28304035  0.23134082  0.38751159 -0.42417693 -0.12446002 -0.44036018
   1.26943191  3.07866452  0.02307606 -0.5815906  -0.96282422  0.15228366
  -1.05105228  0.23169962 -1.24628528]
 [ 0.6762307  -0.86922464  0.3411719   0.36176806  0.35519923 -0.54528949
   0.89692168  0.02307606  1.35405695 -0.04585748 -0.07965139 -0.2884555
  -0.06378593  0.00759473  0.12732875]
 [ 0.28657602  0.06059467  0.76201194  0.03977195 -0.0724301   0.51358793
   0.18629972 -0.5815906  -0.04585748  1.41934349 -0.14295891 -0.98366722
   0.19994374  0.36036722  0.36025272]
 [-0.39823996 -0.59488677  0.31280607  0.75630151  0.73438285 -1.06352855
  -1.22766829 -0.96282422 -0.07965139 -0.14295891  1.71927405  0.90139292
   0.25787822  0.91492279  0.02806051]
 [-0.77829541 -1.01935933 -0.5405635  -0.36221547 -0.05992811 -1.21614897
  -0.54691824  0.15228366 -0.2884555  -0.98366722  0.90139292  3.64393781
  -0.23440435 -1.22964098  0.85757064]
 [ 0.48406452 -0.87740551 -1.50463829 -0.17192486 -0.59018728 -0.13348572
  -1.37287954 -1.05105228 -0.06378593  0.19994374  0.25787822 -0.23440435
   2.67906422  0.69493142 -0.00858792]
 [-0.44152621  0.07627116  0.35377467  0.90657786  0.47071486 -0.88660666
  -0.2971619   0.23169962  0.00759473  0.36036722  0.91492279 -1.22964098
   0.69493142  2.36290711 -0.58235518]
 [ 0.5968108   0.56484845  0.45462482 -1.00648942 -0.39357886 -0.44657801
   1.14047821 -1.24628528  0.12732875  0.36025272  0.02806051  0.85757064
  -0.00858792 -0.58235518  3.67485943]]
q vector recovered: [ 0.09519427  0.14978686  1.42834975 -0.3288166  -0.30000118 -2.80891222
 -2.51740659 -1.92086094 -0.80864689 -1.2078116   0.83539548 -3.09752688
 -1.92146731 -1.19154901  1.24461265]
Scalar c recovered: [12.22610635]
