Time limit reached.
Obj: 6.290718832354106
Obj relaxation: 6.231649948827482
SolTime: 22152.79700112343
It. number: 5

Upper level solution: [ 2.68820929e-08 -2.23651140e-09 -2.27521642e-10 -1.42080790e-09
  1.65036380e-02  2.07453770e-09 -1.46841962e-09 -9.58997631e-10
 -2.07707599e-09 -2.28457720e-09 -3.85208396e-11  1.62330348e-03
  1.93866491e-02  1.99100067e-06  9.93751254e-03 -1.50467655e-09
 -3.16974958e-10 -2.16237686e-09  2.22568935e-08 -1.79553108e-09
 -2.18633126e-09  1.03472004e-02 -1.54121249e-09  2.83932900e-01
 -2.46386631e-09 -1.89456119e-09 -1.37722175e-09 -2.20025445e-09
 -1.96050432e-09 -1.84187890e-09 -2.21693203e-09 -1.30299542e-09
  1.92625015e-02  7.34979671e-03  2.48997749e-02  8.68395013e-10
 -6.61324546e-10  4.08535945e-10 -1.99858783e-09  1.16359948e-08
 -1.37089350e-09 -2.02382812e-09 -3.82661831e-10 -1.69601566e-09
 -1.31187898e-10  1.20826316e-01  1.19496573e-02  3.39427054e-09
  8.32596418e-11 -1.70140709e-09 -1.59602163e-09 -2.45951680e-09
 -1.95569834e-09 -1.88523396e-09 -5.78243249e-10 -1.57155101e-09
 -8.21603409e-10 -1.68087021e-09  1.51673594e-03 -1.74002485e-09
 -1.94134661e-09  4.60006742e-10 -1.38150685e-09 -1.61563418e-09
  2.73354414e-08 -1.07097311e-09  1.31424067e-09 -2.20985915e-09
 -2.00601370e-09  2.32111022e-09 -1.75826739e-09  2.75533044e-09
 -2.27951029e-09 -2.22964104e-09 -1.63975981e-09 -1.69909377e-09
 -1.66751346e-09  4.40953185e-03 -1.92099085e-09 -2.19374811e-09
 -1.42491546e-09 -1.32221420e-09 -1.71801479e-09 -1.87761594e-09
  9.05466717e-09  3.40236431e-09  7.72391256e-09 -1.68996879e-09
 -1.74056069e-09 -2.29558975e-09 -1.69209876e-09 -1.69200420e-09
  5.50216050e-02 -2.26186326e-09 -1.94662513e-09 -6.29176813e-10
 -1.77001291e-09 -2.14472624e-09 -1.43574422e-09 -2.32626673e-09
 -1.66675021e-09 -1.94141152e-09 -2.16742787e-09 -1.69488144e-09
  8.00715152e-03  3.15688957e-02 -5.51628095e-10 -2.09832475e-09
 -6.09036840e-10 -1.39167922e-09 -2.05773194e-09 -1.67575285e-09
 -1.94922571e-09  9.77887668e-03 -2.19941369e-09 -2.48021821e-09
 -1.12433180e-09  8.65504170e-04 -1.14731185e-09 -4.02906250e-10
  2.47916869e-09 -1.67312564e-10 -1.82242582e-09  1.82799253e-02
 -2.30573879e-09 -1.99108096e-09 -6.94476339e-10 -1.30603523e-09
 -7.07779158e-10 -1.58566864e-09 -1.45174924e-09  4.21207882e-10
 -7.33683230e-10 -2.01556470e-09 -2.14826694e-09  4.58321028e-03
  4.56466401e-02  9.68081034e-10 -1.70069085e-09 -1.89431069e-09
  4.20329338e-03  6.88830166e-03 -1.46072521e-09 -3.98858606e-10
 -1.93340598e-09 -1.63625189e-09 -1.71974488e-09 -1.07142701e-09
 -1.78921039e-09 -1.51841139e-09 -1.12324441e-09 -2.20179880e-09
  6.67248785e-02  2.63861351e-08  2.14499102e-08 -1.64341033e-09
 -8.55617184e-10 -2.14574370e-09 -2.18872223e-09 -2.14562142e-09
 -4.65389069e-10 -1.30763873e-09  2.74275493e-09  8.19321085e-02
  7.09801756e-03 -2.08049236e-09  4.57522796e-09 -2.02560543e-09
 -2.03800574e-09 -2.31885769e-09  1.89640450e-09 -1.67714001e-09
 -1.18357320e-09  1.63002658e-02 -1.74781492e-09 -8.55398176e-10
  7.70562288e-09 -1.81245379e-09 -2.13448925e-09  3.47697023e-02
 -2.02228862e-09 -8.94133902e-10 -1.91458751e-09 -1.30709591e-09
  7.63841001e-02 -1.71257668e-09  3.46101954e-09 -1.69067629e-09
 -1.07332302e-09 -1.75412623e-09  3.21129728e-08]
