Finished before time limit.
Obj: -0.40538905088201316
SolTime: 2.0994653701782227

Upper level solution: [ 4.79060934e-02  2.91656647e-02  6.24929529e-14  1.55140251e-02
  2.77429440e-12  2.91705367e-02  4.78648875e-02  2.91775930e-02
  5.05105489e-12  1.10799981e-02  4.11577413e-02  1.11373830e-02
  7.21144334e-05  2.91234290e-02  2.59954352e-12  1.10884804e-02
  3.33385122e-02  3.15792592e-02  3.33815553e-02  1.11439275e-02
  5.32136106e-14  1.54411468e-02  4.11006371e-02  3.15599361e-02
 -1.53454444e-13  3.15570831e-02  4.10966597e-02  1.54431447e-02
  5.25623850e-14  1.11411584e-02  3.33730082e-02  3.15714897e-02
  3.33313513e-02  1.10961906e-02  2.47857565e-12  2.91333243e-02
  7.23663609e-05  1.11319613e-02  4.11502001e-02  1.10728804e-02
  1.27877378e-11  2.91907515e-02  4.78662336e-02  2.91751868e-02
  2.91058596e-12  1.55219169e-02  6.49925004e-14  2.91653801e-02
  4.79067919e-02]
