Finished before time limit.
Obj: -0.4053897036441896
SolTime: 31.033234119415283
It. number: 937

Upper level solution: [4.79161988e-02 2.91784391e-02 1.50216525e-10 1.55240683e-02
 2.13770041e-10 2.91452025e-02 4.78521173e-02 2.91753824e-02
 1.21826999e-09 1.10804098e-02 4.11481836e-02 1.11573145e-02
 7.81961320e-05 2.91042656e-02 2.00045311e-10 1.10789035e-02
 3.33341803e-02 3.15756017e-02 3.33845446e-02 1.11829802e-02
 1.44095999e-10 1.54417434e-02 4.10809030e-02 3.15501507e-02
 4.10807857e-11 3.15584025e-02 4.11019323e-02 1.54409495e-02
 1.42620226e-10 1.11450992e-02 3.33889805e-02 3.15597847e-02
 3.33388201e-02 1.10980141e-02 1.96973116e-10 2.91287279e-02
 8.12940317e-05 1.11335169e-02 4.11411306e-02 1.10693856e-02
 2.10186741e-09 2.91873872e-02 4.78584564e-02 2.91855511e-02
 2.17934156e-10 1.55301697e-02 1.48409549e-10 2.91530505e-02
 4.79105571e-02]
