Finished before time limit.
Obj: -0.405389050882206
SolTime: 1.602531909942627
It. number: 0
Percent. inner: 0.0

Upper level solution: [ 4.79060934e-02  2.91656647e-02 -1.96711321e-15  1.55140251e-02
  3.42749964e-12  2.91705367e-02  4.78648875e-02  2.91775930e-02
  1.57723329e-12  1.10799982e-02  4.11577413e-02  1.11373830e-02
  7.21144357e-05  2.91234290e-02  3.20243478e-12  1.10884804e-02
  3.33385122e-02  3.15792592e-02  3.33815553e-02  1.11439275e-02
 -6.22246166e-15  1.54411468e-02  4.11006371e-02  3.15599361e-02
 -9.50077875e-14  3.15570832e-02  4.10966597e-02  1.54431447e-02
 -7.77921329e-15  1.11411584e-02  3.33730082e-02  3.15714897e-02
  3.33313513e-02  1.10961905e-02  3.13696132e-12  2.91333243e-02
  7.23663654e-05  1.11319613e-02  4.11502001e-02  1.10728804e-02
  2.66843070e-11  2.91907515e-02  4.78662336e-02  2.91751868e-02
  3.51598443e-12  1.55219169e-02 -2.66423389e-15  2.91653801e-02
  4.79067919e-02]
