Finished before time limit.
Obj: -0.4053901788617331
SolTime: 587.6708171367645
It. number: 861

Upper level solution: [4.78915893e-02 2.91960851e-02 4.85770915e-10 1.55308873e-02
 6.91490741e-10 2.91120790e-02 4.78393404e-02 2.91150253e-02
 3.96335410e-09 1.11317568e-02 4.11550092e-02 1.12084807e-02
 5.64099744e-05 2.90663344e-02 6.46488250e-10 1.10661253e-02
 3.33729842e-02 3.15510602e-02 3.34266416e-02 1.11715728e-02
 4.65863170e-10 1.54278902e-02 4.10779812e-02 3.15311563e-02
 1.32861332e-10 3.15715323e-02 4.11098248e-02 1.54538674e-02
 4.61464892e-10 1.11116315e-02 3.33434756e-02 3.15765138e-02
 3.33116019e-02 1.11372227e-02 6.37578156e-10 2.92043359e-02
 6.96808220e-05 1.10887380e-02 4.11311313e-02 1.10429609e-02
 6.68346915e-09 2.92405068e-02 4.79193352e-02 2.92201077e-02
 7.04936604e-10 1.55056926e-02 4.80134625e-10 2.91349838e-02
 4.78984327e-02]
