Obj value returned by the solver: 345.8095467522586
Obj: 345.8095467522586
Obj value computed with solution variables: 23
SolTime: 0.11795210838317871
Q matrix recovered: [[1.32528137 0.94811193 1.3101521  1.85238913 1.76975688]
 [0.94811193 1.82769018 1.21366823 0.97760629 0.19079024]
 [1.3101521  1.21366823 1.54119867 1.62215134 0.28245733]
 [1.85238913 0.97760629 1.62215134 0.72953737 0.95446855]
 [1.76975688 0.19079024 0.28245733 0.95446855 1.62996896]]
q vector recovered: [2.34599345 0.92189367 1.98619979 0.66141733 3.23947173]
Scalar c recovered: [3.3677946]

*********CP**********
Obj value: 345.8097298
SolTime: 1.55176
Q matrix: :      1          2          3          4          5        :=
1   1.3254     0.948115   1.31017    1.85235    1.76975
2   0.948115   1.8277     1.21367    0.977613   0.190797
3   1.31017    1.21367    1.54122    1.62214    0.282464
4   1.85235    0.977613   1.62214    0.729691   0.954484
5   1.76975    0.190797   0.282464   0.954484   1.63
;
q vextor:
1   2.34595   
2   0.921878  
3   1.98618   
4   0.661356  
5   3.23945

scalar c: 3.36782
