Finished before time limit.
Obj: -0.3000142084325128
SolTime: 31.316964864730835

Upper level solution: [0.01437953 0.01396818 0.01116775 0.01047711 0.00954673 0.00987713
 0.00988009 0.00956462 0.0105261  0.0111415  0.0139339  0.01431609
 0.01544701 0.0100926  0.01158785 0.01112449 0.00907925 0.00642995
 0.00643877 0.00907386 0.01112885 0.01163662 0.0100748  0.01541454
 0.01494182 0.01269289 0.0098118  0.00823269 0.00780788 0.00636328
 0.00634033 0.00781287 0.00822365 0.00982197 0.01274802 0.01490728
 0.01749324 0.01384818 0.00866016 0.00409815 0.00487742 0.00800159
 0.00801545 0.00486025 0.00410625 0.00865453 0.01384818 0.01752522
 0.01752259 0.01385811 0.00865886 0.0041101  0.00485468 0.00801459
 0.00800121 0.00488161 0.0040943  0.00865477 0.01383869 0.01749798
 0.01490238 0.01274042 0.00983315 0.00822174 0.00781146 0.00634125
 0.00636179 0.00780955 0.0082341  0.00980103 0.01270207 0.01494576
 0.01542052 0.01007217 0.01162593 0.01113763 0.00906815 0.00644148
 0.0064262  0.00908439 0.01111613 0.01160081 0.01009489 0.01544025
 0.01431623 0.01393502 0.01113768 0.01051503 0.0095679  0.00987621
 0.00988171 0.00954281 0.01049123 0.01116955 0.01396762 0.01437784]
