Finished before time limit.
Obj: -0.3000147740591288
SolTime: 1194.134447813034
It. number: 4138

Upper level solution: [0.01438927 0.01396838 0.01116504 0.01047304 0.00954819 0.00987418
 0.00987548 0.00956615 0.010528   0.01114014 0.013934   0.01431517
 0.01545201 0.01008904 0.01158777 0.01112641 0.00907937 0.00642638
 0.00644208 0.00906547 0.01113511 0.01163424 0.01007555 0.0154157
 0.01494085 0.01269141 0.0098134  0.00823069 0.00781201 0.00635762
 0.00634133 0.00781712 0.00822473 0.0098228  0.01274581 0.01490723
 0.0174871  0.01385172 0.00866366 0.00409655 0.00487857 0.00800714
 0.00801737 0.00486058 0.00410375 0.00865613 0.01384769 0.01752187
 0.01751788 0.01386244 0.0086617  0.00411217 0.00484767 0.00801594
 0.00800069 0.00488471 0.00408653 0.0086508  0.01383576 0.0175069
 0.0148955  0.01273999 0.0098316  0.0082304  0.00780983 0.00634428
 0.00636473 0.00780029 0.00824382 0.00980072 0.01270039 0.01494649
 0.01542248 0.0100732  0.01162461 0.01112959 0.00907171 0.00643323
 0.00643329 0.00908039 0.01111664 0.01160727 0.01009267 0.01544246
 0.01431494 0.01393228 0.01113544 0.01051519 0.00957022 0.00987406
 0.00988634 0.00954003 0.01048839 0.01116806 0.01397451 0.01437846]
