Time limit reached.
Obj: -0.3000152145925483
Upper bound: [-0.30000974]
SolTime: 18006.219596385956
It. number: 3601

Upper level solution: [0.01437821 0.01396505 0.01117526 0.01047603 0.00954567 0.00986881
 0.00989949 0.00956422 0.01051281 0.01112754 0.01394998 0.01431439
 0.01543795 0.01009263 0.01159449 0.0111321  0.00907111 0.00642844
 0.00643518 0.00907981 0.01112434 0.01164343 0.01005174 0.01543853
 0.01491841 0.01272863 0.00980134 0.00821694 0.00782036 0.00636756
 0.00632721 0.00783173 0.00821725 0.00982092 0.01276483 0.01489184
 0.01750688 0.01384687 0.00864753 0.00409741 0.00489043 0.00800084
 0.0080258  0.00484261 0.00409711 0.00865823 0.0138603  0.01751354
 0.01752427 0.01386983 0.00863672 0.00410904 0.00484201 0.00803046
 0.0079821  0.00489108 0.00408662 0.00867302 0.01382686 0.01750713
 0.01487563 0.01274447 0.00984109 0.00822483 0.00781343 0.00636373
 0.00635598 0.00780272 0.00824298 0.0098091  0.01271537 0.01492723
 0.01544955 0.01005014 0.01163587 0.01112714 0.00907202 0.00643067
 0.00644366 0.00907632 0.01111348 0.01160621 0.01008901 0.01543354
 0.0143145  0.01393966 0.01113974 0.01051304 0.00957811 0.00986115
 0.00987755 0.00953805 0.01049736 0.01115706 0.01395408 0.01440457]
