Finished before time limit.
Obj: 1.8122486861085008
SolTime: 696.3285501003265

Upper level solution: [ 1.00930129e-01 -2.65837363e-10  9.30956379e-02 -5.15617262e-10
 -2.70149649e-10 -4.43604539e-10 -1.96496797e-10  5.13446598e-10
 -3.51068733e-10  1.50038845e-09  5.70852248e-02 -2.87161405e-10
 -1.19370862e-11  4.00366627e-02  1.80704163e-02 -3.21285754e-10
 -1.11591476e-10 -4.52690588e-10 -4.46457046e-10  8.14894809e-10
  8.25953717e-12 -5.41470514e-10  5.31862320e-10 -1.36940211e-10
 -4.69837321e-10 -5.32462988e-10 -4.13990428e-10 -5.52792930e-10
 -3.97678579e-10 -2.45662221e-10 -4.60882965e-10 -2.98132201e-10
  3.17043018e-09  1.67647066e-02  4.99723065e-11 -5.42680897e-10
 -2.55779197e-10  1.38067045e-01  1.63535612e-01  1.46032305e-02
  6.40828492e-02 -4.85023085e-10 -3.82150449e-10  6.53211247e-02
  1.09638625e-03  8.03390464e-09  5.72350070e-04 -3.90190504e-10
 -3.19824949e-10  1.97199737e-09  1.35680979e-02 -2.61779752e-10
  2.16049269e-10 -4.99952420e-11  1.56055256e-10  7.00613016e-02
  6.59575211e-10  9.86140630e-02  5.17845541e-10 -5.67306647e-10
 -5.94410349e-10  4.44951559e-02 -1.80301438e-10  1.37624455e-10]
