Finished before time limit.
Obj: 1.8122485818099077
SolTime: 777.4300012588501
It. number: 36

Upper level solution: [ 1.00881649e-01 -2.56302610e-10  9.32001592e-02 -4.49494198e-10
 -2.30184439e-10 -3.86845098e-10 -1.97416696e-10  4.67872328e-10
 -3.23007534e-10  1.49878413e-09  5.69806503e-02 -2.34086671e-10
 -1.38028322e-11  4.00003391e-02  1.81730365e-02 -2.83117384e-10
 -1.02562153e-10 -4.01812054e-10 -3.93840843e-10  7.87537085e-10
  1.32229489e-11 -4.70239092e-10  3.80482740e-10 -8.61563813e-11
 -4.05899783e-10 -4.62729549e-10 -3.57632250e-10 -4.77984155e-10
 -3.57581713e-10 -2.40282377e-10 -4.05463471e-10 -2.75447974e-10
  2.28339446e-09  1.67552004e-02  2.67174661e-11 -4.72133484e-10
 -2.12948044e-10  1.38060498e-01  1.63488075e-01  1.46990669e-02
  6.41289834e-02 -4.25789952e-10 -3.07184898e-10  6.53332338e-02
  1.04925200e-03  8.54560111e-09  5.74919765e-04 -3.17676137e-10
 -2.97928288e-10  1.59496311e-09  1.36477496e-02 -2.54295454e-10
  1.18450580e-10 -9.27816930e-11  6.70237995e-11  7.00130168e-02
  6.58419172e-10  9.85073521e-02  1.15556504e-09 -4.82985295e-10
 -5.10958345e-10  4.45068097e-02 -1.87653927e-10  1.89718060e-10]
