Finished before time limit.
Obj: 1.812243726349962
SolTime: 547.305732011795
It. number: 25

Upper level solution: [1.01286863e-01 8.40930068e-11 9.32420555e-02 3.96820025e-11
 8.83159400e-11 3.98044912e-11 1.14227609e-10 4.50252176e-10
 4.63897451e-11 6.57141128e-10 5.69124729e-02 8.69746748e-11
 9.79690520e-11 3.98544354e-02 1.80561477e-02 6.13741783e-11
 8.17054844e-11 3.43928214e-11 3.98641802e-11 1.75400223e-10
 1.68978922e-10 2.30423118e-11 8.58012132e-11 8.09879959e-11
 5.79904422e-11 2.79522429e-11 5.60711762e-11 2.55356480e-11
 6.07854979e-11 7.72853753e-11 4.56629409e-11 7.61933118e-11
 1.03292464e-10 1.70513809e-02 9.28480302e-11 2.66254118e-11
 5.49627934e-11 1.38594767e-01 1.63527850e-01 1.49440396e-02
 6.40642866e-02 3.56107630e-11 6.87902943e-11 6.52952063e-02
 9.30773832e-04 1.80766552e-10 7.78266739e-04 5.93353143e-11
 7.61350046e-11 3.74337322e-10 1.33683165e-02 9.93577376e-11
 3.42428640e-10 2.01762468e-10 1.14332510e-10 6.97362215e-02
 3.15420135e-10 9.81368970e-02 2.42767384e-08 2.95152443e-11
 2.02413453e-11 4.42199897e-02 1.19701476e-10 2.16326361e-10]
