Finished before time limit.
Obj: 397.5907766184682
Average LSE = 0.09939769415461705
SolTime: 0.6869328022003174

Q matrix recovered: [[ 4.76337377  0.9617296   1.79146366 -0.4825415   0.78663018  1.80292029
   1.16246396 -0.32649135 -1.51277435  0.81868761]
 [ 0.9617296   5.24996347  0.25261594 -0.20140287 -0.27886771 -1.28839327
  -0.53560478  2.11333825  0.98777371  1.14055752]
 [ 1.79146366  0.25261594  3.2359279   0.37604006  0.70346857  0.58229982
  -0.68130198  0.81231284 -1.51928266  0.75873902]
 [-0.4825415  -0.20140287  0.37604006  2.53829853  1.24875407  0.24111623
  -1.14017795  1.55122993 -0.35002286 -0.92457668]
 [ 0.78663018 -0.27886771  0.70346857  1.24875407  1.83461067  0.97979946
  -0.43580182  0.23310244  0.16053779 -0.44594352]
 [ 1.80292029 -1.28839327  0.58229982  0.24111623  0.97979946  2.98543499
   0.48121826 -0.76397783 -0.97526097  0.70639153]
 [ 1.16246396 -0.53560478 -0.68130198 -1.14017795 -0.43580182  0.48121826
   2.84249661 -1.06206856 -1.11053625  0.1975799 ]
 [-0.32649135  2.11333825  0.81231284  1.55122993  0.23310244 -0.76397783
  -1.06206856  2.91751845 -0.39165257 -0.01442548]
 [-1.51277435  0.98777371 -1.51928266 -0.35002286  0.16053779 -0.97526097
  -1.11053625 -0.39165257  3.20720496 -0.4649462 ]
 [ 0.81868761  1.14055752  0.75873902 -0.92457668 -0.44594352  0.70639153
   0.1975799  -0.01442548 -0.4649462   2.23570247]]
q vector recovered: [-1.61358825 -0.92280838 -0.47838326  0.64168469  0.83070248 -0.30332738
 -1.30216965  0.11936477  0.38252739  0.3332841 ]
Scalar c recovered: [0.59848259]
