Finished before time limit.
Obj: -0.32466951980636694
SolTime: 351.316752910614
It. number: 2637

Upper level solution: [1.69271348e-02 2.30901778e-02 1.32705075e-02 9.85158451e-03
 1.39246236e-02 9.84618247e-03 1.16940932e-02 2.30690016e-02
 1.90290137e-02 2.30965519e-02 5.85282644e-03 4.67306218e-03
 1.69084281e-02 1.53579942e-02 1.63933965e-02 4.67513991e-03
 6.42129045e-03 2.30676153e-02 1.32671192e-02 4.67003114e-03
 9.49549847e-03 1.76548020e-02 1.22636036e-02 1.76801919e-02
 1.11124103e-02 4.68755977e-03 1.16567130e-02 9.84902048e-03
 1.69077157e-02 1.76729838e-02 6.30940520e-03 2.25319456e-10
 4.20490035e-03 1.76760735e-02 1.63986736e-02 9.83297634e-03
 1.39220335e-02 1.53562496e-02 1.22303666e-02 2.28068386e-10
 9.79126046e-11 2.28102908e-10 1.22294249e-02 1.53569101e-02
 1.39184557e-02 9.84420057e-03 1.63929857e-02 1.76768369e-02
 4.20167675e-03 2.25340281e-10 6.32305766e-03 1.76751321e-02
 1.69073250e-02 9.83110294e-03 1.16627060e-02 4.67360667e-03
 1.11153098e-02 1.76723462e-02 1.22511703e-02 1.76713763e-02
 9.49778269e-03 4.64636029e-03 1.32976809e-02 2.30684529e-02
 6.42515428e-03 4.67479962e-03 1.63900687e-02 1.53625776e-02
 1.69131096e-02 4.65817109e-03 5.86964412e-03 2.30965144e-02
 1.90239097e-02 2.30693834e-02 1.17006552e-02 9.84282850e-03
 1.39195026e-02 9.83290017e-03 1.32843810e-02 2.30817310e-02
 1.69438155e-02]
