Finished before time limit.
Obj: -0.3246689486761748
SolTime: 15.428821086883545
It. number: 0

Upper level solution: [ 1.69455293e-02  2.30801786e-02  1.32652363e-02  9.84902073e-03
  1.39299554e-02  9.85225660e-03  1.16884964e-02  2.30632114e-02
  1.90297872e-02  2.30943422e-02  5.85805873e-03  4.66795185e-03
  1.69106741e-02  1.53588819e-02  1.63958303e-02  4.67058547e-03
  6.42040432e-03  2.30726896e-02  1.32704084e-02  4.66801505e-03
  9.49981777e-03  1.76602964e-02  1.22563388e-02  1.76778365e-02
  1.11184657e-02  4.67657708e-03  1.16620681e-02  9.84208586e-03
  1.69167017e-02  1.76648283e-02  6.30923088e-03  1.20175787e-09
  4.19899831e-03  1.76805784e-02  1.63970770e-02  9.83548734e-03
  1.39179561e-02  1.53535854e-02  1.22290566e-02  1.23809725e-09
 -4.78413502e-10  1.23855048e-09  1.22329114e-02  1.53542607e-02
  1.39108968e-02  9.84627597e-03  1.64008942e-02  1.76825735e-02
  4.19924984e-03  1.20210012e-09  6.31691371e-03  1.76765468e-02
  1.69170911e-02  9.83384334e-03  1.16639212e-02  4.66987202e-03
  1.11156188e-02  1.76754492e-02  1.22615457e-02  1.76709134e-02
  9.49311038e-03  4.65119687e-03  1.32890529e-02  2.30636262e-02
  6.42523954e-03  4.67576898e-03  1.63904687e-02  1.53603632e-02
  1.69106066e-02  4.65131812e-03  5.87930815e-03  2.30937655e-02
  1.90283470e-02  2.30665259e-02  1.16955637e-02  9.84186340e-03
  1.39191142e-02  9.83978938e-03  1.32865450e-02  2.30806634e-02
  1.69404790e-02]
