Finished before time limit.
Obj: -0.3246700209242377
SolTime: 4544.50733089447
It. number: 2323

Upper level solution: [1.69471440e-02 2.30761221e-02 1.32543589e-02 9.85076740e-03
 1.39415321e-02 9.85158140e-03 1.16709409e-02 2.30720331e-02
 1.90417877e-02 2.31041832e-02 5.85161901e-03 4.66954381e-03
 1.69056759e-02 1.53652227e-02 1.63879085e-02 4.67705168e-03
 6.41913715e-03 2.30735493e-02 1.32709868e-02 4.67629827e-03
 9.49914330e-03 1.76542134e-02 1.22572855e-02 1.76637880e-02
 1.11214674e-02 4.66858016e-03 1.16723199e-02 9.82970938e-03
 1.69185638e-02 1.76660588e-02 6.31348209e-03 1.47004695e-10
 4.20369686e-03 1.76757268e-02 1.63913334e-02 9.83068458e-03
 1.39086445e-02 1.53641800e-02 1.22351179e-02 1.48801449e-10
 6.39373648e-11 1.48826874e-10 1.22459489e-02 1.53497871e-02
 1.39015345e-02 9.85229752e-03 1.64077166e-02 1.76935895e-02
 4.19878969e-03 1.47057770e-10 6.30418857e-03 1.76779994e-02
 1.69178109e-02 9.84014291e-03 1.16578941e-02 4.66947852e-03
 1.11181974e-02 1.76811805e-02 1.22653925e-02 1.76657903e-02
 9.49509968e-03 4.65379741e-03 1.32842138e-02 2.30682466e-02
 6.40747422e-03 4.68275267e-03 1.63904337e-02 1.53517308e-02
 1.69215816e-02 4.65561729e-03 5.87393346e-03 2.30889930e-02
 1.90222209e-02 2.30601943e-02 1.16937224e-02 9.83688112e-03
 1.39238703e-02 9.83279155e-03 1.32918872e-02 2.30938660e-02
 1.69415126e-02]
