Obj value returned by the CP solver: 382.1672104533376
Average LSE = 0.09554180261333439SolTime: 4469.700923204422
It. number: 17
Q matrix recovered: [ 5.19607572e+00 -9.86794237e-01  1.94844329e-01  2.72810447e+00
  1.75615871e-01 -5.59601544e-01  7.02475337e-01  7.37740574e-02
 -1.46324959e+00 -5.99345559e-01 -1.35516891e+00  9.53294258e-01
 -3.00325034e+00 -9.86794237e-01  4.90900937e+00  8.57292576e-02
 -3.77486833e-01 -7.17929152e-02  6.33555321e-02  2.01816056e+00
 -1.16417874e+00  2.32663041e-01  8.19543435e-01  1.15100478e+00
 -8.01770514e-01 -1.02367622e+00  1.94844329e-01  8.57292576e-02
  5.54392131e+00  2.15899339e+00  1.43493410e+00  1.23650769e+00
  1.12200365e+00 -1.03390112e+00 -3.34069958e-01 -3.73235706e-01
 -1.05625047e+00  2.44098343e+00 -1.52557574e+00  2.72810447e+00
 -3.77486833e-01  2.15899339e+00  4.96131751e+00  1.92001653e+00
 -5.44396428e-01 -3.03121503e-01 -1.30344283e+00 -5.29894505e-01
  4.21433844e-02  2.74821802e-01  5.11591325e-01 -1.84188303e+00
  1.75615871e-01 -7.17929152e-02  1.43493410e+00  1.92001653e+00
  5.10438373e+00 -1.45624530e+00 -6.59542967e-02  1.68746659e-03
 -2.26515761e+00  2.31287220e+00 -9.54297058e-01  4.04560290e-01
 -7.14291088e-01 -5.59601544e-01  6.33555321e-02  1.23650769e+00
 -5.44396428e-01 -1.45624530e+00  5.21463334e+00  1.66722563e-01
 -2.01761564e+00  1.95613146e+00 -1.62350507e+00  1.33726265e+00
  2.05066817e+00 -4.28004978e-02  7.02475337e-01  2.01816056e+00
  1.12200365e+00 -3.03121503e-01 -6.59542967e-02  1.66722563e-01
  3.40842153e+00 -8.62636689e-01 -2.92142492e-01  7.23444007e-01
  2.34314683e-01  9.33555635e-01 -4.72804220e-01  7.37740574e-02
 -1.16417874e+00 -1.03390112e+00 -1.30344283e+00  1.68746659e-03
 -2.01761564e+00 -8.62636689e-01  4.61155568e+00 -2.80827204e+00
  2.44444070e-01 -1.85461315e+00 -1.23278641e+00  1.60851837e+00
 -1.46324959e+00  2.32663041e-01 -3.34069958e-01 -5.29894505e-01
 -2.26515761e+00  1.95613146e+00 -2.92142492e-01 -2.80827204e+00
  3.75973390e+00 -1.25201355e+00  1.72159941e+00 -1.34163903e-01
 -5.83011177e-01 -5.99345559e-01  8.19543435e-01 -3.73235706e-01
  4.21433844e-02  2.31287220e+00 -1.62350507e+00  7.23444007e-01
  2.44444070e-01 -1.25201355e+00  3.32207104e+00 -7.16428578e-01
 -1.22941704e-01  8.61245755e-01 -1.35516891e+00  1.15100478e+00
 -1.05625047e+00  2.74821802e-01 -9.54297058e-01  1.33726265e+00
  2.34314683e-01 -1.85461315e+00  1.72159941e+00 -7.16428578e-01
  3.96638703e+00 -6.23875889e-01  1.33992011e+00  9.53294258e-01
 -8.01770514e-01  2.44098343e+00  5.11591325e-01  4.04560290e-01
  2.05066817e+00  9.33555635e-01 -1.23278641e+00 -1.34163903e-01
 -1.22941704e-01 -6.23875889e-01  4.64954690e+00  5.52882460e-01
 -3.00325034e+00 -1.02367622e+00 -1.52557574e+00 -1.84188303e+00
 -7.14291088e-01 -4.28004978e-02 -4.72804220e-01  1.60851837e+00
 -5.83011177e-01  8.61245755e-01  1.33992011e+00  5.52882460e-01
  5.86387236e+00]
q vector recovered: [-0.97747517 -1.55810526  0.58112529 -0.20209237  0.97601443 -0.44471159
  0.37912925 -1.00636764  0.55806651  0.78091735 -0.26678996 -0.3346197
  0.39882982]
Scalar c recovered: [1.1546143]
