Obj: 3.4434589597454828
SolTime: 22.131978034973145
Upper level solution: [ 1.47395312e-08  7.02008546e-10  2.09418767e-04  8.90644857e-10
  3.20577363e-09  1.73107983e-02  5.71133750e-02  1.50563552e-02
  1.83729595e-02 -1.22038380e-10  2.91329205e-02  1.66565608e-02
  1.82837457e-08  5.14577713e-10  8.06876520e-10  1.31336058e-09
  5.50507822e-09  8.81166408e-10  3.30792686e-02 -1.77412513e-10
 -2.15825436e-10  7.85216061e-11 -2.24684624e-10  1.45420784e-10
  8.87180212e-08  6.21835691e-02  1.11748541e-02  5.45818620e-04
  1.15335330e-09  5.03439078e-02  2.89970545e-02  2.10043286e-02
  1.48865717e-09  1.91521250e-10  1.55697882e-02  9.22748499e-09
  2.68534480e-09  1.24850941e-10  8.47313491e-10  4.89872696e-02
  3.52562864e-09  1.38387328e-09  5.71337753e-08  4.66774445e-09
  2.65535951e-02  7.70736166e-02  1.94105061e-09  8.98477365e-10
  7.40055412e-10  4.44653810e-09 -5.27653001e-11  1.08639645e-02
  2.14170551e-10  5.11946889e-03  5.13618612e-02  4.04945066e-02
  3.70067657e-09  3.53664729e-09 -2.47803743e-10  3.52585431e-11
  4.77479931e-08  1.72394200e-09  5.05371862e-02 -1.86871905e-10
  8.20495407e-03  2.42745882e-08  7.03014264e-02  1.18716278e-09
  3.19701325e-02  2.05014046e-10  8.29148503e-10  1.16832608e-02
  8.47979630e-10  3.37443745e-09  4.64727978e-03  8.77468408e-10
  1.92977121e-09  5.31239423e-02  5.72901295e-10  1.02907784e-01
  2.94184569e-02]
