Obj value returned by the solver: 903.44467279552
Obj value computed with solution variables: [903.44467311]
Average LSE = 0.22586116819888SolTime: 0.349761962890625
Q matrix recovered: [[ 1.7055012   0.9218488   0.38548791  0.96572299 -0.43718839  0.75934233
  -0.80682114 -0.11655674  0.08403461 -0.83963173 -0.37687648 -0.31525531
  -0.3250804 ]
 [ 0.9218488   1.63065581 -0.84690298  0.10054273  0.03448663  1.05234189
  -0.39852376 -0.79360743  0.86136396  0.38447367 -0.23318896 -0.5096532
  -0.65707989]
 [ 0.38548791 -0.84690298  2.14269968  0.86716465 -0.19388846 -0.32908733
  -0.59396986  1.23857283 -0.91573885 -0.84812312 -0.329254   -0.49307636
   0.48762922]
 [ 0.96572299  0.10054273  0.86716465  3.09686501 -1.09319144 -0.23339115
  -0.10846483 -0.7575084   0.11977577 -0.76197788 -1.10545924  0.05329814
   0.82805422]
 [-0.43718839  0.03448663 -0.19388846 -1.09319144  1.48531123 -0.50113038
  -0.07763401  0.29557396  0.14965973  0.60363452 -0.47181442  0.52327855
  -0.88360224]
 [ 0.75934233  1.05234189 -0.32908733 -0.23339115 -0.50113038  1.79442346
  -0.38604891 -0.30302614  0.63166432 -0.02580973  0.83843041 -1.15929161
  -0.45395346]
 [-0.80682114 -0.39852376 -0.59396986 -0.10846483 -0.07763401 -0.38604891
   0.84949716 -0.10931631  0.00934542  0.30773312  0.33922766  0.41340458
   0.31866526]
 [-0.11655674 -0.79360743  1.23857283 -0.7575084   0.29557396 -0.30302614
  -0.10931631  2.19779729 -0.83766031 -0.34782658 -0.20443714 -0.43854994
   0.9054629 ]
 [ 0.08403461  0.86136396 -0.91573885  0.11977577  0.14965973  0.63166432
   0.00934542 -0.83766031  0.99927349  0.62189314 -0.34426455 -0.21461504
  -0.17577142]
 [-0.83963173  0.38447367 -0.84812312 -0.76197788  0.60363452 -0.02580973
   0.30773312 -0.34782658  0.62189314  1.1246961  -0.21024409 -0.10766958
  -0.071502  ]
 [-0.37687648 -0.23318896 -0.329254   -1.10545924 -0.47181442  0.83843041
   0.33922766 -0.20443714 -0.34426455 -0.21024409  2.14467325 -0.30204669
  -0.86050693]
 [-0.31525531 -0.5096532  -0.49307636  0.05329814  0.52327855 -1.15929161
   0.41340458 -0.43854994 -0.21461504 -0.10766958 -0.30204669  1.42288672
  -0.42295242]
 [-0.3250804  -0.65707989  0.48762922  0.82805422 -0.88360224 -0.45395346
   0.31866526  0.9054629  -0.17577142 -0.071502   -0.86050693 -0.42295242
   2.2655075 ]]
q vector recovered: [ 0.0976024  -0.39442509  0.51257522  0.94665796 -0.50346372 -0.3205748
 -2.46736615 -2.63658391 -0.01823952 -1.04801776 -4.14348576 -2.66597428
  0.19514768]
Scalar c recovered: [11.94254746]
